Shannon_Entropy
1.4387586809150081
1.8804820237218407
1.509968612636817
1.7205078555163835
1.5683182557028439
1.7622986436769041
1.2639334294856335
0.41381685030363374
0.7732283485249176
1.3787834934861753
1.3699740752745009
1.272905595320056
0.8739810481273578
1.0529815751302694
1.3216069583883467
1.7147202632688487
1.3355055565170972
1.8787271036564663
1.481265172199813
1.647351814444994
1.4505820084462417
1.2577148214953864
1.0892300788425848
1.7336606896881859
1.5053128791540096
1.0746314749738703
1.675143246409987
1.3784188527203236
1.5813432267683
1.497385205007079
1.473186467992721
1.7160031062702905
1.5739889616503064
1.6828038821929163
1.439254017211876
1.6456780552463373
1.4166422780956525
1.6382533594712747
0.7653636126766978
1.7152791759669173
1.6256051990169438
1.4606079314047369
1.272905595320056
1.6163485660751644
1.7436020828700112
1.8319503916046935
1.5626880393039078
0.8708644692353644
1.562688039303908
1.738524844522861
1.7232314287976207
1.7423773993623526
1.402081402756032
1.6654328359334565
0.39124356362925566
1.287054028118727
1.3012407854814618
1.837257041553146
1.6783898247235196
1.4197367178034825
1.496065911543853
1.6627992560224794
1.7120954362128464
1.2577148214953864
1.4256051990169436
1.5709505944546687
1.6879410452364207
2.219400679426145
1.5943029514736249
1.97355611232775
1.6804530247303398
1.4114778252023852
1.993889614921999
1.0892300788425848
1.5990919739558995
1.599199526102507
1.516623811079363
1.3752793655393791
0.8960382325345574
1.5294283316328894
0.0
1.7295290545023005
1.3328204045850196
1.295659529821394
0.9864267287308424
1.103307408607834
1.8766144718101818
1.8407554054130024
1.3382689280764646
0.7732283485249176
0.9182958340544896
1.3699740752745009
1.3716407621868583
1.4614828307119232
0.39124356362925566
1.5002723456084084
1.60615019203268
1.3716407621868583
1.5045855303044375
1.730242340656556
1.4716022614097979
1.73618382954104
1.3444861960096064
1.2332247882202196
1.4516607643577668
0.8343470230852538
1.740653050325335
1.5617677112802777
0.6500224216483541
1.1771245697587873
1.2516291673878228
1.6163485660751644
1.5231487716667154
1.7301633433698589
1.1635402011210707
0.6193821946787638
1.667951197198645
1.4516607643577668
1.6023165585055519
1.7718869065174547
1.9369115747150838
1.3752793655393791
1.612197222702993
1.6577427265048887
1.5154241592897058
1.5645247207974509
1.683240358011977
0.8929427417665807
1.578897902987479
0.7219280948873623
1.3361602543738118
1.8521834201914102
0.39124356362925566
1.0389205950315936
1.2344977967946407
0.7793498372920851
1.3367053154036126
1.5
1.6424239617719751
0.4854607607459134
1.3472230399326601
1.7601553465802904
1.9468642921079098
1.3716407621868583
1.7762806729942018
1.6166422780956524
1.6913501702383558
1.7264892117991657
1.0389205950315936
1.8885105964272468
1.3328204045850196
0.7732283485249176
1.8740217065543314
1.939402453172147
1.404678473063571
0.9852281360342515
1.4716022614097979
1.683240358011977
1.7589385323502773
1.5016144718101818
1.55613598076542
1.4716022614097979
1.1625336732554152
1.0389205950315936
1.5700578392573044
1.5775967043075598
1.0892300788425848
1.4247346189316263
1.3699740752745009
0.0
1.4554087549714843
1.311278124459133
1.5610568385545545
1.8400837592991006
1.7136037764193532
1.402081402756032
1.6912539120823422
0.5665095065529053
1.813983606387077
1.5166422780956523
1.6391183950780281
0.8904916402194913
1.8016094970590273
0.9182958340544896
1.5693078231812958
1.6264203920133888
1.159554752378731
1.1237407757619176
1.48514417792668
1.6075006134739045
1.6340649724200549
1.8951254819488386
1.5013579287098409
1.9854752972273344
1.6340649724200549
1.8832350024491433
1.6016812830583902
1.311278124459133
0.9852281360342515
1.7164338140800501
1.2060026902433667
1.522189872165821
0.8683927290103626
1.9999579182889273
1.7224945678306307
1.6589797521242051
1.5166422780956523
0.74959525725948
1.3701635095276021
1.4294732983598406
1.6605332770550814
0.39124356362925566
1.6234651896016474
1.595461844238322
1.7730114897389875
1.6052067078749124
1.5033529773639762
1.547897627500467
1.8429078545765152
1.4749935568721737
1.1488348542809166
1.49692754611459
1.6644977792004616
1.4108478748063633
1.6019431074952406
1.8282344370732122
1.8282344370732122
1.5919171866886992
1.7004397181410922
1.515789584174682
0.8501514254479945
1.5970008216693459
0.9405662399881731
1.7709505944546686
1.2366407419411674
1.4185644431995963
1.4058665268999004
0.8569957178540346
1.4652556501132248
1.0975378398419535
2.0774287729134877
1.6183941088363931
1.8405456486299732
1.1657840518150733
1.2419460322060458
1.8286225027877085
1.4716022614097979
1.5683182557028437
1.5304930567574824
1.3862740938959681
1.9007353853369695
1.5949425457834805
1.4466166676282082
2.1090382679788107
1.7157076350905083
0.8314743880097293
1.5783898247235197
1.4294732983598406
1.614218341086506
1.5990919739558995
1.404678473063571
0.39124356362925566
0.0
1.5973252442304482
1.428794734004785
1.0892300788425848
1.3995812306460644
1.643751954420502
1.7054665440827421
1.404678473063571
1.275162982784857
1.4237949406953985
1.1653512442631766
0.5916727785823275
1.928550501315041
1.588707194709551
1.6125474873813834
1.4185644431995963
0.6143694458867568
0.6998428398862386
1.9795739585136225
1.5143029514736248
1.4937095464322434
2.0431446448396473
1.5737888130660205
0.8904916402194913
1.4516607643577668
1.0
1.4913146570363986
1.2772018112022603
1.6137129703673825
1.7273536033721064
1.1221136771091087
1.5416892248400094
1.4780968837794717
1.4079824483474699
1.7103377769685428
1.4256051990169438
1.6137129703673825
1.6631013500108989
1.552881124040173
1.5734169890040086
1.3699740752745009
1.7507926526718198
0.0
1.456564762130954
0.6500224216483541
1.1401156785146092
1.8150609322568196
1.6710522378742385
1.404678473063571
1.4609640474436811
1.2987949406953985
0.9567657083663144
1.2419460322060458
1.4730505277442498
1.4185644431995963
1.7033848993102918
1.760820318171659
1.5032583347756456
0.863120568566631
1.468090781663233
1.6541881272613421
1.1241854163060885
0.6500224216483541
1.098486838029362
1.103307408607834
1.6382229293731259
1.7187828921272557
1.6580777289741835
1.4419460322060458
1.386274093895968
0.28639695711595625
1.4913146570363986
0.39124356362925566
1.4839904575514165
1.6310196858657857
1.764434547287121
1.2639334294856335
1.3244602933016414
1.8774487457092885
1.2309595631140104
1.5693078231812962
1.3390774650522597
1.2987949406953985
1.3671863300828682
1.288649764535596
0.6193821946787638
1.47312842712131
1.6393210497942587
1.0529815751302694
1.4112050925821995
0.9886994082884974
1.3995812306460644
1.4913146570363986
1.6068636760307757
1.3355055565170972
1.6541881272613421
1.7474130395316416
1.0350402793845221
1.7387586809150082
1.9321560761384233
1.842737648613667
1.7798299876761596
1.3446137270038196
1.432983121056005
1.3784188527203236
1.8026896923348332
1.1400677626718572
1.4572659136233872
1.3921472236645345
1.0219280948873624
1.5157895841746822
1.1867043459100246
1.5783898247235197
1.0892300788425848
0.8366407419411672
0.41381685030363374
1.716722071827828
1.4237949406953985
1.5950000384812943
1.3752793655393791
1.4716022614097979
1.6794293668139548
1.4224751175914554
1.6804263651850762
1.4237949406953985
1.6227175508861444
1.8998206772439334
1.7264892117991655
1.5683182557028437
1.3355055565170972
1.6253785496437987
1.4226754683112182
1.4729350396193688
1.3821022532543101
1.6660563421790615
1.4657904693384451
1.5693078231812958
1.8402855730017518
1.383099991189334
1.6004422822781614
1.4857722057021594
1.5504949818133702
1.9111689018177667
1.386274093895968
1.2799376545731964
1.9301559669598642
1.7784235030301248
1.6625227020103848
1.3995812306460644
1.5055213905049434
1.5775967043075598
1.3995812306460644
1.3784188527203236
0.9912642605354288
1.4716022614097979
1.6019431074952406
1.4355205042826666
1.882012264559881
1.0434356963218767
1.7427376486136672
1.722266311943983
1.4112050925821995
1.8085947862963574
1.5949425457834805
1.5779772001172403
1.4716022614097979
1.450467463408549
1.0949143184120975
0.4394969869215134
1.4237949406953985
1.4716022614097979
1.3752793655393791
1.6015263819100807
1.7483286603655737
1.960634222479854
1.4913146570363986
1.103307408607834
1.298115728645743
1.4445763157381135
1.4969275461145894
1.4511114730353922
1.4197367178034825
1.8535681581652277
1.5156546557441946
1.6052067078749124
1.738540316382519
1.4294732983598406
1.3995812306460644
1.5016144718101818
1.4083445441575106
1.759627536341357
1.3752793655393791
1.49692754611459
1.3752793655393791
1.395317490882477
1.808632871732554
1.2949950747154697
1.6140054628542202
1.4166422780956525
1.5510981710072647
1.8240460500219924
1.272905595320056
1.5683665223594054
1.9392365361682795
1.6879410452364207
1.3663146570363986
1.1981174211304033
1.3752793655393791
1.5954618442383217
1.5229153034496712
1.4772170014624826
1.8100562489182657
1.6386199635932097
1.4560117972262603
1.6668127273868607
1.1595547523787308
1.4930984400086869
0.6500224216483541
1.4308354978311992
0.6394571324851641
1.7626206061738205
1.6627992560224794
1.4609640474436811
1.3216069583883467
1.271782221599798
1.797822453570021
1.7712589600219497
1.63861996359321
0.6500224216483541
1.3244602933016414
1.97628659667863
1.8402855730017518
1.3056334087653163
1.647844282660647
0.6685644431995964
1.691141418009583
0.9463729359854419
1.6385304691242917
1.0975378398419535
1.4256051990169436
1.272905595320056
1.383807735464083
1.311278124459133
1.7767248000621212
1.3752793655393791
1.2577461699648786
1.014097655573916
1.014097655573916
2.190044622882813
1.5713737214147343
0.6193821946787638
0.3227569588973982
1.562688039303908
1.5709505944546687
1.5304930567574826
1.814129570834804
1.5220552088742005
0.8904916402194913
1.5535088547976783
1.7492184835974092
1.022420703848328
1.675143246409987
1.9015764484942421
1.6163485660751644
1.7128876215181605
1.6577427265048887
1.7617458011279303
1.7854752972273344
1.8353362134321412
1.4800836951874476
1.6578764348499595
1.4716022614097979
1.6166422780956524
1.5275070675902451
1.408222675578688
1.0949143184120975
1.3216069583883467
0.0
1.8595172276272782
1.7527152789797045
1.895955081273656
1.8885105964272468
1.297700120916509
1.6183941088363927
1.192250860234642
0.9886994082884974
1.531703525051213
1.265559003328221
1.8308122292922697
1.945035565875688
1.383099991189334
1.5313738713539544
1.6675897585466832
1.3244602933016414
1.562688039303908
1.4056390622295665
1.4056390622295665
0.7219280948873623
1.4056390622295665
1.4056390622295665
1.4056390622295665
0.7219280948873623
1.3015742892816131
1.4056390622295665
1.4056390622295665
1.7003319468582219
1.6954618442383218
1.4832261969709113
1.8400837592991008
1.7292037392684558
1.5577277787393193
1.7105469665065995
1.497385205007079
1.6494003762381346
0.9709505944546686
1.224394445405986
1.3699740752745007
1.7529381278020528
1.885377505769539
1.6851179336594355
0.41381685030363374
1.7142977509479211
1.6954618442383218
1.6636046175975006
1.1534506453958382
1.67071450648479
1.7531458049265176
1.5060819771315253
1.4182958340544896
1.7233083338141042
1.553670007825668
0.954434002924965
1.3968026688153785
1.3260875253642983
1.5016144718101818
1.533206219346495
1.9413442512395611
1.9287705856438881
1.698245835016031
1.321606958388347
1.4256051990169438
1.4256051990169436
1.818099773469399
1.947338796187554
1.6663137138648347
1.765246528378741
1.3081573285181993
1.7084118211067647
1.5828920259075365
1.6423714487439018
1.5
1.4627552262645034
1.183088913358015
1.5993308322365363
1.4716022614097979
1.8006164916636986
1.7386568911265585
1.1981174211304033
1.7401315711073062
1.8230374165260383
1.6282202760321465
1.760495029766198
1.014097655573916
1.8190269457641057
1.6282202760321465
1.75
1.2917601481809735
0.6193821946787638
1.468090781663233
1.2475562489182659
1.4237949406953985
1.456801781775028
1.5016144718101818
1.3727069617019705
0.8112781244591328
1.4657904693384451
0.8112781244591328
1.4826714518595372
1.3315796225857792
0.0
1.3995812306460644
0.4394969869215134
1.3382689280764646
1.5693078231812962
1.3235315761100483
1.6152529693093274
1.7157304315245354
1.5534845018187062
1.404678473063571
1.450467463408549
1.1191194231256714
1.7157304315245354
2.1615557112412875
1.5569010760354054
1.6809377501048497
1.6152502650882519
1.8196492352264584
1.636576178755759
1.2516291673878228
1.3244602933016414
1.6894440486009497
1.7706983870947859
2.0582752960312556
1.7336606896881859
1.6099467767954652
0.6500224216483541
1.365819940487957
1.7952144168524924
1.6277637415297184
1.3952348075179823
1.6511972890007978
1.6188386818320675
2.051346433249389
1.6471972826911643
0.7793498372920851
1.4256051990169436
2.065522922592208
1.6526768021893683
1.7300564103199658
0.9402859586706311
1.55887184844536
1.2772018112022603
1.7344905820030256
0.9182958340544896
1.4294732983598406
1.4836591643979626
1.677507032662448
1.53561824026364
1.1221136771091087
1.7977365526037954
1.8380398168981549
1.5487949406953985
1.784315128855494
0.6500224216483541
1.6440011333048612
1.572351663308588
1.5157895841746822
0.5916727785823275
0.6292492238560345
1.519035274338866
1.6581883220423579
1.2987949406953985
1.4002582326102067
1.0529407605626346
1.6282202760321465
1.495538029919111
1.5709505944546687
1.6709505944546685
1.642549734818739
1.572351663308588
1.5960788885264967
1.4256051990169438
1.5367918955052844
1.7843814577244936
1.997224320061398
1.647730922119161
2.114487393213987
2.1031127649852297
1.6158045319402516
1.5156546557441943
1.4768421209055118
1.6666982777788943
1.760495029766198
1.6171764476037533
1.324344026199031
1.278897902987479
0.6500224216483541
0.7793498372920851
1.8766144718101818
1.6083548154488974
1.7598571968220593
1.3747976286297399
1.8387586809150083
1.4800836951874476
1.6863307773779845
1.3709505944546687
0.28639695711595625
1.5794160077843604
1.5640237438506568
0.6500224216483541
1.4256051990169436
1.5683182557028437
1.158938532350277
0.6840384356390417
1.4716022614097979
1.1236910174699593
1.7989653178424485
1.7987343707067043
1.4716022614097979
1.1981174211304033
1.2917601481809735
1.5392382894093062
1.6710581068730535
0.982755786762035
1.584013378030177
1.2730009199061239
1.689459762364319
1.6074253717321143
1.3527241956246545
1.4256051990169438
1.6821501304958755
0.6193821946787638
1.5157895841746822
1.2366407419411674
1.7387586809150082
0.8366407419411672
1.6250992832866582
1.6794293668139548
1.8468226336265308
1.6258145836939115
1.8407554054130024
1.272905595320056
1.7420625893494752
1.604306895313052
2.5965401418309075
1.7086562054762824
1.8499345666620641
1.9503441981686895
1.2958363892911637
1.6567796494470395
1.5651407133456023
1.602131444182858
1.4854752972273344
1.5016144718101818
1.3328204045850196
1.64584599856903
1.3382689280764644
1.6788979029874789
1.5535088547976783
2.05222784806984
1.8333208226910547
1.450467463408549
1.7224945678306305
1.6052067078749124
1.3995812306460644
1.0529815751302694
0.6500224216483541
1.5676898236494567
1.5277214301218869
1.4516607643577668
1.3605273114437082
1.2326602568158205
1.7252337317042745
1.3995812306460644
1.5121568134759833
1.7006457887240725
1.2760924499525794
1.5055213905049434
1.4294732983598406
1.383099991189334
1.253297578463043
1.5683182557028439
1.9850464172773457
1.7712381120048382
1.4516607643577668
1.0949143184120975
1.5016144718101818
1.0389205950315936
1.6253785496437987
1.6137129703673825
1.3420192178195207
1.54515219719895
1.0389205950315936
1.6337314206421327
1.186278124459133
1.3995812306460644
1.5090275125326515
0.0
1.7047334852678528
1.4396905092405703
1.4657904693384451
1.578897902987479
1.402081402756032
1.0949143184120975
1.4932133643654213
0.6500224216483541
1.303515793128299
1.8927249051134323
1.6840384356390419
1.6158045319402516
1.6526768021893683
1.4832261969709113
1.6145746049381189
1.3328204045850196
1.891510777487775
1.6578764348499595
1.803515793128299
1.7691705101193773
1.061278124459133
1.6137129703673825
1.2366407419411674
0.833764907210665
1.8429078545765152
1.6627992560224794
1.628920702527298
1.4256051990169436
0.0
1.6060376633637736
1.7449047091342313
1.8509836948811091
1.5645041853857053
1.7582975702780197
1.648199470591429
1.5820239409642767
1.402993418443045
1.6186177627176241
1.0529815751302694
1.7112700231050324
1.3312556373316922
1.4574248814091713
1.4609640474436811
1.5226544895821936
1.3995812306460644
1.574633578408271
1.1221136771091087
1.2419460322060458
1.2419460322060458
1.7287677888518576
1.4574248814091713
1.7045034359982418
1.2475562489182659
1.1981174211304033
1.7772925846688996
2.2810124710337694
1.7038284866810605
1.8204381454113916
0.8904916402194913
0.74959525725948
1.6930405350919486
1.5954618442383217
1.541982284286398
1.9764892117991657
1.8735317539853962
1.7027010825778055
0.8009453301700576
1.5002723456084084
1.6643177135780836
1.2320872216997276
0.0
1.158938532350277
0.9927744539878083
1.595461844238322
1.2406705316766884
1.186278124459133
1.3520301017579528
0.37123232664087563
1.1965094976219794
1.4701429793353156
1.8183294320639856
1.7330733225264865
1.42895317868103
1.4772170014624826
1.3784188527203236
1.6276575936849547
0.6219041416291193
1.6158045319402516
1.7268248010386396
1.6385304691242917
1.1411535278793055
1.4955380299191112
1.6393210497942587
1.6539967386657088
0.5916727785823275
1.5220552088742005
1.0862293462325945
0.4394969869215134
1.3716407621868583
0.9933927290103626
0.0
1.677507032662448
1.271782221599798
1.8250507087948915
1.408454322194389
1.7804684346812392
1.2550327083958783
1.513397804403961
1.2987949406953985
1.765979368626479
1.5090275125326515
1.6303975996399913
1.9939615444316199
1.7709505944546688
1.4486451637234823
1.8141764953065376
1.6539967386657088
0.6500224216483541
0.6500224216483541
1.6804820237218405
0.4394969869215134
1.522189872165821
1.3362516322372207
1.6020570321936276
1.444410188902833
1.2601423897108555
1.192250860234642
1.5534845018187062
1.679429366813955
1.1540157730728
1.0892300788425848
1.519644525083787
1.404678473063571
1.562688039303908
1.4345608142862891
1.0892300788425848
1.6010143058068347
1.549211124711451
1.6787689914782589
1.3382689280764646
1.7496365577208821
1.8527820251677176
1.8371323244686164
1.3244602933016414
0.9402859586706311
1.5032583347756456
1.7012745915681753
1.691481255513378
1.496065911543853
1.608700165519891
0.0
0.41381685030363374
1.3516292011348527
1.5504949818133702
1.6673395705257974
0.9852281360342515
0.9612366047228759
0.9182958340544896
1.325056685069315
1.8659986132745796
1.643751954420502
1.769735285398626
0.8112781244591328
0.9373012413074896
1.4256051990169438
1.650840957355291
1.56151018873626
1.6805563732659934
1.5577277787393193
1.506482739958237
1.787054028118727
1.830648488711258
1.1981174211304033
1.2646726793957221
1.2977968115985956
0.6722948170756379
1.967351814444994
1.3814608545340696
1.395461844238322
1.2210477851797181
1.756574414637184
1.9823230080235112
1.3566695198333112
1.4056390622295665
0.0
1.5805576533947314
1.3716407621868583
1.4956282429042091
1.2419460322060458
1.181899057917561
1.6435270140593634
1.3244602933016414
1.667951197198645
1.2326602568158205
1.7004448031130073
1.6487225970568014
1.6052067078749124
1.158938532350277
1.54515219719895
1.4716022614097979
1.3752793655393791
1.6163485660751644
1.789929075309999
1.7170407814747584
0.4854607607459134
1.158938532350277
1.6973206585968414
1.6277637415297184
1.7496365577208821
1.4577174691301484
1.701833550149768
1.311278124459133
1.7337272387783382
1.6276575936849544
1.787054028118727
1.4256051990169438
1.2989350663300532
1.3778903318832147
1.103307408607834
1.722266311943983
1.4567796494470395
0.0
1.6528633822909644
1.4572659136233872
1.4716022614097979
1.3752793655393791
1.6477309221191607
1.632105718491017
1.3787834934861753
1.383866329597683
1.6617657880550243
1.0848063548455136
1.5694452621548822
1.657439042450237
1.1488348542809166
1.4886022351695134
1.5294283316328894
1.5055213905049434
1.5332062193464953
1.9715107774877754
1.4056390622295665
1.3235315761100483
0.0
1.6038561897747248
1.5683182557028437
0.7918583525674836
0.0
0.5159469300074474
0.5032583347756457
0.0
0.4021791902022728
0.4394969869215134
1.4913146570363986
1.490468570732828
1.4913146570363986
1.4108478748063633
1.9375183956242283
1.4256051990169438
0.5916727785823275
1.4516607643577668
1.6327297031052614
1.311278124459133
1.6010241522554498
1.2612796872684702
1.736196715624298
1.2366407419411674
1.1488348542809166
1.4716022614097979
1.6577427265048887
1.6087001655198914
1.8938987648709213
1.2364405016961446
0.8112781244591328
1.0074579169320659
1.7699926200894214
1.713398420965282
0.951994081908783
1.3382689280764646
2.111095787753339
1.5569010760354054
1.3699740752745009
1.311278124459133
1.061278124459133
1.7729634000382068
1.5683182557028437
1.9768726445590383
1.4716022614097979
1.0949143184120975
1.5683665223594052
1.7839496260010397
1.6752388501139213
1.5422414219661076
1.4674579648482995
1.6909338059596861
2.020800094781482
1.1401156785146092
1.8732917778911657
1.7108743612399713
1.4993624614995213
1.744262647448874
1.2910357498542624
2.1749247843162047
1.5020047009050883
1.9138909867280647
1.5103893948045581
0.0
0.9055872616982603
1.871176371751726
1.271782221599798
1.402081402756032
1.6769447629717746
1.6890986464903501
1.8158547401199887
1.1812908992306925
1.7457784114165902
1.5990919739558995
1.483226196970911
1.4180260055608094
1.6096684774198882
1.7263472243434208
1.428794734004785
1.2924108984132547
1.4969275461145894
1.4315602842833155
1.6403360647604435
1.1400677626718572
1.4657904693384451
0.8112781244591328
1.3025888775409349
1.648161438004121
1.4716438394359406
1.0892300788425848
1.706908425151817
1.3885719846912992
1.675143246409987
0.3227569588973982
0.7219280948873623
0.9182958340544896
1.301240785481462
1.321606958388347
1.8611637493265643
1.404678473063571
1.4294732983598406
1.4716022614097979
1.5169908184702647
1.562688039303908
1.0975378398419535
1.4294732983598406
1.3699740752745009
1.3382689280764646
1.5862762811026396
1.6912539120823422
0.6998428398862386
1.6368421881310118
1.6846696209693475
1.5509936252776688
1.784035672216632
1.684185736908434
1.8808381662190898
1.4505820084462417
1.4566414820825495
1.5204260414863775
1.54515219719895
1.5674087661170073
1.3256167917569774
1.4516607643577668
1.7557287506433907
1.4948204868923636
1.7045928479969121
2.111737433422466
1.5016144718101818
1.6948067442962123
1.5221898721658211
1.7043814577244938
1.0892300788425848
1.4114778252023852
1.5693078231812958
1.404678473063571
1.4256051990169438
1.7542524827270407
1.6949249984065076
1.67494248379045
1.4056390622295665
1.061278124459133
1.4708228513368136
0.9774178175281716
1.2607717938967942
0.4394969869215134
1.8814963295286755
0.5293608652873644
1.873562518512994
1.6577427265048887
1.3512274809529559
1.4247346189316263
1.5449508169635264
1.2419460322060458
1.6158045319402516
1.2832387134915495
1.6499844950373648
1.2917601481809735
0.9912642605354287
1.525655941726459
1.6740266103649257
2.0005776589929525
1.490468570732828
1.7264012662347317
1.7087934145318993
1.4627552262645034
1.6783898247235196
1.6382533594712747
1.6344315043405981
1.588593312737365
0.0
1.8931558784658322
1.7987343707067043
1.5654483718208252
1.5413465898141232
1.706908425151817
1.3946169838545441
1.275162982784857
0.8886865525783176
0.863120568566631
1.2532975784630431
1.689676321502166
1.835145256639829
1.383807735464083
1.4915560089120214
1.7233083338141042
1.5574319619297041
1.4627552262645034
1.1700333844140454
1.1221136771091087
1.5403413978136884
1.654842980369105
1.6382533594712747
1.1635402011210707
1.6107476626701365
1.436545552091029
1.0949143184120975
1.8255729210565663
0.9933927290103626
1.7384797470957998
0.0
0.41381685030363374
1.9473387961875537
1.9166422780956522
1.8799649487271108
1.5683182557028439
1.2496527261266068
1.6511972890007982
1.1917601481809734
1.3699740752745009
1.4788979029874791
0.9463729359854419
1.5478976275004668
1.6973387961875537
1.2210477851797181
1.6183941088363931
1.9834585933443496
0.9055872616982603
1.9149798205164812
1.6430741894285699
1.6121581271436185
1.4772170014624826
1.2332247882202196
1.3599924922184878
1.9630741894285697
1.5629388924523995
1.6707145064847897
0.0
1.4806821149663845
1.7456472141762842
1.4056390622295665
1.497385205007079
0.9463729359854419
1.825451399311646
0.0
1.103307408607834
1.3709505944546687
1.6798229071556268
1.306170651709187
1.7924812503605783
1.4716022614097979
1.3752793655393791
0.863120568566631
1.3731999597495852
1.5275070675902451
1.8240460500219924
1.5713394973607078
1.6644977792004614
1.4056390622295665
1.755913095175825
1.6870927081530442
1.5119680758719727
1.2108100261060328
0.7793498372920851
1.685567202024124
1.1981174211304033
1.8158547401199892
1.6954618442383218
0.2974722489192896
1.789526332323075
1.3699740752745009
1.3709505944546687
1.680155966959864
1.6027395395328303
0.9828586897127056
1.4197367178034825
1.3663146570363986
0.9141828384352135
1.0389205950315936
1.287054028118727
0.4394969869215134
1.4256051990169438
1.5052408149441479
1.6349288300680023
1.753274553141618
1.5016144718101816
1.6771136735523353
1.0529815751302694
0.7793498372920851
1.3709505944546687
1.5377762182116943
1.3752793655393791
1.7445842076889957
1.5002723456084084
1.3609640474436813
1.3152758995191551
1.2924108984132547
1.1238561897747246
1.0994839817876882
1.3699740752745009
1.61078454839968
1.6771347419163565
1.6346958387036632
1.5513175379612802
1.4591723998670372
1.4567796494470395
1.6713970319423594
1.158938532350277
1.2532975784630431
1.3995812306460644
1.5775967043075598
1.7829706205553486
1.6113834567195195
2.024726036394697
1.3752793655393791
1.4716022614097979
1.7075978722471443
1.4256051990169438
1.5783898247235197
1.493660689688186
1.6627992560224794
1.6583452185347238
1.456564762130954
1.2946706548972977
1.7387586809150082
1.2419460322060458
1.5683665223594054
1.383345433779699
1.3699740752745009
0.7424875695421236
1.4772170014624826
0.8112781244591328
0.5916727785823275
1.2108100261060328
1.1994602933016414
1.562688039303908
1.7784235030301248
1.7784235030301248
1.900380487793377
1.6094963344256965
1.6854539875940175
0.9957220057616336
1.6276575936849544
1.7563375254972493
1.2309595631140104
1.2866926683547546
1.49692754611459
1.8853775057695388
1.8824373408045867
1.5673074916605063
1.103307408607834
2.233859948648472
0.8683927290103626
1.5016144718101818
1.869381717458916
1.5487949406953985
1.4197367178034825
2.2064195278237007
1.982798115178801
1.741099058945653
1.5626880393039078
1.3995812306460644
1.6623188145099699
1.4313380525417574
1.4345608142862893
1.3995812306460644
1.6464417904241373
1.442508097190614
1.6804820237218405
1.7273536033721066
1.7908562983864118
1.683240358011977
1.7387586809150082
1.7332062193464954
1.0534081504863568
1.267931645520725
1.5051869287877895
1.6137129703673825
1.542242258969757
1.5919171866886992
1.7709505944546686
1.4355205042826666
0.8166890883150209
0.6998428398862386
1.5
1.2366407419411674
1.6424239617719751
1.5303077809395795
1.2433003685389576
1.7676461209612233
1.6998428398862389
1.7015931209528032
1.6892464285091584
1.841673479476989
1.6282202760321463
1.3699740752745009
1.2987949406953985
1.497224320061398
0.9864267287308424
0.7793498372920851
1.272905595320056
1.572351663308588
1.9009645508025377
0.2761954276479391
1.8448024945677541
1.6277637415297181
2.0587462305923774
1.5002723456084084
1.5941859576379551
1.1981174211304033
1.3108562983864118
1.719553828322125
2.2066568111434663
1.8009709569877819
0.8112781244591328
1.2415242038285013
1.613519734232519
1.4274970729221468
1.573402452417767
1.649725367358884
1.571346433249389
1.1981174211304033
1.5569010760354054
1.061278124459133
1.0949143184120975
1.7229712791784757
1.5936135521699277
1.7159097988489318
1.3995812306460644
1.8827069458066283
1.456564762130954
1.5737888130660205
1.8079045751188838
1.4716022614097979
0.6500224216483541
1.85821548176108
1.3709505944546687
0.41381685030363374
1.8332521646290427
1.0144044449514424
1.2415242038285013
2.0199180897320606
2.299362885868651
0.9366673818775626
1.198192411043098
1.6183941088363931
0.9612366047228759
1.1981174211304033
1.958542981880303
1.4609640474436811
1.6143180698290447
1.7150939152501616
1.7326496794738813
2.287629159952719
1.6503452842745279
1.2949949446893019
1.6962151546130209
1.3355055565170972
1.6556390622295665
1.1488348542809166
1.8937666738014507
1.548565226030918
1.7843151288554941
1.6783898247235196
1.7990077544108969
1.6612698399252188
1.6610896727583333
0.5689955935892812
1.383099991189334
1.6913996934205262
1.4152689500270954
1.1981174211304033
1.917726060158736
1.5032583347756456
0.8960382325345574
1.690933805959686
1.7009550787843397
1.9413442512395611
1.4716022614097979
1.3699740752745009
0.5032583347756457
1.3689955935892815
1.6798229071556268
1.3752793655393791
1.7529381278020528
1.831629922263649
1.7349112826910291
0.7732283485249176
0.9912642605354288
1.6899461611103161
1.8004537364931434
1.7799077162074428
1.526513926869045
1.8027150507922496
1.7629318074149194
1.5157895841746822
1.8668193111659017
1.2448406699719212
1.8349625007211563
1.5288018145253182
1.7187828921272554
1.5686490570665341
1.3630083113425158
1.4716022614097979
1.6344315043405981
1.271782221599798
1.8219280948873624
1.5709505944546687
1.522189872165821
