Shannon_Entropy
2.754459519979362
2.5407418947763714
1.8763576394898522
1.4387586809150081
1.0
1.9359455691847651
1.1451104143815827
2.0616328839568987
2.663023502082691
2.083336848916465
1.5058762556041068
0.0
2.353759374819711
2.2101317140219443
0.6840384356390417
2.584498451560163
0.41381685030363374
1.8565647621309542
0.9798687566511528
0.7732283485249176
2.3217131668746864
2.532512516983666
2.2827072610551253
2.4839186435811555
1.8850931455708964
1.6635819199522097
1.532914563979398
2.2769699592157924
1.3699740752745009
2.2437738285519155
2.168497889257336
2.5898508562111817
2.634395599146692
2.419976584467123
2.4447747154310435
2.3479166353914858
1.8022788370865521
1.8016767850079791
2.224265087079408
2.4002057591460946
2.4617146307938143
1.0408520829727552
1.3520301017579528
2.2183641295938012
2.2008257945180887
1.914617661143936
2.466323671284937
2.4736468776805323
2.483424337840619
0.8453509366224364
1.9056390622295662
2.1892869761976885
1.6697367178034825
1.5975431909199498
2.45355542441424
2.0713451397302376
2.8304480241854137
2.5592434682500875
1.7132282994716022
2.1396958072174286
1.5546097612655667
2.5534452978042594
2.3414013650454972
2.543316638421087
2.1199025797939584
2.4707153333422083
2.1535654389463628
2.4672818150584592
2.18409738141208
2.265710144725459
2.6106319294725115
2.552841670172532
2.221251836004466
2.1728879606268867
2.4512374411550995
2.485727396477521
1.9591479170272446
2.2619736670191486
1.9102699414555262
1.8892464285091581
2.3889493216907822
2.2339979078388272
2.037915411930459
1.7232314287976207
2.592693196767833
1.78740344142664
0.0
2.3004975198549262
1.7387586809150082
2.175735869100491
2.248674863834536
2.0938584584359736
2.007486888293917
2.2515672416770203
1.8238654610595804
1.7128876215181605
1.7799077162074428
2.1038046799982277
2.140699620015651
1.6382533594712747
1.7055872616982601
2.3819027881929693
0.7653636126766978
1.7152791759669173
1.5058762556041068
1.6256051990169438
2.131177258237616
2.069711438763654
2.31517275654231
2.0571501304958755
1.9356468993981848
2.3448528498586247
1.7967916319816366
1.9056390622295665
2.167124282150162
1.778376402548591
2.217949293429253
0.8708644692353644
1.990607264845045
1.994375697142266
2.1234786725698864
2.584166601734206
2.356414401998371
2.408694969562842
2.274983599956846
2.2911265573522153
2.2284118544068154
2.091831319628979
1.9254106352407239
2.5435183924115807
2.3987581932686117
2.4532068163114027
0.39124356362925566
2.3758145836939115
1.8056917283597596
2.219973094021975
2.0300872246321315
1.8062389286533895
1.2389012566026305
2.3152084707948033
2.049452072789394
2.3955848808058495
2.5246842867142845
2.3889493216907822
1.9268680175017439
2.5832668348028998
1.4197367178034825
2.0681873374585056
2.451894558927023
1.1451104143815827
2.361800487888431
2.723080212263672
2.5260340925196525
2.425605199016944
2.295217421954582
0.0
1.2577148214953864
2.4563959335852825
2.2112924117989934
2.070950594454669
1.7534343861887849
2.3611269212671306
2.403034464096168
2.6418104877285704
2.260622034249954
2.131657098138045
2.219400679426145
2.5294320362548177
2.8815408113833336
2.1632412914060266
2.4073113230926797
2.392730228742916
2.3747566354831324
2.747238387859255
2.4463609283958556
2.4038882012571783
2.5366465280727044
2.4757968430768362
1.9972264631946568
1.5990919739558995
2.0086949695628418
1.877006938523237
2.131282484597587
1.9822519896585375
2.3125
2.002755067189044
2.095916285910002
2.413890986728065
2.262362377388257
2.4193721485946105
2.01809878625526
2.271873374541579
2.1934014493965717
1.9986525468781666
2.365022195936204
2.4881158869872473
2.2609640474436814
2.353759374819711
2.18925548109979
2.6001008788873996
0.0
2.328884070537636
2.1232314287976206
2.4469590645017565
1.6266888497018317
2.4241228513695985
2.196957186327418
1.8464393446710154
2.2184372106643204
2.3431390622295662
1.51220120330943
2.346465798504072
2.180387732845587
2.2467072977450315
1.103307408607834
2.443688496606178
1.8658566174572235
1.729309750493647
2.417244202117518
1.738616399317436
2.6394478977985707
2.1814963295286756
2.2865308928436368
1.6737949406953985
1.6282202760321463
1.8366003408685507
0.9182958340544896
2.1271783513389986
2.307472594767524
1.3520301017579528
1.5485806065228545
2.1695989259526707
2.3596472628334895
1.9048750051552579
0.9940302114769565
2.1367293612149245
2.399940307401958
0.39124356362925566
1.7798299876761596
2.2326015394816907
2.3179508276569885
1.3716407621868583
2.4233824111921316
1.5045855303044375
2.368102070191481
1.207518749639422
2.5732129128055745
2.718110986293616
2.120761547512485
2.4517358057722802
2.6178561135066154
1.7890760462097364
1.2389012566026305
2.559120708446294
1.8062389286533895
1.2332247882202196
2.2997368034637633
1.7382689280764647
1.9254106352407239
1.755336213432141
2.308874320995443
2.319973094021975
2.499389675512395
2.5156546557441946
1.8389205950315937
2.11034262842415
2.409803616167076
2.2458696177958086
2.1140054628542204
2.0294069451656007
2.375007910063525
2.1405180562767114
1.4315602842833157
2.0609640474436812
2.5394347288238746
2.068144667641655
1.1771245697587873
1.2516291673878228
2.0708097626670687
2.6861921528686112
2.363779243639967
0.0
2.4772903419924197
1.7830141203421674
2.247742678581274
2.471119777314698
2.218437210664321
0.6193821946787638
2.455469213133207
2.336884804779961
1.9015064025015063
2.002705481927944
2.4711140018197137
1.9252776943197596
1.804117526541943
2.2668616891455575
1.9369115747150838
2.301070552484387
1.4299111709758698
2.5208723054412214
1.7334834339268832
1.483831706844689
2.3229433931527037
2.0985798617120746
2.684798592082369
1.9352378426655537
2.2940599114340805
2.321812890933273
1.9039678130877662
2.431737433422466
2.572127215875135
1.5645247207974509
2.5004147094495113
1.5766212201074912
2.078491674029184
2.6193401682061075
2.7238443347995034
1.7987949406953985
2.4288267891319015
1.6350323655554484
2.597893762995784
2.3410666398014683
2.381687083026442
2.45215290886764
2.5931663158737224
2.450700153683722
2.5308006218550014
2.1820058147602137
2.177613757393129
1.3361602543738118
0.0
2.1054105870684143
1.7397249679445146
2.5233178137684864
1.8419171866886992
1.6225562489182659
2.4818458212479535
2.456394514276353
2.103119464326695
2.2359263506290326
2.1440239107574226
2.0191534613250357
1.758842712835596
1.8909209935891982
1.2344977967946407
0.7793498372920851
2.4796275363413565
1.6158045319402516
2.3293343146124554
1.3367053154036126
2.2910299552901288
1.5128876215181604
2.3443609377704338
2.5603199926245694
2.6883196665990123
1.8828560636920488
2.5033667177473786
2.578797994243127
2.4012687424425176
2.258352146405258
1.9850464172773457
2.19823455567654
2.5376605238306404
2.2924572513509895
2.3889493216907822
2.2855899294576503
2.4287705856438886
2.2585728843419157
2.4717890110921688
1.6216407621868583
0.7219280948873623
0.4854607607459134
2.422775066261337
2.2248330254797586
0.9182958340544896
2.039353872167201
1.822815600352516
1.3472230399326601
1.9468193111659018
2.4087299139429943
2.554234950052616
1.8389205950315937
2.417837797403416
2.7479018407742526
1.9387218755408675
2.2102432166355985
2.389538511456888
2.102302196940506
2.1257483862821065
2.366611739223863
2.3998003019725784
2.364101032456526
1.8716022614097982
1.725492782401049
2.0872520915136796
2.751637626162711
2.2121059297344656
2.2263140191892803
2.2090255736436504
2.680036532577266
2.244474529855454
2.260992390087111
1.8980933736695382
2.598196919226368
2.3353836207645444
2.6690429986162765
2.6279237470565078
2.652535498740633
2.284564952251346
1.9894908719265076
2.098579861712074
0.7732283485249176
2.6672586049986213
2.0042859090703913
2.473266687476201
2.4226754683112186
1.8288713632524445
2.3082869468104397
1.939402453172147
1.5461796919474975
2.305609892034836
1.3520301017579528
2.3954344555185245
2.5853070232013935
1.8062389286533895
2.486823648325391
2.1377806684863803
1.8899168453199877
2.339572261986723
2.0597049132067875
1.9824575106554494
1.847984096622461
2.515634416302141
1.9592268530294534
2.1426643555488485
2.4288154184079502
2.078491674029184
2.5715206744101833
2.084183719779189
2.149026099395914
2.148704067520254
1.9980509371469137
2.5393733898146036
2.1499481955839457
1.7589385323502773
2.142295219190901
1.55613598076542
2.227612893834679
2.32130288176529
2.546413230860752
1.1625336732554152
2.0185405934413114
2.2535532089563515
0.5032583347756457
1.8123605818088155
2.3253035582043484
1.5775967043075598
2.4991695476615083
2.370799396892187
2.2545139227249
2.3151277160800037
2.1273877651912745
2.3699016672109163
2.41336537479719
2.0347516690850194
1.6960736118322672
2.516335877988133
1.7600335904608961
1.853688226483452
2.6871609350918435
2.3309766175430213
2.4817062775743137
2.6089280938334656
2.5445317488326236
0.7219280948873623
2.204534822077514
1.3346791410515946
1.3699740752745009
2.369696689044702
0.0
1.6729055953200562
1.6879430945989
2.3370193533154193
2.1029334343823507
2.3156678763770073
2.2621065094375594
2.575360420962503
2.427109912015284
2.0526917303380046
2.5594313245372615
1.311278124459133
2.185475297227334
1.5610568385545545
2.181818460981247
2.3289422821247134
2.1464393446710153
2.4817062775743137
1.9056390622295665
2.4742969252796194
2.37028376970295
2.1974168451037093
2.2437471050865985
2.2284118544068154
2.4012687424425176
2.445814131548943
1.2638091738835462
2.5829060029115176
2.4132018564861024
0.5665095065529053
2.2553281717639346
2.1152701204297704
2.1867043459100244
1.4956282429042091
2.1808987483760887
0.8904916402194913
2.1999793267164867
2.055958151615123
1.6493974703476992
1.5546097612655667
0.9182958340544896
2.2295739585136225
2.4797419476371036
2.2180424956047498
2.3149256171325914
2.6165624309340134
2.6454935231516536
2.5950686895705926
1.7489992230622806
2.2656546557441946
1.9386790169573507
2.2335564301634907
1.5693078231812962
1.9291417256406969
2.5930652408862995
2.4044199703943434
1.1237407757619176
2.0031088905778542
2.3136274132764516
1.8449649214525397
2.284564952251346
2.5621915644625752
1.9182084341546168
1.4838317068446891
1.5013579287098409
1.6393210497942587
2.4677266293116094
2.111636870709878
2.360924277228159
1.4966407621868583
1.9182958340544896
2.419250912838829
2.536157796107113
2.542770826016355
2.6036161695070175
2.303630655181681
2.3837574414165545
1.913977073182752
2.3052961878146676
1.7723388509380997
1.8004734138339356
2.196957186327418
2.502005506578479
2.0894786419364966
2.6741173175735664
2.1766352793034835
1.2060026902433667
2.6615056221989932
2.1047412314783913
2.5288929731159002
1.522189872165821
1.8349625007211563
1.5058231002082845
1.9056390622295665
2.3358800279369296
1.941645521915528
2.502258412694598
2.1405180562767114
2.1250737265536737
2.1230795880366187
0.74959525725948
2.5405341093423695
1.3346791410515946
2.309012368250619
2.451394622933267
2.345215966405976
1.8024212838293647
2.0844350719354887
2.305334269650977
2.214157291946837
1.8617022325423542
2.1553457928735162
2.1912228934943285
1.6348224724072005
2.346439344671015
1.9461715671127928
2.1800027619997784
2.2423266557694945
2.4095349947050453
2.2585728843419157
2.680260102734296
2.2286287390139305
2.4885202330283174
2.09098996700847
1.8910611120726526
2.4499852908687223
2.3719660408364156
2.457143057077997
1.9400726873486536
2.1981839479117986
1.1488348542809166
2.7749230805215563
2.5116975500832197
2.119240704636849
1.948810610453812
2.2343783242001254
2.218437210664321
1.7394541964918901
1.53012496531497
2.070950594454669
2.185475297227334
2.398137828849576
2.2341150549849287
1.4108478748063633
1.771176140139163
1.9830841641434374
2.317950827656989
1.2389012566026305
0.0
1.7735572622751854
2.780146533053228
1.8282344370732122
2.510928486302812
2.492162171430104
2.310499154491839
2.557858001701584
1.8698618205700386
2.6829141900083475
1.57750843161777
1.579434002924965
1.5970008216693459
2.622964198657942
0.9405662399881731
1.0408520829727552
2.1268778187855815
1.9044171866886992
2.3476147720950906
2.3668983810608104
2.3420525469422815
2.188432763924392
1.7947367178034823
1.4652556501132248
2.8395924038001374
1.8784775129881182
1.0975378398419535
2.1770076709572614
2.1043866573732015
2.4202776983278502
0.4689955935892812
1.9477309221191608
2.2033331583703446
2.1353503825268683
1.419556298571613
2.1577174691301484
1.3520301017579528
2.599636951632664
2.596470342525024
2.457143057077997
2.4305485474796913
2.031658859867643
1.6561979490446523
2.298688570451097
2.5012414416093867
2.602825726101663
2.602264418403866
2.101227480952956
2.067130688335406
1.5683182557028437
2.2956426654590874
2.1398355237062026
2.633457469975799
1.822815600352516
1.6402239289418519
2.011920928594794
2.063202513215852
1.7382689280764647
1.7743974703476992
1.5465935642949382
2.3855729663524166
1.6954618442383218
2.514392969953407
2.482617092008512
1.915719342238643
2.5465346038859447
2.197977374293469
1.9237949406953985
2.084350559378945
2.203928545006747
2.1535654389463623
0.9957274520849255
1.9015871072855843
2.204379155016894
2.442092243871822
2.1234786725698864
2.867197036702282
1.871602261409798
1.9299533811047407
2.426826048092472
1.7393538721672006
2.5377522427135077
2.2894427251589105
1.5990919739558995
2.0872520915136796
1.7534343861887849
1.994299475957303
2.562691986530827
2.487521894173951
2.0994839817876882
1.404678473063571
1.0408520829727552
1.825605199016944
0.39124356362925566
2.0294069451656007
2.1916598733188812
1.610577243331642
2.234835243685931
2.3410666398014683
2.381687083026442
2.45215290886764
2.6107356295663315
2.450700153683722
1.5058762556041068
2.1140054628542204
2.3175207502622115
2.101125010956985
2.6008554754446624
2.0191534613250357
2.5154922063267176
2.4488876059984186
2.245797286164953
2.445470853406835
1.8496017527145812
2.0602489763846963
2.713109869562355
1.7464657985040721
1.890081926223526
2.2656546557441946
2.220429781138912
1.428794734004785
2.2603555297522187
2.3182041709849184
2.3612137805675175
1.8763576394898522
1.3995812306460644
1.9335681581652278
2.1954618442383222
2.17771537827807
1.275162982784857
2.2621849499854516
2.5885486665715347
1.8016366412706075
1.4640612091044236
1.7916674843771045
1.9524876891689535
1.928550501315041
1.9993073294931032
1.6039757266107144
2.327892846383611
2.014097655573916
2.335383620764545
2.335383620764545
2.335383620764545
2.335383620764545
2.335383620764545
2.335383620764545
2.0355514712546015
2.2250307427135176
1.0408520829727552
0.6143694458867568
2.29777648884234
0.6998428398862386
2.4753233143934747
1.9290929654977997
2.3259506934463356
1.5143029514736248
1.450467463408549
1.927451224964519
2.2570810261038674
2.337019353315419
1.4937095464322434
2.2192423558617262
2.1441137576628853
2.1435010305367204
2.0602489763846963
1.4926140680171256
0.8904916402194913
2.4817062775743137
2.108510942939859
1.610577243331642
1.968241790913703
1.890920993589198
1.2772018112022603
2.0805576533947314
2.0468049961020736
2.2200683022340693
2.219536123371173
2.1843170282144424
1.8062389286533895
1.871602261409798
2.0892446619882707
2.308694969562842
2.1149798205164814
2.502780571094763
1.620239977782422
2.509083097957089
2.520619087216632
2.4030344640961685
1.6662478973127313
2.500413603251864
2.4428396152204086
2.0576285663521903
1.5744174271404585
2.555334559133677
1.384431504340598
2.1904442844402814
2.3579594642722084
2.0580531366523855
1.7055872616982601
2.261315277401237
2.4925365325772657
1.7471671973069338
1.8758393942277158
2.4509301424456633
2.004615119055408
1.9920139962755843
2.2994261036602412
1.4488156357251847
0.0
1.4885252948977485
2.535282842152012
1.764334067766654
0.0
2.2065647234069226
2.313307235905091
2.065957320949175
2.3375125837551294
1.5744174271404585
2.597893762995784
1.9056390622295665
2.0537957214821154
2.9779461765654
1.1401156785146092
2.116932149589589
1.9056390622295665
2.680424344959478
2.5263741452278734
2.050079064805541
1.8638263900908156
2.2094320362548183
2.444389786457168
1.8454372523105547
2.3232196723355076
2.1663307740596434
2.15804029822246
1.2987949406953985
1.6805563732659934
2.534159127851422
1.9628150414142904
2.0198157169987723
1.8726696380501493
1.8056125700076544
2.048680608917954
1.2419460322060458
1.7735572622751854
2.1085154143343314
1.571346433249389
2.03765238395205
1.9056390622295662
2.530057719116298
1.4185644431995963
2.248573139553866
2.5154922063267176
2.236800487888431
2.632852002669983
1.5306390622295665
1.893766673801451
1.8327230088457283
0.863120568566631
1.468090781663233
1.992778107459939
2.3556215113245185
1.7233083338141042
1.755336213432141
2.424326983912341
2.7140448611908066
1.098486838029362
1.103307408607834
1.7464657985040721
2.033947828716142
2.1431369495004096
1.6382229293731259
2.0900182662886326
2.676932533127954
1.6580777289741835
2.17838982472352
2.457553327784217
1.8980933736695382
2.235033189026072
2.035939162999521
2.4669453721331966
2.3535261508830656
1.8062389286533895
1.8150775938152173
0.4689955935892812
1.97285859862763
2.3605264220760955
2.1776371328368196
0.9798687566511528
1.824816986216862
2.0740870445590347
1.8426180231730143
2.4628671470807624
2.606464856747655
0.39124356362925566
2.3734673182948294
2.0898834589604633
1.764434547287121
2.20058761217738
1.8567796494470394
2.197620571461702
2.364328161682245
2.2395792563442973
1.8256051990169437
2.5503407095463886
2.2926502474333335
2.2399351903050047
2.604447335153047
1.3244602933016414
2.1733990080130883
1.6402239289418519
2.3464809567736475
2.223219672335508
2.033947828716142
1.891346433249389
1.2309595631140104
2.4505041552748037
2.137872571496431
2.4022921890824147
2.774418313907282
2.183754831923921
2.360865817244537
2.5595456345099685
2.421855367790775
2.088376371734507
2.009514998349681
2.361076910197099
2.2622671075289924
2.125246327416571
1.9710457693569858
2.443959251335566
2.4800511814942716
1.5576658029823847
2.3309669005398646
2.4011879340594993
2.4890407595582644
1.5656531116458186
2.5183093602234186
2.6813867750353637
2.101861330142675
1.925126559410829
2.228446105391688
0.6193821946787638
2.5857030785765347
2.0609640474436812
2.0718861869120673
1.47312842712131
2.4855084067423325
1.0529815751302694
1.4594316186372973
1.8889924521298742
0.9886994082884974
2.1992818130163667
2.381064236456548
2.2709210895949345
2.3499872827373296
2.3054348840649332
2.469670487371861
0.7219280948873623
2.304403484609977
2.2488484642526356
2.6572682296173893
2.310284283388268
2.291510777487775
2.6756509597211475
2.8230589306614746
1.41379956460568
1.8863082816921724
2.103759374819711
2.8283100410218807
1.0350402793845221
2.6586718117181602
1.9232196723355077
2.1295679874183233
2.4022910894813503
2.532609568447318
1.9986525468781666
2.333481621675162
2.1465431628392286
2.6094231818666076
2.612270199800924
2.612270199800924
2.3847776529602824
2.221928094887362
2.281424938596677
2.035003439928039
2.44731259992868
1.871569948038403
1.432983121056005
2.5425032952214583
1.8026896923348332
1.6266888497018317
1.1400677626718572
1.847128210136425
2.3776338508112267
2.44897435132873
2.45381777774097
2.4892724052195923
2.4477311778918796
2.464078617766497
2.5042092063002
1.5329145639793977
2.598399166947643
2.5360925104125194
2.0168205030977906
2.0888857356862562
1.8689455037532188
0.7219280948873623
2.196562933685132
2.467108948944828
2.1273877651912745
2.411027779380347
1.776263623819339
1.5783898247235197
2.2758361633051267
2.7152853657239326
2.3579594642722084
1.0892300788425848
1.7382689280764647
2.5779040975824623
0.4689955935892812
1.188721875540867
2.3464393446710154
2.7509671781125316
0.8366407419411672
2.444298222111624
0.41381685030363374
2.0705934438130758
1.8618540887146815
1.8776205033895346
2.2885986402171965
2.5469620293119215
2.313070634312672
2.579503041349419
2.3419011889093375
2.674035336038817
1.9669171866886992
2.2417812580773235
2.357564157458576
2.5349714219971267
2.365022195936204
2.4881158869872473
2.0359391629995205
2.601306223221492
2.260430113431495
1.7779849042597489
2.504498451560163
1.8288713632524445
2.0088056225401756
2.4127186026019425
2.392079563925711
1.9772354454083079
1.3787834934861753
1.8256051990169437
1.6598664678358859
2.160964047443681
2.312907291846956
2.172255103068937
2.5336606896881855
2.6522849639752284
1.5566567074628228
2.5225631916634224
1.9182958340544896
2.5543029514736246
0.8658566174572235
0.0
2.607706012017682
2.0915053365338894
2.703553906857532
2.398746068958019
2.354808314725732
2.4897346489403276
2.24214042174117
2.3160128587930124
2.074120869421782
2.39213154771788
2.6586651510796484
2.3525522523736466
2.5542702029199753
2.3685422809812717
2.1290704345198392
2.183893629661143
1.6457113704075788
1.7264892117991657
2.189238255803027
2.450212064914747
1.930231392726997
1.610577243331642
2.241346277394749
2.5497723339808678
2.4628882590672836
2.4295297779194422
1.7804463148460088
1.5693078231812958
2.489246428509158
2.593726226870776
2.6791611990699025
1.882856063692049
2.178230231337564
2.1054105870684143
0.0
2.143780234737159
2.37024029319754
1.643751954420502
1.867519163906028
0.0
2.4791987728052205
0.0
2.195223828139826
1.8354186656772546
2.049432036254818
2.411027779380347
2.221251836004466
2.3168178546396656
1.6894822670191825
2.5275124898356798
1.8077635764171944
2.123199115426226
2.0957952550009336
1.6794293668139548
1.8464393446710154
1.386274093895968
2.3191141546897933
2.435371390774533
2.2775182662886326
2.354201213138313
2.2591224663443357
1.7177602521413333
1.7695459925589747
1.8892464285091581
2.108744411015932
1.7055872616982601
1.9863137138648348
1.3346791410515946
2.375624482298028
2.464101727092563
1.5546097612655667
2.471422281094566
1.9197600422583472
2.321928094887362
2.628170976038666
2.2610276044371003
2.0536467616014367
2.2295739585136225
2.3666802004331786
2.396984232554318
2.537872875059826
2.331489236881751
2.467659964377865
2.1147130311157563
2.130039051624466
2.111636870709878
2.544570753375049
2.2089873002587996
2.071345139730238
1.981934163634385
1.7947367178034823
2.270084845327467
2.5052077877155696
2.24930911738953
2.226816770169015
2.3903083326692296
2.239678259840456
1.9990298316961874
2.3137571102560814
2.4348445724807
2.0814963295286755
2.028343279757114
2.4496987351738495
2.603149050332106
1.8322628970242685
1.640223928941852
1.4355205042826666
1.7961796919474975
2.3962144572075905
2.0979931624271395
2.351837255656769
2.272236015665138
2.1575499655522066
1.7345216647797512
1.5870250243179589
2.329736747925867
2.490250638460161
1.7814164026211206
2.370430461078689
2.6256744100484792
1.4112050925821995
1.188721875540867
2.599566482188235
2.219633122975817
1.565596230357602
2.4795739585136225
2.1965553974431407
2.239678259840456
2.222683189255492
2.6067393540153203
2.6803235318467475
2.0042859090703913
2.022106112739839
2.2336796919474975
2.183754831923921
1.9261207468426804
2.413088436425758
1.0408520829727552
2.2585728843419153
2.0116298903693024
1.7169171866886992
1.9698157824268105
2.5843031793467124
2.336953705306273
1.6163485660751646
2.280146533053228
1.5509367889994214
1.6922718656836107
2.8563149830254786
1.0949143184120975
2.6829283700803175
2.0294069451656007
0.4394969869215134
2.456394514276353
2.298299572537352
2.3942972113886674
2.138688570451097
2.365022195936204
2.4881158869872473
1.8751310486364097
2.3685225277282065
2.346009885408632
2.0273941713765185
2.2030713060627085
1.6183941088363927
2.2368340333330043
2.4313076001654323
1.8322628970242685
1.7055872616982601
1.8456455692745681
2.201152714113139
2.294484343805628
2.0753603572487744
1.6774212838293647
2.374693951646702
0.0
1.7743974703476992
1.9248240667373948
0.8812908992306927
2.176698209257316
1.4197367178034825
1.4604846813131116
2.366745254214218
2.2943385161965466
2.6072367178034823
2.098579861712074
1.6805735346744015
2.127986806877675
1.9772354454083079
2.4199327358699834
2.3791474648822764
2.3791474648822764
2.372253928364927
2.495348419717489
2.362873780133517
2.424186697171232
2.376042680848702
2.537566501346455
2.376042680848702
2.4297848433456664
2.4126878900165245
2.4126878900165245
2.4297848433456664
2.4297848433456664
2.4297848433456664
2.4126878900165245
2.4297848433456664
2.376042680848702
2.7250776890648125
1.6796275363413569
0.0
2.755369208880387
2.072014241744828
2.618199188396396
2.526412328225464
2.4477426785812737
2.484012700389563
2.4975561886950164
1.3995812306460644
2.4317374334224664
2.1709505944546685
1.5016144718101818
1.991076059838222
1.8586272828796575
2.388710582071054
2.4677561023016423
2.157588872060793
2.4109863552437676
2.0626563480372715
1.9698110652780974
1.9332062193464952
2.1462406251802895
1.3752793655393791
1.7794238321465294
2.727970006020158
1.395317490882477
2.6106212574507195
2.541996799225602
2.021146483360874
1.6140054628542202
2.493294087911528
2.0956468993981847
2.2625905648620863
2.3573720675735466
2.435909241665556
2.379370261888742
2.433682142389265
2.3066385274669576
2.307974488964314
1.775523493673489
1.991571439586909
2.2619342006334544
1.8240460500219924
2.1047412314783918
2.3189525180878636
2.420830094435548
2.1494126225015253
2.183893629661143
2.3377968115985954
2.2712337974982235
2.416666666666667
0.8658566174572235
2.103465189601647
2.221251836004466
1.6266144718101818
2.5950849518197794
2.1303871375440653
2.2037016960573483
1.7735572622751854
2.1838936296611426
1.7735572622751854
2.3387963907477656
2.6920966889958757
1.2389012566026305
2.383593219149464
2.4465813783823647
2.2975730651545314
2.405523014990882
1.947996533166584
2.3216272628243972
2.2683901721720887
2.082232056663363
1.8412501702815547
2.421786818471211
2.0042314176742564
1.287054028118727
2.186695456983908
2.1535654389463628
1.1981174211304033
2.3473907302921364
2.154870932962629
1.9970046132506347
2.539572261986723
1.4345491399952024
2.403140023763152
1.871569948038403
2.7008125842496375
2.3023556869049955
2.0566416671474372
2.822404278782998
1.85821548176108
2.1295679874183233
2.374759046180623
2.222179989463411
3.0230998369491617
2.200368370162742
2.2257713328654907
2.4390869983171424
2.5016094970590275
2.364101032456526
1.939628650015401
2.250826743850994
2.276610871654405
1.8280618318609498
1.4885252948977485
2.5261298155959175
2.6242781101045383
2.5314536459234778
2.4099790596751958
2.0179007404292966
2.3710160956227173
2.0814963295286755
1.1239922297710168
2.026364019815987
2.0088056225401756
2.250238477394419
1.7302312027417304
2.3319766949849097
2.476425477915235
2.5486881132034154
1.3216069583883467
1.4838317068446891
1.8336056789417416
2.643302918882857
2.078491674029184
1.8565647621309542
1.4966407621868583
2.375058224400298
2.494918848233951
1.8547451641545774
1.7712589600219497
1.9080028360592545
2.2844763510411217
1.860964047443681
1.6709505944546685
2.107833210824613
2.1149798205164814
2.507225350846603
2.474757027743572
2.219973094021975
2.3889493216907827
2.0374011976541118
2.259071309688982
1.929309207916729
2.2995283612988775
2.052524221462357
2.253351576287237
2.8634854130309852
2.7038642371226436
2.504962048576188
2.1878785072265203
1.9664594433229956
2.3444984515601632
1.6854510764762913
2.1803373810675706
0.6685644431995964
1.53012496531497
2.0556125700076544
1.7169171866886992
1.9591760786804928
2.574906824848426
1.877006938523237
1.8980933736695382
2.2008257945180887
2.3453078715722975
1.921928094887362
2.650263072082698
2.5076392094736133
2.3758145836939115
1.956066972363038
2.5285955596632967
1.8751310486364097
2.532517935965527
1.836591668108979
2.5374125311958147
2.4503947021812373
2.474254548855408
2.165957320949175
2.023219672335508
1.3346791410515946
2.7479018407742526
1.9387218755408675
2.2177458659722733
2.0817276788697363
0.7219280948873623
1.207518749639422
2.1878785072265208
2.3577174691301486
2.9145666690748655
2.1254905221749145
2.0731700222906277
2.6774676589985344
2.530493056757482
2.590310545692065
1.9698157824268105
1.853688226483452
2.2587495852424757
2.4700167447157355
2.3238839511479825
1.9920139962755843
2.371791281089978
1.5219280948873621
2.466883319026032
2.24889864066388
2.457212818083882
2.6332500016025695
2.1295679874183233
1.610577243331642
2.407861005583456
2.252706156305157
1.2916919971380596
0.6193821946787638
2.5307501784370423
1.4793852096543112
1.8774487457092885
1.7492184835974092
2.6418104877285704
2.260622034249954
1.875
1.6894822670191825
1.9546859469463558
1.5304930567574826
2.1577174691301484
2.177694271103767
2.0774682879978283
2.1803373810675706
2.6332500016025695
2.6076232266132378
2.1086949695628423
2.5288929731159002
2.1464393446710153
1.7345216647797512
0.0
2.310970005190978
1.5220552088742005
1.9528195311147831
2.2181221255837755
1.5306390622295665
0.8904916402194913
1.0408520829727552
2.1123008763572906
2.147348781633051
1.9315602842833155
2.184927072396036
1.022420703848328
1.822815600352516
1.8419171866886992
2.1372213841529333
2.446711491893328
1.7169171866886992
1.7961796919474975
2.3626011165238454
2.2051159810468732
2.4055583895539647
1.7117778489675737
1.991076059838222
2.3910851728148446
2.1141813395195084
2.312047451084609
2.370490150948529
2.280787654949452
2.5812361643540815
2.517001558826184
1.7863012011716393
2.0047476376636357
2.2576687409984397
2.3816528779716144
2.1577174691301484
2.0623333564148303
2.180387732845587
1.9468193111659018
2.1232314287976206
2.1623687835735015
2.283337461469632
2.2528786893420314
2.1981762231118704
2.5552602782732605
1.8753156176197314
2.124533798139251
1.9351058498552467
2.6622021429170535
2.434905212132553
2.5021821646358062
2.21913191089923
2.119035274338866
1.958646483360874
2.789170350038144
2.5220552088742005
2.3410666398014683
2.222813726540686
2.398209786412639
2.2079610319175833
2.5582060439577363
2.2008257945180887
2.0294069451656007
2.0182155146751497
2.361048876877034
1.9990298316961876
2.0494520727893937
1.3216069583883467
2.123219672335508
0.0
2.3678900976849477
1.207518749639422
2.5365766899407327
1.9953250781000869
1.895955081273656
2.1733990080130883
2.393747174491948
1.6158045319402516
2.3318237529915216
1.297700120916509
2.4712604032790133
2.614693951646702
1.192250860234642
2.5654483718208256
1.7609640474436812
1.7838593436779768
2.288019280279689
2.5504460149179353
2.5431445581663517
0.9886994082884974
1.896291529045928
1.265559003328221
2.323883951147982
2.1823346360449984
2.3441232532140552
1.945035565875688
2.3746939516467016
2.179772678004349
1.383099991189334
2.6226831892554916
1.8600383739155661
1.5216406363433184
2.277633785303108
2.294987031915311
2.7070465182299706
1.3244602933016414
2.6953080561791207
2.7517113808380964
2.0632025132158516
2.2830741894285698
2.146815404422521
2.018390840148581
2.0557922626877696
2.0835837138351363
0.8112781244591328
2.0631041410333557
2.4420595604455158
2.018390840148581
1.7136287384585325
2.131130791522127
2.0851847382093935
2.2352485688409707
2.5200173015454235
1.8417062775743138
1.856564762130954
2.704827586226288
2.181355371317821
2.2232170231732313
2.2628098506842256
2.1230741894285696
2.416666666666667
1.8955421233973255
2.4875530162286865
2.05632607578088
2.1314076078546704
1.6225562489182659
1.497385205007079
1.6494003762381346
2.3365404159826917
2.6782302313375634
2.186569246460625
1.9039678130877662
2.141440640617969
2.4560972334968283
2.3928712980591227
1.885377505769539
0.4689955935892812
1.8322628970242685
1.991571439586909
1.7382689280764647
1.5306189948485172
2.4515107774877753
1.8751310486364097
1.7394541964918901
2.063202513215852
2.511069990386021
2.5953293805854623
2.270125601426565
1.811278124459133
2.1104300215532774
0.41381685030363374
2.177320658596842
1.2916919971380596
2.1171764476037533
2.1295679874183233
1.9369250380438436
2.4461632995971403
2.380770107572479
2.701011518271973
2.208707842599626
1.8348077541074146
2.559679047621146
2.0209509665494987
2.2379547453926323
2.854569597796444
0.9798687566511528
2.7040639459662987
2.8265506621634424
2.434560814286289
1.6428892182382824
2.145984344381975
2.6910886562105762
1.929309207916729
1.9618921285750115
2.616841479324468
2.1842612638641032
1.6879430945989
2.49210246520645
2.8195194906985983
2.2969371097526867
2.2698157169987727
2.397355174595401
2.2695474370334647
2.3024212838293647
1.9413442512395611
1.9288222235042773
2.4276095669949056
1.2516291673878228
2.334530795813007
0.4689955935892812
2.423341276843151
1.6814963295286753
2.721781835882688
2.5772114246110123
2.214773694089725
1.7743974703476992
2.9945851933485987
2.0485421394990637
2.275170354773194
1.7047334852678528
2.1273877651912745
2.4998008601200263
2.4940954395801547
1.8942738697712644
1.950212064914747
1.871602261409798
2.5951037980143608
2.5830406118523643
0.9182958340544896
2.336884804779961
1.6663137138648347
2.5514720640555693
1.9321560761384233
2.321928094887362
2.4817062775743137
2.427694271103767
2.3009786743716325
1.9887513942845323
2.2002810705184634
2.135821824148036
2.3835616043900343
2.4088840705376353
2.1440239107574226
2.107648380472294
1.8128876215181604
1.3571290663715616
1.7084118211067647
1.9874687506009632
2.3693951329459555
1.9038742945050167
2.3501218345912758
2.5284997203613577
2.227534334005981
2.7858324088103066
1.8464393446710154
2.3799546121958626
2.036080697230572
0.0
2.495207541492854
2.5493718709888955
1.7720772537350808
2.2767248000621216
1.5993308322365363
2.185475297227334
2.123219672335508
2.3507720234032266
1.0
2.1767669742887406
2.539904946909999
2.5242146307938143
1.9276822926042523
2.446813199719895
2.4323773853035195
2.2917339784475965
1.8006164916636986
2.4700540812304306
2.2864283109928243
2.4969380878022456
2.046689884531391
2.6668250929400403
2.5488311018176466
2.516378701932818
2.436718859375543
2.4456859257387653
2.321227941692762
2.4899040034297886
2.711052429146385
2.4000907655567563
2.601589481392961
2.4896023149705013
2.578444482415438
2.5830544693679025
2.3278577090140122
2.5064770104469996
2.2934851729784476
2.3160721396009856
2.493213273223762
2.2934851729784476
2.6451999903820416
2.2309764013638373
2.339269044279489
1.8513613988731874
2.070650218419827
2.136866863901371
2.7783563161781273
1.771782221599798
2.1167737086516976
2.5693472419439654
2.4493118330264454
0.9912642605354288
2.2623623773882575
1.014097655573916
2.2996573427007263
2.3806017119473872
2.2785688414968885
2.1251916859008166
1.6737949406953985
2.219240704636849
1.9669171866886992
2.2963168308262123
2.2539961212645374
0.4689955935892812
1.7302312027417304
1.7130788426267936
2.2766427101914957
2.420756391857001
1.2917601481809735
1.2389012566026305
2.596883097403592
2.471337994944098
2.397581911182353
2.785370086995359
2.4311963294654366
2.199687794731328
1.468090781663233
1.2475562489182659
1.771782221599798
1.9300801441115987
2.3690683914379194
2.2900415360781072
2.472146730016458
1.9609640474436814
1.9851196127141382
2.5558437684823567
1.456801781775028
2.2177602521413333
0.8453509366224364
2.497320658596841
2.3861158926339625
2.0762211860566375
2.2500804540882786
1.9830841641434374
2.5672521677553375
2.267240151565867
2.329556263075912
1.3727069617019705
1.999627536341357
2.024726036394697
2.608507572441418
2.186704345910025
2.0295928587944987
1.3315796225857792
1.2957378005380122
0.0
2.3156678763770073
1.3143204867061788
2.245838938745422
2.329736747925867
0.4394969869215134
1.853688226483452
1.8446275499630505
2.6881931676987576
1.8751458114455384
2.6171895725927152
2.2871397064934436
1.3382689280764646
1.7956828983511028
2.1992818130163667
2.271873374541579
2.2844763510411217
2.1284945620433473
1.5306390622295665
2.268493070364558
2.6466587755860878
2.2058011089873357
2.388371680214679
2.2626923908396215
2.08132205902363
0.4689955935892812
2.5153525492976896
2.2704260414863775
2.3630741894285694
1.8322628970242685
1.5262349099495225
1.8790648526406932
2.5609915294703103
2.169230011544311
2.3548179769484223
2.403369984348727
2.5050990021081763
2.3987581932686117
2.576488334028122
2.219973094021975
1.8062389286533895
1.771782221599798
2.196929658423764
2.147077673396552
2.4691335462275057
2.331393614379684
2.125
1.9523612813926658
2.301070552484387
2.5924876891689532
1.8477793198239199
2.0715815881262842
2.2523826349302514
2.522901229082301
1.6809377501048497
2.407072901207607
2.4961910553322846
2.2417812580773235
1.9039678130877662
1.9440810276795104
1.7735572622751854
2.0178941476196224
2.257717469130148
1.8617022325423545
1.5306390622295665
2.3037443600997927
2.036092458376327
2.4082051737596606
2.2555791801332705
2.510390722331039
1.6894440486009497
2.3269554685901754
1.7336606896881859
1.419556298571613
2.3222928046182876
1.4345491399952024
1.5709505944546684
1.836591668108979
2.538310595615006
2.001038421901807
1.9718925930973112
0.7219280948873623
2.21153713434193
2.3140142960531365
2.5664848341528654
2.530699332842307
2.0680189273338425
1.9996891914883101
2.0693012252758667
2.7611798019845994
1.6511972890007978
2.219973094021975
1.6188386818320675
2.174170198535777
1.822815600352516
2.1159889779043453
2.245838938745422
2.784840702707
2.183674842093715
1.8709505944546687
2.275431601001136
1.833206219346495
1.7947367178034825
2.0994839817876882
2.3646607209631743
1.6526768021893683
2.5189737220942123
1.7300564103199658
0.9182958340544896
2.198607872213325
2.37689036651962
2.4581887399951703
2.211515855383576
2.119997380239029
2.508412820546011
2.4397609795818735
2.4438681821267236
2.033532702590612
0.9182958340544896
1.4315602842833157
1.5216406363433184
1.8850034910058475
2.067921565299767
2.2470807780304893
2.3175343431540503
1.8077635764171944
2.639353595542589
2.737604923405168
1.4836591643979626
1.9818223502338002
2.2844763510411217
2.452881394950912
2.6259832643689336
2.7034080035863157
2.1147869792568113
2.8120658147192494
2.0927150195266107
1.1221136771091087
1.97084619919284
1.9167526770093308
2.3466452402078537
2.4630630260450057
1.8097238785956846
2.5022584126945975
1.9272129240676201
2.0872520915136796
2.1607349546802497
2.6198621161681968
2.3835616043900343
0.6500224216483541
2.1927408149441474
2.321711491893328
2.7038054995571312
2.662165117647113
1.3520301017579528
2.15927680422728
2.2348352436859305
2.6751045145499486
2.0566416671474372
0.5916727785823275
2.1215424877545814
1.8490070880144414
1.5435644431995963
2.2829500101554645
2.363147313049445
2.6510469290970815
2.5544760032663323
1.882856063692049
1.207518749639422
1.7169171866886992
1.9362600275315276
2.127986806877675
2.269022857283885
2.4018061633511634
2.3179508276569885
1.519035274338866
2.376168178091903
0.7219280948873623
1.5221898721658211
2.0620426920153516
2.3377008416145983
2.3143122207033873
1.8942738697712644
1.9455305560363263
2.2610439833372844
1.836591668108979
2.84634887667163
2.0182155146751497
1.945530556036326
2.5336220039769093
2.0
2.5380373825559115
1.6216407621868583
1.2987949406953985
1.7916674843771045
2.116299605701696
1.7034651896016473
2.0327745470893914
1.7489992230622806
2.5112048901811743
2.185475297227334
1.0529407605626346
1.6282202760321465
1.495538029919111
1.8228156003525158
2.336048384125583
2.5489405335761837
2.263539717697304
2.168325822713779
2.1571480396665197
1.842737648613667
2.334665872776278
2.6921659845353743
2.5425275513782375
1.6709505944546685
2.1029256946515305
1.9989400393547574
1.572351663308588
2.1791490404173777
1.871569948038403
1.4345491399952024
1.9343176172702878
2.1521036266528566
1.9854752972273344
2.8229433931527037
2.5292555592973907
1.6869939589301068
2.1694353517794047
2.235296291301023
2.25
1.7743974703476992
2.387758283968396
1.8638263900908156
2.338796390747766
2.438986575756772
2.5498216911271476
2.3238839511479825
2.2790016777595636
2.356378397266897
2.036569395509731
2.5854752972273345
1.3346791410515946
2.2167939359253994
2.1031127649852297
2.3499036610871133
2.3963917561689336
2.47000053361237
1.5156546557441943
2.409432913964276
2.524970149175652
2.402572340128348
2.130240814944148
1.324344026199031
2.1829316468984663
2.21577067413792
2.5436656279983034
2.3467560203614735
2.45191190610997
1.278897902987479
2.3758145836939115
0.6500224216483541
2.1908887189090462
0.7793498372920851
2.0441104177484006
2.393828022094786
2.605091054934494
2.049198566242579
2.537752242713508
2.425141203232899
2.17403586834798
2.307601311512057
1.7633584292311082
2.2693948246652953
2.6921111225632997
2.2271251585103027
1.6465970137793005
2.497200775250927
2.221204342695824
2.1135388697992608
2.0656563501899243
1.726589656684235
1.7633584292311082
2.75231078147587
2.400528732756245
1.9669171866886992
2.1395523020645117
1.8834398781316906
2.066283864595081
1.3709505944546687
1.9232196723355077
0.8166890883150209
0.28639695711595625
2.6662478973127315
2.413432652205186
1.7872087135702293
2.785734572271383
1.931584071702181
2.7070465182299706
2.1234786725698864
2.0986475287869135
2.633761927843402
2.497200775250927
2.1406064599010723
1.9804820237218406
1.648199470591429
2.385651070868225
1.5683182557028437
1.158938532350277
2.473697504761569
2.345437252310555
2.2026706871943627
2.531510777487775
1.4315602842833155
1.822815600352516
2.0593516219719215
2.2634612305507336
2.352083255022155
1.5916727785823275
1.1236910174699593
2.336118553134518
1.7382689280764645
2.2366885487545596
2.5822512951081964
2.2266523289565594
2.639627536341356
1.9128876215181603
1.8240460500219924
2.4303630536924397
1.9050914762681628
1.8070027314271102
2.0494647818454674
2.147077673396552
2.0182155146751497
2.627986806877675
1.2917601481809735
2.253553208956351
2.434598505552562
2.251629167387823
1.8497209522740545
1.8907242802890196
2.0430370884992515
1.2730009199061239
2.3012693629222505
2.808307431232477
1.9715397843923264
2.0885584946115605
2.058955391837367
2.6225797618424918
2.473362499193836
2.58324590009608
2.2302629735378665
2.6181782075582496
2.5630710153345273
1.8892464285091581
2.235336282879157
1.7229712791784753
1.207518749639422
1.8565647621309542
0.6193821946787638
2.459282221599798
2.3035088547976783
1.8322628970242685
2.2942000244691263
2.588091447940583
2.0551700852376777
1.0408520829727552
2.2366760100268643
1.2366407419411674
2.2033331583703446
1.8957207002857979
0.8366407419411672
2.090468570732828
2.410762106246821
1.9254106352407234
2.0294069451656007
1.8336056789417416
1.8374889543546649
2.453582957309917
1.838758680915008
2.4641028582455506
2.0705934438130758
2.565146189939604
2.357576420067981
1.483831706844689
1.9165371209077375
2.6164970293880994
1.729309750493647
1.272905595320056
2.252724195624655
2.044019005870479
2.0665765330043144
2.1005602963278096
2.038760752862686
2.2986500832189996
2.240857286493036
2.652403302099438
2.590324628854939
2.0281175761429293
2.445380543956052
2.421677479344944
1.781937063546704
2.175735869100491
2.3055187888670634
1.6567796494470395
1.7233083338141042
2.21153713434193
2.293400066079337
2.431908672187523
1.7055872616982601
2.2812736059353376
2.3793702618887425
2.3857511780132494
1.9194856294796498
2.368987565217778
2.5074081678580677
2.3331035094405057
1.7599305295640908
2.3413152774012365
2.6115107774877746
1.7916674843771045
2.165131711675571
2.384602696255584
0.4689955935892812
2.2461255575067596
2.2347200999417733
2.0062578944388543
2.0870599118835544
1.4926140680171258
2.172879464447691
2.4779849621152987
2.129137170132955
2.360865817244537
1.8774487457092885
1.6578764348499595
2.0365766899407327
2.4530201924480455
2.490062440930833
2.670951096643273
2.415987245729186
2.580818442148648
2.0314536459234778
2.639216918926945
2.533053832927304
2.4232196723355077
2.3659248732117817
1.5589385323502774
1.7322216637616483
1.8158547401199892
2.0308550939547763
2.7549376796696925
2.2366238110793626
1.0529815751302694
2.548322033227405
2.3276954672793972
2.4910649724579983
2.1283310497671026
0.6500224216483541
2.551269362922251
1.7534343861887849
2.6091944866438066
2.419932924028047
2.62710245798484
2.392278245058993
2.2216204045696
2.3433546214047736
2.660492805089366
1.7471671973069338
2.078491674029184
2.895303562465275
1.2326602568158205
1.9287705856438881
2.0239691189783655
2.073238285601098
0.4689955935892812
2.242132986125189
2.1052804326624144
2.249278029736408
1.5589385323502771
1.8210319581338212
2.0830739655924453
2.4366213360717546
2.5643640948356414
2.0809864110764345
2.1464393446710153
1.9039344972468866
2.408624970099069
2.2197218324096135
2.676562894133088
1.9585429818803033
2.621574154608783
2.4421515051627516
2.3969198537804344
2.4868481784809897
2.39668482262
2.4459787145415692
2.061482186720776
2.3409562206554697
2.466323864394701
1.383099991189334
2.545744142141702
1.8288713632524445
2.0685102849828403
2.570505068496186
2.4599042527512562
2.5870821036899794
2.3308442812140955
2.2938135858333486
2.106603137064475
2.0
2.3111986673263862
1.9766480916739717
2.7382266299320284
1.962354483657865
1.8163401138534077
2.5904963207654235
2.422491668124445
1.5216406363433184
2.234578224390979
2.078491674029184
1.9026831892554923
2.234697002530877
2.4789558574457082
1.790492223970158
2.4252615710206085
1.850606394732453
2.4843774074701273
0.0
2.4772903419924206
1.0949143184120975
2.2195639067599626
1.6956893045363468
1.8565647621309542
2.208102070191481
2.4433656266441814
2.1020126848843983
2.068096693865725
2.517204446551486
2.1234191659802932
1.54515219719895
2.3363821367236466
1.7916674843771045
1.8931558784658322
2.0321496699531787
2.5000313258998554
2.0018228256222304
2.623110562292691
1.9688238866642982
2.6477333600451924
2.416158178496845
1.5744174271404583
2.2333557549816874
2.2249548896763027
2.276470282833743
2.4162641958494584
0.0
2.5407375821475036
2.43299930663729
2.591672778582327
2.2345299214394703
2.4992994796271377
2.415706210967799
1.8024212838293647
1.9898294378787094
2.113739261916988
2.4547142634396484
2.0837520955921653
1.8098225451324987
2.4050287377419615
2.2284118544068154
2.034572365811466
2.5611213994484046
2.4022921890824147
1.842737648613667
2.2109252204021805
2.2592703980420357
2.4011699043431336
2.14973162923722
2.317882341364265
1.4932133643654213
2.4815710846137464
0.6500224216483541
1.5052408149441479
2.547145710309502
2.470549740888595
1.303515793128299
1.9056390622295665
1.7681938943542976
1.8050365325772657
1.6840384356390419
2.5035545437448135
2.3897011331087885
2.312907291846956
0.4689955935892812
2.360527783677823
2.2609640474436814
1.7967916319816366
2.2871397064934436
2.0341591278514217
2.3475289474149994
2.4131292809536227
2.21913191089923
2.3974168451037094
2.131774880858823
1.708098663501806
2.6828779443167936
1.9291417256406973
1.6578764348499595
1.6493974703476992
2.1621298150039467
0.9940302114769565
2.0805005306402675
0.0
1.610577243331642
0.0
1.7691705101193773
2.2411086866502883
1.061278124459133
1.6137129703673825
2.2953570516174424
1.9237949406953985
1.8166422780956524
1.675143246409987
2.2783283537314114
2.148379761140027
2.367111469779674
2.4282340702191485
2.0504748902298937
2.2848474825612657
2.755913095175825
2.1474307977838274
1.2389012566026305
1.781937063546704
2.028343279757114
2.1354712108742686
2.0387027575261962
1.7540937344724423
1.4256051990169436
2.417154068136763
2.367111469779674
1.4299111709758698
2.445470853406835
1.9352419173638844
2.7192217131241563
1.7672213730052762
2.019035274338866
2.4956029237290123
2.239906368641047
2.0274893113295236
2.614005462854221
2.3196275363413568
2.262772342855596
2.329736747925867
2.51133291921107
2.2301390591704435
2.369331261111518
2.7639217802041562
2.179350202453772
2.2108058006015905
1.5645041853857053
2.317449914734647
2.420114011502031
2.2077171727668614
1.991076059838222
1.5774062828523454
2.4294945204514447
0.0
1.402993418443045
1.7174007276200778
2.394759897524403
2.2440154339640737
2.2044947674228146
2.054258150862612
1.640223928941852
1.7772847245998158
2.058117008486823
1.7382689280764645
1.6893113354454596
2.205282198358203
1.679429366813955
2.028602043654658
2.591278426650387
2.274983599956846
2.2911265573522153
2.368925079361264
2.281709330196021
1.9503047835830276
2.713844162202506
1.6137129703673825
2.411027779380347
2.43396456442329
2.47160620967463
2.1464936008784394
2.0042859090703913
2.5052854671342417
2.5937262268707766
2.0805576533947314
2.0427510853630295
2.222813726540686
2.540609036833507
1.7045034359982418
2.2828535261380827
2.3590070533194867
2.597169863771117
2.204925584892669
2.371765668774843
1.1981174211304033
1.6737949406953985
2.1615912052730857
2.429494520451445
2.571139260248238
2.7884633250929687
2.4312450708829756
0.6500224216483541
2.0119312874634394
2.329736747925867
2.219240704636849
1.8294732983598407
1.6798229071556268
1.7840874921990568
2.3322488896002307
2.5397170014624826
2.143780234737159
1.8892464285091581
2.2333557549816874
2.4640835117703763
2.2815101887362594
2.175241917363884
0.74959525725948
1.672905595320056
1.8325518169307426
2.2967960992409067
2.4833519154447936
2.002755067189044
2.481706277574314
2.331247174491948
1.8895782867502309
2.2507520132504406
2.236676010026864
2.5121987351738495
1.8735317539853962
2.604043395116106
1.9824403122172558
1.9386790169573507
1.7329449759003477
2.474952541517313
2.1575499655522066
0.0
2.225185279715573
1.746465798504072
2.4939777096116282
2.629561975156321
0.8112781244591328
0.9927744539878083
1.595461844238322
2.1768589799249654
2.520722291761913
2.1981731101716204
2.431307600165432
2.218437210664321
1.4345491399952024
1.8024677973715657
2.458229636909087
1.186278124459133
2.2183641295938012
2.7366697712114303
1.764097655573916
2.6418762690216226
2.115635127303788
1.6165365037609145
2.460754662766713
2.680299310727098
1.5461796919474973
2.1630373825559115
1.188721875540867
1.9447167900528528
2.518116124223191
2.6769447629717744
1.9526832779469112
2.2640109325552293
1.6049355947431312
0.4689955935892812
2.1440239107574226
1.3520301017579528
0.37123232664087563
2.579986855772667
2.3881646270274066
2.1499481955839457
1.4885252948977485
1.1965094976219794
2.6237833967326494
1.4701429793353156
2.3690071825021235
2.296186923706595
2.296075191194549
2.2936606896881857
1.5744174271404583
2.875925685684246
1.8703403030854326
1.207518749639422
0.6219041416291193
2.2063220140822315
2.495736048575599
2.0157404324930677
2.1939501356998794
2.064042639445697
2.444497116696662
2.5203071111604083
2.2132982820604443
2.1599109564099277
2.0
1.9850486634539932
1.685567202024124
1.7187828921272557
1.3346791410515946
1.4955380299191112
2.421315277401236
2.0015419333359277
1.6393210497942587
2.5501589598054406
1.704381457724494
0.5916727785823275
2.7430776290105054
2.057924310831006
1.0
2.501850848028674
2.2192518259037435
1.0862293462325945
2.0762893592941096
2.06610893983748
1.3716407621868583
2.501315277401236
2.2902239140764395
1.5216406363433184
2.5130649765079127
2.5580510765444573
0.0
2.245869617795809
2.075375160769727
2.242652555194297
2.375058224400298
1.7804745516055518
2.618633046516737
2.3053206513329316
1.6879430945989
2.110093477608016
2.030211950247993
2.5711851930748497
2.1159953432714476
2.4845699115651434
1.3787834934861753
2.2340896909097094
2.206322014082231
2.2878662772365086
2.0650464172773453
2.3117583206090075
1.5967336881190093
2.3797144462792175
2.6256744100484792
2.1711395066729176
2.5744183139072825
2.4582678680998415
1.287054028118727
2.514097655573916
2.4344177962431743
1.6879430945989
2.091917186688699
2.426367488473227
2.4579195645645373
1.9504809632118365
2.493552545807277
2.2617840955380735
2.078491674029184
2.3096859796743843
2.1716287152428544
2.4534962562270914
2.033515747578792
2.1223323627941717
2.156633353240414
1.8814099964358764
1.927451224964519
1.675143246409987
2.366079445682285
2.0543130103080576
2.5328915619193917
2.001926744982226
2.5485332098491886
1.7709505944546688
1.9563926876869782
2.22587447092427
2.5421750080400374
2.3990693038121638
1.9732285161344476
1.853688226483452
2.0015419333359277
1.8937666738014505
2.5501589598054406
1.704381457724494
0.6500224216483541
1.822815600352516
0.6500224216483541
2.3022584126945977
2.4194762135576875
2.458910227067178
1.9015064025015063
0.4394969869215134
1.522189872165821
2.2562522173089894
1.8372447452426015
1.6020570321936276
1.4345491399952024
1.7804463148460088
2.5130606498308463
2.6116911233965534
0.5032583347756457
1.7382689280764647
2.7876878900165245
2.2527241956246544
2.1937365170075025
0.8166890883150209
2.2974533091219698
2.312907291846956
2.503971294764107
1.8233134197163956
2.388888405728393
1.781937063546704
2.31360885069569
1.9985028952164239
2.302683189255492
1.1540157730728
2.2657101447254586
1.7967916319816366
2.057924310831006
0.0
2.359805599778752
1.7314882192517642
2.5546097612655667
1.5306189948485172
2.6821621492957894
2.484654392775623
1.0892300788425848
2.2709505944546686
2.531530082743692
2.3081063877869434
1.7720744553985661
1.9039678130877662
2.390805482076982
2.0956468993981847
2.567951421266602
2.4488779394252065
2.5378357359846664
1.9528195311147831
1.8942738697712644
2.2730134986849166
2.7943061329209686
2.1822287189138017
2.762968865679214
1.3382689280764646
2.4323213224108615
2.4634582986483036
1.4299111709758698
1.850983694881109
1.8892464285091581
2.2569089895583545
2.273622566411168
2.220068302234069
2.392515945623278
2.141821596022348
1.9177959060096712
1.3244602933016414
2.3564648567476554
2.48902557364365
2.5254920470275777
1.8404514287124563
2.5162022527616275
2.0843123595905304
1.496065911543853
1.7967916319816366
2.1597529331037872
2.2733692654688205
2.0
1.9149798205164812
2.4689462981346573
2.7761207468426807
2.3437674223666707
1.608700165519891
0.0
2.667297826852001
1.9628150414142902
2.1567796494470395
0.41381685030363374
1.3516292011348527
2.562691986530827
2.2464393446710154
1.8892464285091581
2.0769472118487204
2.4919674134034664
1.7382689280764647
2.5202442071537554
2.1881108759113777
1.5465935642949382
2.0
0.9852281360342515
0.9612366047228759
2.3220269540877885
2.165160189045683
0.9182958340544896
2.2884209322609634
2.142064672977998
1.9620871761502205
2.205582504521705
1.8024212838293647
1.6225562489182659
2.196957186327418
2.1844984515601635
2.1675470365490583
2.530138673760707
2.253553208956351
2.1755929650665524
2.38669834670499
1.9399824743635556
2.500791063719111
0.9373012413074896
2.107833210824613
2.240223928941852
2.1279925014572076
2.313100666415769
2.1832062193464954
1.992778107459939
1.2957378005380122
1.6774212838293647
1.6805563732659934
2.3666802004331786
2.361786356596852
1.9881228429759303
1.5058762556041068
2.974399157517719
0.9912642605354288
1.5058762556041068
1.7055872616982604
2.430563456604073
2.0920613938215475
2.6734454217968615
1.8380267541624737
2.286878586930544
2.1773206585968414
2.4173206585968416
2.188142053480656
2.5130606498308463
1.9386790169573507
2.3885115182719727
1.0957952550009336
2.362355971203013
2.1093442852255486
2.4187681186415895
1.6368421881310118
2.112876451303138
2.3448395987484925
2.2981191176539024
1.8626397776016614
2.2816905742755997
1.2210477851797181
1.756574414637184
2.7990121204162937
2.252705481927944
1.8240460500219924
2.2200647345734974
2.3018780958489047
2.095241917363884
2.463886833803075
2.267584041492267
1.5566567074628228
1.9321560761384233
2.347133416449625
2.0570812624395973
2.605388542207534
2.8549739696766516
1.5058762556041068
2.032149669953179
1.5229571181374095
0.9709505944546686
2.4544470316683884
1.9075169719509488
0.0
2.420114011502031
2.2077171727668614
2.182685665157144
2.4227750662613374
1.3716407621868583
1.8389205950315937
2.570356063692049
1.9447060179982414
1.6879430945989
2.2312221137405936
2.421457362417085
2.531957465997147
2.3889493216907822
1.181899057917561
2.6435343209677566
2.19504541531385
2.1654710497666985
1.3244602933016414
2.1644977792004614
2.39212668463354
2.2751703547731936
1.9609640474436811
1.972824876890667
2.2626923908396215
1.2326602568158205
2.9734797288863257
2.058053136652385
2.315270396880037
1.7004448031130073
2.3202652808297493
1.9768726445590383
2.074126746326291
1.6487225970568014
2.370253816431622
2.485662649575371
1.7534343861887849
1.158938532350277
2.0221592379714517
1.8370206542387149
2.4158659107046754
2.3995880683557775
2.4881158869872473
1.8294732983598407
2.3056450063529996
2.140361163698485
2.6242364746190265
2.3746887351944848
2.320361222416222
2.295461844238322
2.094244435147134
2.1414460711655217
2.149026099395914
2.524092480429718
2.3441144484698806
0.4854607607459134
2.2556468993981844
2.63389140436093
2.017439550117998
2.1349969859542828
1.6277637415297184
1.0408520829727552
2.563703823796162
1.8389205950315937
1.812166021208904
2.622153838257028
2.301330845015797
1.8980933736695382
2.778351781658678
2.337019353315419
1.311278124459133
2.035947382271399
2.159330534028561
2.1981203125901447
2.4483857974775094
2.06753060566188
1.4256051990169438
1.7232314287976207
1.6628036866908478
2.5170147536958334
1.962354483657865
1.2957378005380122
2.3428619328342597
1.8885105964272466
2.6070422501505965
1.722266311943983
2.515654655744195
1.8763576394898522
2.416666666666667
2.3481061300625727
1.4567796494470395
1.5461796919474973
0.0
2.4817062775743137
2.304257026388135
2.3129552906826834
1.847128210136425
2.96182773512966
2.4339645644232903
1.4966407621868583
2.425904947980892
2.3995880683557775
2.4881158869872473
2.2651034296134096
1.7924812503605785
2.481955655022188
2.5144996250609606
1.7947367178034825
2.2383621886877982
1.6922718656836107
2.251514821724132
2.476181268342708
2.364532863142113
1.7360411676599221
1.8212764279322335
1.7382689280764647
2.2233970031305024
2.5773270128028267
2.3315796225857794
2.1609640474436813
2.0579305793982736
2.5081850046922733
2.6194016248088148
2.54166501982502
0.0
2.610760449102981
2.0311055776946443
2.11508495181978
1.4886022351695134
2.6197225868920393
2.3167526770093305
2.237220602677943
2.38538374649487
2.3092966682370033
2.758346724899082
0.0
2.006064802563774
2.785444499843777
2.4989295636909348
1.5993308322365363
2.4133376899560233
2.484676867863271
2.0060603254083382
2.359256433399674
2.4428396152204086
1.8077635764171944
2.2638155016640957
1.8942738697712644
2.5598431835390416
0.0
1.8294732983598407
2.136866863901371
2.01809878625526
2.271296823754678
1.7900504167841065
2.367492461184755
2.8044310370213315
0.6500224216483541
2.6826390271091154
2.089177559532465
1.198183947911799
2.390308332669229
2.835697173371268
2.4712518360044666
0.7918583525674836
2.120904350455272
1.5546097612655667
2.169925001442312
1.986187965046303
2.685486989202342
2.2689704621597433
2.5525496777656036
0.5916727785823275
2.2780851586345796
2.5147119710906907
2.2945199082544616
2.4030244623129757
1.8050365325772657
1.6879430945989
2.3536857730065837
1.781937063546704
2.4873178814768275
2.1868085945630504
2.388511518271973
2.690786092197716
2.3608039495079747
2.633075827621363
2.3643194486825676
1.8092830792973649
2.7701824495909326
1.736196715624298
2.0037807205082183
2.1209043504552723
2.547897627500466
0.0
2.2605038327557683
1.1488348542809166
2.5779536491193973
1.4716022614097979
2.2655833228877333
2.0745031005958907
2.3410666398014683
2.381687083026442
2.45215290886764
2.5931663158737224
2.3511633233281146
2.450700153683722
2.403695225438361
2.0566416671474372
1.626688849701832
1.679429366813955
2.1149798205164814
1.7464657985040721
2.3576633493859043
2.090747727437137
2.0365058382659917
0.8112781244591328
2.315045557758942
1.7699926200894214
3.0840135038809438
2.1992818130163667
1.856564762130954
2.7528553052032327
2.4950535713422144
2.3642842047767054
2.1992818130163667
2.837983269593371
2.08746284125034
0.951994081908783
2.319515776501326
2.7711881718897082
1.675143246409987
2.2974533091219693
2.2030713060627085
2.6758852509089577
0.8812908992306927
2.337320658596841
1.3250112108241772
2.58340865013502
1.893766673801451
2.217090774749888
1.9628150414142904
1.2389012566026305
2.5093447164249203
1.3520301017579528
1.7047334852678528
2.5813152774012362
2.0300872246321315
1.061278124459133
1.97355611232775
2.1868085945630504
2.2585728843419157
2.0629072918469555
1.8377047062527903
2.314922755186698
2.329532812896268
2.474973201892185
1.930080144111599
2.1040437177782714
1.9680953745801684
2.226694572714777
1.9523612813926658
2.2551230440172545
2.274983599956846
2.2911265573522153
2.559448234579623
2.3108317114847217
2.5042499587070624
2.4888395675963344
2.667297826852001
1.0949143184120975
2.6995138503199656
2.038760752862686
1.8288713632524445
1.6930405350919486
2.5773501411010655
1.9713464332493889
0.8166890883150209
2.1868085945630504
1.9925514718675026
1.782022335565046
2.179350202453772
1.9083445441575106
1.6894822670191825
2.4617132202396372
2.4330679904378063
2.1635529600545524
2.2949513621038187
2.4215137106662104
2.3990693038121633
2.4526966088721935
2.5198851950481216
2.431392184110347
1.9221299662738431
2.6392933870736064
1.7563369391413384
2.620918275838633
2.1769750254620437
1.5618373950396618
2.3231853624879246
2.497200775250927
1.8892464285091581
2.353759374819711
1.899124177322116
1.7114801318058293
2.5100838917364285
1.6325948924976457
2.588024342607557
2.3156678763770073
2.1147130311157563
2.197620571461702
2.364328161682245
2.2395792563442973
2.2261893459091473
0.0
2.317520750262211
0.9055872616982603
1.8444489990962745
2.1048855230481607
1.9106973241674985
2.2284118544068154
2.0399542912347606
2.556979065706863
2.374693951646702
1.6769447629717746
2.441078603109956
2.711531178664004
2.4940954395801547
2.613697167583769
2.649885715033745
2.5596067848247066
1.6737949406953985
2.452417895996021
2.314081045251663
1.1812908992306925
1.7903577851682801
1.5990919739558995
1.483226196970911
2.2345299214394703
2.3759176810210154
1.7987949406953985
2.5185529507103013
2.193670821116834
1.2957378005380122
1.991076059838222
2.28629862881728
1.4838317068446891
2.258895099679031
2.5071944390391447
2.268493070364558
2.28897075992706
2.3942811477133943
2.0249466235692704
2.2974533091219693
1.746465798504072
2.407210311338979
1.6589797521242051
1.8892464285091581
2.633936607614698
0.4394969869215134
1.7448425317532439
2.5478048652364227
2.195461844238322
2.548620385799132
0.4689955935892812
2.23198178140114
2.5766081729864396
2.2885522559878706
2.807656972774561
2.431393614379684
1.889246428509158
1.7055872616982601
1.7464657985040721
2.617172659558135
2.1790541921424578
1.5628066316931741
2.0086949695628418
2.2603555297522187
1.999627536341357
2.0273941713765185
2.6721859154043464
1.7804463148460088
2.23477472746692
2.5221635033384775
1.3025888775409349
1.6228643860775216
1.5693078231812958
1.7838593436779768
0.0
2.3864666528815413
1.4838317068446891
2.1414460711655217
1.557992251936637
1.5919171866886992
1.9644052674484187
2.5255490855036324
1.384431504340598
2.4016104489029875
2.0494320362548177
1.8833830982290134
1.8496017527145812
1.610577243331642
2.127478486418822
2.21153713434193
2.293400066079337
2.431908672187523
2.3896872584045634
2.1929350396193685
1.7232314287976207
1.967859011399121
1.5693078231812962
2.1360604099707614
2.1209986262519656
2.4251746542049486
1.5916727785823275
1.7633584292311082
1.5566567074628228
2.2654427886916007
0.3227569588973982
2.277964543372467
2.58713472390492
2.0640387089891847
0.7219280948873623
2.597169863771117
0.9219280948873623
0.0
2.0870793466088498
2.4669453721331966
2.326980897429504
2.445267829335428
2.330388257702963
2.5130606498308463
2.2709775789469964
2.1283310497671026
2.764198392465157
1.731360029190912
1.889246428509158
2.741549823392721
1.207518749639422
1.301240785481462
1.321606958388347
2.301000900451587
1.9254106352407234
1.4294732983598406
2.352361154999818
1.5916727785823275
2.3273217472539964
2.227847809227272
2.576268474689065
1.5169908184702647
2.6303543743446895
2.803144885250907
2.3989748919991425
2.8800035235716126
2.561211300864365
2.469381717458916
2.3294594953973835
2.2887368233064365
2.0410605518627403
2.3160721396009856
2.0654513993116463
2.3716535224393334
2.3060399290217775
2.5516025723961118
1.3250112108241772
0.7219280948873623
1.8850034910058475
1.4294732983598406
1.2516291673878228
1.731360029190912
1.3699740752745009
2.028343279757114
2.6428840634794755
2.106684660017988
2.5275421997485163
1.9618373950396615
1.8876004742789414
1.9405473800550372
1.8077635764171942
1.7263472243434204
1.1401156785146092
1.287054028118727
2.5054152715728266
2.228171194340873
1.675822057576696
2.715261826322208
2.4521688040349674
2.4493118330264454
2.1040437177782714
2.235423635431443
2.2183875773279125
2.099645024480736
1.5204260414863775
1.8389205950315937
1.54515219719895
1.7263472243434208
1.590787785057843
0.8658566174572235
1.9772354454083079
2.139695807217429
2.599577271776573
2.0566416671474372
2.073081783139082
1.4516607643577668
2.648346969993113
1.7743325010126185
2.347692361581363
1.8062389286533895
2.245869617795809
1.5306390622295665
1.7045928479969121
2.49647937549469
2.254636215098623
2.413321587631777
1.7232314287976207
2.223829217379574
2.3616460524805634
1.9864267287308424
2.2662345360261256
1.9001403722466925
2.1570794473085484
2.3012693629222505
1.833206219346495
1.4114778252023852
2.8081088099268787
1.5693078231812958
2.5410841794685552
2.5073403492708315
2.0985798617120746
2.161666470700147
2.3216534487138065
2.4322347146648093
2.1916116417513782
2.0872520915136796
2.6382522929073686
2.164424652422237
2.3471967222609034
1.3520301017579528
1.584962500721156
2.33379987011787
0.0
2.348211136746839
2.4049355947431312
2.2289961030786185
0.4394969869215134
2.2570704707729097
2.2470306501036306
1.8166422780956524
2.228171194340873
2.788106501963945
1.2638091738835462
2.1426902794604756
2.011923873911618
2.3706196565586257
1.9466713011276782
1.6879430945989
2.5215555790086284
1.4056390622295665
1.7464657985040721
1.061278124459133
0.8112781244591328
2.6057824764460986
2.083336848916465
1.7695459925589747
1.763911156578927
2.149026099395914
2.7090082367291326
1.6774212838293647
2.0623333564148303
1.8179475789285708
2.2610439833372844
2.4763139628204516
1.0408520829727552
2.2513680857970018
0.5293608652873644
2.1711395066729176
1.561278124459133
2.210096525420332
0.9940302114769565
2.166457281989699
1.8294732983598407
2.372634752158321
2.0681041631661
1.7695459925589747
2.0070024854224284
2.194080380661308
2.2041625260016593
2.035057998327814
2.510318460580291
1.8288713632524445
1.41379956460568
2.3012693629222505
3.0367251357056024
2.5511894468399485
1.9954618442383218
1.7047668562193679
1.4497116752789494
2.6511530132759784
2.1638651219508542
2.484751725254529
1.9750318782181049
2.5260619294227338
2.4971001566546724
2.5941178916311856
2.2840065210862766
3.02708465477802
2.0198157169987727
2.446711491893328
2.0347090892393824
0.9456603046006401
2.3723887561033683
2.2375168162362655
1.6922718656836107
1.9440097497163569
1.640223928941852
2.292650247433333
2.357041805037959
2.2396782598404563
3.0590773371055646
1.6499844950373648
2.131300342505361
1.2638091738835462
0.9912642605354287
2.619647337185571
2.602367120175908
2.8530408842698143
2.684633473125444
2.5126012561274518
1.6737949406953985
2.2492870686521593
2.469508336839199
0.9182958340544896
2.3560407103396357
2.5860388152612774
1.4604846813131114
2.0782975702780195
2.248320381093429
1.4627552262645034
2.0809180661707503
1.6894822670191825
2.498077546623641
2.360801584056965
1.6382533594712747
2.2312702546075758
1.9237949406953985
2.0353433020063356
1.3346791410515946
2.19603941648916
1.7735572622751854
2.0387027575261962
2.1842612638641032
1.588593312737365
1.8030741894285696
2.3667452542142176
1.8931558784658322
0.9798687566511528
2.791753373284249
1.8679653582397107
1.9528195311147831
1.9387218755408675
2.581647757225666
1.976648091673972
2.514039249513813
2.4100563649749778
1.9071996707089478
1.9375840926475667
2.3350400210360096
2.129636644885743
2.4103330981335995
2.5144939749802675
1.7972554779072796
2.10661225581642
2.4465813783823647
1.9280980912618826
1.9192407046368487
2.4785905012494136
1.3946169838545441
2.402993418443045
2.1954618442383222
2.0850551027564768
2.363834637305405
2.257906570104942
0.8886865525783176
2.2551581084831147
2.006305454189202
2.1828059002169544
1.6225562489182659
1.9447167900528528
1.7450972181704332
2.426778513688884
2.1609640474436813
2.014033514608869
2.116299605701696
2.602565337222726
2.0580531366523855
2.353810979580011
1.8364665159366838
2.424300487888431
2.0551655736563386
2.2396782598404563
2.3008636133623837
2.653811355748634
1.7057328617496865
2.039521845354198
2.046439344671015
2.096822633626531
2.2577174691301485
1.7916674843771045
2.4834727616841725
2.4769090873227104
1.5574319619297041
1.7947367178034825
1.7416838940090766
2.2528473736918935
2.185475297227334
1.9762822787735768
1.7360411676599226
2.4593598634344995
2.1712874728954157
1.9808259362290785
1.8512268158971916
2.3874188595239
2.132914563979398
2.4817062775743137
2.298985198131055
2.3323151693411313
2.360975457011764
2.3640647985571936
2.4397981900809884
0.9940302114769565
2.0643340317924084
2.1211274733371868
2.2136606896881856
1.9874687506009632
2.5815750662104566
2.2758877112536013
2.2111552383488755
2.2111552383488755
2.2652414890721593
2.2836522778794928
2.372096688995876
2.219973094021975
2.0626563480372715
2.5415301730294653
1.6107476626701365
1.8892464285091581
2.063865121950854
2.584303179346712
2.3716535224393334
2.398746068958019
2.9463803401083943
2.4436096872956616
2.3958396357840996
2.0427510853630295
2.250764362625347
0.9933927290103626
2.2078164969175367
0.0
0.41381685030363374
2.653146738289453
2.112363445376481
2.6686517302725736
2.459147917027245
2.466052868455254
1.8799649487271108
2.2523826349302514
2.0435877197046217
2.237561102712809
2.1462406251802895
2.408754759469019
2.1583445441575106
1.7767248000621212
1.9900989317780031
2.370799396892187
1.9948414446449676
2.220111964470926
2.125246327416571
2.04445108611554
2.5171367075709643
2.360801584056965
2.503893607376572
2.3982975702780194
2.469137989487857
1.5216406363433184
2.585662379789583
2.15927680422728
2.220429781138912
1.419556298571613
1.1917601481809734
1.3346791410515946
2.101569025834275
2.2081234744912996
1.7987949406953985
2.355116415196845
2.013911951300547
2.6202262761051807
1.8231924110430977
2.2411086866502883
2.489246428509158
2.1596275363413566
2.322203394455809
2.284714813842151
2.67929991590356
2.610879639472305
2.418877147341905
2.2603555297522187
2.3962144572075905
2.2312702546075758
2.312907291846956
2.036177756445253
1.9609640474436814
2.6242731112578337
2.4989884873404153
1.8419171866886992
2.4817062775743137
2.175241917363884
0.9055872616982603
2.2556143083370057
2.458048417242761
2.556477234882564
2.059040571007588
2.11805147086067
1.7324544861029954
2.283026710874167
2.4021012720094808
2.1234786725698864
2.467838776217259
1.5629388924523995
1.6457113704075788
2.016875695766564
2.39212668463354
1.5774062828523454
1.6707145064847897
2.4833796645133197
2.247637454833018
2.1822287189138017
2.4991382187266784
2.5318908047147177
1.7360411676599221
0.0
1.8496017527145812
2.4298282121616683
2.124969245130711
2.362205914663769
1.7456472141762842
2.7118144103852444
2.2303083326692295
1.856564762130954
2.0725055801749033
2.404907349396119
2.4435799405518495
2.25
2.3590070533194867
1.0957952550009336
2.4495356276824545
2.678953899518576
2.0353433020063356
0.9463729359854419
2.2883201891060003
2.4257714544846523
2.2338148813707113
1.8128876215181604
2.354611616914466
0.0
1.6393210497942587
2.650954493439508
2.210088994301624
2.640867601924373
1.9766480916739722
2.569548995934459
1.6567796494470395
1.3709505944546687
1.6798229071556268
2.1398355237062026
1.771782221599798
2.4777044112240603
2.353810979580011
2.4751060324573735
2.2615585341365625
2.6538113557486334
1.5744174271404583
2.18124435795522
1.5216406363433184
1.8043075118743728
1.9128876215181603
1.879964948727111
2.0845395307173367
2.1231991154262255
2.3942972113886674
2.138688570451097
2.365022195936204
2.4881158869872473
1.8892464285091581
2.4388402680754373
1.9732285161344474
2.077235445408308
0.863120568566631
2.070950594454669
1.3731999597495852
2.589290109120381
2.4982511469685025
1.5713394973607078
2.1145979465555214
2.390664724962343
2.252634757969037
1.6870927081530442
2.1394354168390697
2.178830073557112
1.7028195311147831
0.7793498372920851
2.1119189127264493
2.3238839511479825
2.2915617964493906
2.3771381664482503
1.8005536741835049
1.7863012011716393
1.9762504326291523
1.9056390622295665
2.2333901696636165
2.2183875773279125
1.5916727785823275
2.4478981188888427
2.458245525284857
1.8498687225851778
2.5266140822159584
2.5545089481528365
2.5695488277869583
2.5916727785823275
2.5817584892201393
2.5439594458900547
2.2164149517083924
2.6220701566397695
2.6137653019610982
2.2955873691939646
2.421332232515685
2.334610516141392
1.6954618442383218
0.2974722489192896
2.4027150507922492
2.275700696623602
2.171314688649721
2.1535654389463628
1.9897183550017505
1.9527241956246546
2.5099897481518814
1.9749375012019268
0.5032583347756457
1.8426952620489987
1.3520301017579528
2.702426040990939
2.720724566303852
1.764097655573916
2.038760752862686
2.057924310831006
2.528300010338851
2.35775951361288
2.3446447419991743
2.465500337416736
2.579284418414265
2.5137948768030913
0.0
1.875
2.1077566165206125
2.2176904768417596
1.9935998188202464
2.219973094021975
0.9828586897127056
2.6049946787260794
1.945530556036326
2.325295445655637
2.0713451397302376
1.4197367178034825
2.482286939964595
2.4483603334653297
2.1234786725698864
2.665948021046633
2.140518056276712
0.9141828384352135
1.0389205950315936
2.2817276788697365
2.18950846755862
1.287054028118727
2.5827230088457283
2.041446071165522
2.052088805278963
0.4394969869215134
2.245537745176865
1.9528195311147831
1.8638263900908156
1.9533040442609686
1.8802408149441479
1.9749375012019268
1.8716022614097982
2.347526140401402
2.1500732360592685
2.0494520727893937
2.5171071181857148
2.3751901687345587
1.207518749639422
1.5052408149441479
2.2295739585136225
2.3410666398014683
2.381687083026442
2.45215290886764
2.6107356295663315
2.450700153683722
2.6628075852226822
2.651210641914682
1.8527161157274108
2.317640005966218
2.082017629493902
1.9192407046368487
0.0
2.237749254609694
2.301072329402873
1.889246428509158
2.3948950998563654
2.4408899517164713
2.1156351273037877
2.1623687835735015
1.3787834934861753
2.1729259946691304
2.4833085715695993
2.4864580716281224
0.7793498372920851
1.7743974703476992
2.53021572812427
2.4792336948111924
1.4926140680171256
1.5912713638141935
1.3752793655393791
2.0441104177484006
1.7445842076889957
2.3056314500509227
1.7735572622751854
1.6087001655198914
1.3609640474436813
1.3152758995191551
1.2924108984132547
1.1238561897747246
1.0994839817876882
2.2800734895350967
2.4006829536694987
2.1503172069317076
1.8050365325772657
1.7169171866886992
2.856127622541011
1.962354483657865
1.9456603046006402
1.9242718985268241
1.8565647621309542
2.393828022094786
2.1778955306778562
1.9986525468781666
2.312907291846956
0.4394969869215134
2.2416969167176566
1.6346958387036632
1.5513175379612802
1.7387586809150082
1.9528195311147831
2.33022229870108
1.4591723998670372
1.9005332770550816
2.513110959288765
2.364912501682698
0.8166890883150209
2.078414127429203
1.9961286344485736
2.0532635745669556
1.8288713632524445
1.9293798858455662
1.8635954166841038
2.0567796494470394
1.9579393553211153
2.253553208956351
1.656684374222608
2.3045851693377997
2.363960201277392
2.522823984769721
2.554526626698832
2.4284930703645586
2.531594410443923
1.856564762130954
1.7921951936824647
2.554162526001659
2.247224320061398
1.958542981880303
2.273131523414322
2.0640284658766026
2.145951913791806
2.584493787769356
1.9242299136001453
1.8349625007211563
2.3245158956199643
2.3329582147036048
2.631134824495297
2.639930519450211
2.3799546121958626
1.8776402831734211
2.6091896049273897
2.296636697410334
1.9832623308284605
2.370253816431622
1.5783898247235197
1.988706937224955
2.6943968545841175
2.688193167698758
1.856564762130954
1.5693078231812962
0.0
1.6402239289418519
2.1105961389266823
2.501614471810182
2.4970707992445043
1.5916727785823275
2.585174447128411
1.9136323691307477
2.0551655736563386
2.017226962994476
1.76645231561147
1.0408520829727552
1.7387586809150082
2.268493070364558
2.3161315241801876
2.3056248156825463
1.2419460322060458
2.1233958603411427
0.9940302114769565
2.2975730651545314
2.405523014990882
1.947996533166584
2.2366563037692777
2.1684656711105887
1.9698110652780974
2.1709505944546685
2.464385292821944
1.853092426969731
2.059721832409614
2.292216396122741
2.196840336225675
2.259392726188937
1.9804820237218406
2.2492870686521598
2.2057051809532724
2.2592144875450035
2.0570148112524405
2.649434480788847
1.7425410725642518
2.078491674029184
1.5221898721658214
0.9957220057616336
1.9966675519380228
2.4928786893420307
2.4952138842094307
2.254852286617474
0.9940302114769565
2.2311197773146976
1.836591668108979
2.3208020839342964
1.2389012566026305
2.3421770501531802
1.8662996885317595
1.2309595631140104
1.610577243331642
2.488785591776994
1.9528195311147831
1.9698110652780974
1.7947137557705273
2.398758193268612
2.2408572864930365
1.7855400897785385
1.5394910703001345
2.5788934081133243
2.065765216362195
1.8389205950315937
2.0280916850766384
2.4153578053905562
2.484429197728174
2.4319581039002034
2.102728322603993
1.8824373408045867
2.028632434987612
2.6538113557486334
1.103307408607834
1.4345491399952024
2.024593760068616
2.171095889958977
2.857608831026599
2.554077433679527
2.044556998549881
2.2332247882202196
1.8978235088865465
1.4197367178034825
1.6087001655198914
1.4488156357251847
2.527700479505331
2.639484099479006
1.741099058945653
2.138688570451097
2.482056030958202
1.3995812306460644
1.9986525468781666
2.1981203125901447
2.0461225022121727
1.689750955593676
2.464153476542004
1.6493974703476992
2.3765330955316673
2.4969614554682233
2.091314688649721
1.9542473996920804
2.0170949781550758
2.758781587452361
2.4900660403530437
2.221338412274218
2.110103641694578
1.875
2.110093477608016
1.9280980912618826
2.05632607578088
2.744732287708804
2.5237977065225046
2.503097847724771
2.2664315444816965
2.274983599956846
2.2911265573522153
1.7332062193464954
2.6655570101740866
2.06610893983748
2.347635248113556
1.4885252948977485
1.5546097612655667
2.6463508493655064
2.5027361715940035
2.013911951300547
2.084889451733241
2.4066663167406888
2.4400113937690464
2.0148603272009478
1.3075851584676956
2.497796811598595
2.526938530319228
2.3327230088457283
2.563381148551199
2.2464393446710154
2.4352878546415915
1.9762822787735768
2.3404587202852993
2.2064195278237007
2.372350177090306
1.7527152789797045
1.9990298316961874
2.094017981486945
1.8654371053199075
2.483203069184163
1.8908053406487797
2.0957952550009336
2.4703083326692292
2.4038310493867563
1.0408520829727552
2.5534239017304645
2.2511051087362492
2.5379280632210723
2.4920432114218944
2.241654802192264
2.3622407908838743
2.32110433057849
2.382343732993694
2.32110433057849
2.32110433057849
2.382343732993694
2.241654802192264
2.2327427676876552
2.374556048381884
1.5744174271404585
2.2591419842479015
2.1540693694138096
1.7735572622751856
2.3678562147360136
0.8166890883150209
0.6998428398862386
2.0979931624271395
2.348484419353631
2.440251218626855
2.343767422366671
1.9879788990352445
2.7754299407163763
2.219493502001284
1.5
1.2366407419411674
2.6533255021937237
2.1870275933668837
2.230994305917858
2.3756316899465344
2.442899952571862
2.3130800204089774
2.741315277401236
2.2981191176539024
2.1569289127270697
2.2471631359436883
2.317959391903589
2.0704662889294516
2.381051959488611
2.3674756591421
1.2916919971380596
2.318369254032932
2.526234909949522
1.8892464285091581
2.4287692638714624
2.367531608454604
2.1406064599010723
2.0805005306402675
2.3342564252133498
2.377640283173421
2.135365966732452
2.05632607578088
2.5039237082198125
2.135821824148036
1.781937063546704
2.242572530766071
2.360099550377667
2.7761959936623666
2.1527217381013255
2.6601719870765
1.8638263900908156
2.2092656877781445
2.1005602963278096
2.222813726540686
1.6457113704075788
2.2840065210862766
1.8322628970242685
2.002755067189044
2.247503600410272
2.420503832755769
1.0408520829727552
1.497224320061398
0.9864267287308424
0.7793498372920851
2.4783459677250406
2.544590777872491
2.436561948502303
1.927451224964519
2.11121658843249
2.1149798205164814
2.4891564324413777
2.3828094550618695
2.619782797927591
2.2056221220248466
2.2485702580697673
2.1804737648926307
2.464083511770376
2.0387027575261962
2.1209242772281587
2.8344722039822683
0.2761954276479391
0.9612366047228759
2.3525779239815465
2.283162540328202
2.3844888690125448
2.827484994711472
2.259180910117019
2.4868929427718474
0.6840384356390417
2.2297154505438805
2.185475297227334
1.9316063357741213
2.090367278693491
2.6127594241257492
2.2757019598228707
2.4540905209138146
2.162292189082415
2.5874521612634203
2.570921220858028
2.724644070585174
2.875802519075508
2.1751764293520983
1.9395312934442959
2.25343740753905
1.8496017527145814
2.1148051443393325
2.32136038144445
2.43109621155459
2.187417549332917
2.1283310497671026
1.0408520829727552
2.048680608917954
1.9669171866886992
2.0504241080832215
1.2916919971380596
1.7382689280764647
1.8191141546897933
2.147077673396552
1.8710191208788398
2.224576009144925
2.4030344640961685
2.119035274338866
2.4262927116736352
2.152792373620804
2.3113997817546874
2.1147869792568113
2.246838290197064
1.8498687225851778
2.36492792579572
2.550024535774591
0.0
2.7005059710789405
1.8389205950315937
2.3984651363909104
1.1401156785146092
1.6396841518006326
1.2415242038285013
1.6004512092982517
1.8295484879463542
0.0
1.5397348151355597
1.7263472243434208
2.123199115426226
2.0808311965999398
2.3705046469668956
2.0803810531234106
2.0910029073801066
2.58012387750792
1.571346433249389
1.1981174211304033
2.2405921566179168
2.0191534613250357
2.4792336948111924
2.492233342082522
1.8389205950315937
2.225710090451679
2.2888452815760614
1.061278124459133
1.8814963295286755
1.722266311943983
0.8658566174572235
0.8453509366224364
1.9050914762681628
2.7520661589209734
2.47030225504774
2.354125937969898
2.4825257197266426
2.5009808953799437
2.638282278991788
1.6894822670191825
2.7060293168839165
2.760247598932186
1.6382533594712747
1.7947358712137687
1.7232314287976207
3.064835060327363
2.2564236437562943
1.3995812306460644
2.4095349947050457
2.46563919900129
2.331829927328214
1.9254106352407239
2.274983599956846
2.2911265573522153
2.30331442425565
2.504962048576188
2.6507177824726362
2.0609640474436812
2.1321229709908365
1.456564762130954
2.4753750788226703
2.3942972113886665
2.6028677275018604
1.9699000226227197
2.8062389286533893
2.0567796494470394
1.8498687225851778
2.3677946899553195
2.180036532577266
0.4689955935892812
1.781937063546704
2.171139506672917
0.7219280948873623
1.7382689280764647
2.7430945276634437
2.481007708163649
1.3709505944546687
1.7633584292311082
2.119240704636849
0.41381685030363374
2.167124282150162
1.610577243331642
1.5306189948485172
2.118128630406075
2.277845240648177
2.0230424958536344
1.9985028952164237
2.0531631267697223
2.3615101887362595
2.6695104160017054
2.363477625042257
2.385513030399882
2.2359263506290326
2.274597522811078
2.2024064826068526
2.4496389348599035
0.9612366047228759
1.871602261409798
2.3942811477133943
2.3696966890447024
1.7169171866886992
1.1981174211304033
2.209214213830003
0.0
2.5687955677100716
2.330391138768986
1.3787834934861753
1.9042788285498586
2.449418625414155
2.349601752714581
2.2109538367228683
2.133387491316597
2.1361018469244533
2.171314688649721
2.409131347140599
2.47636586157612
1.5776254908783667
2.0570812624395973
2.0207018975173243
1.2949949446893019
1.765246528378741
2.4285661332482587
2.512722429729669
1.5440240964819507
2.341572170602458
2.3339844265272665
2.4549223647551104
2.1768589799249654
2.281621018144375
2.3857000186160167
1.1488348542809166
1.8741838269462516
2.4615257226976675
2.239097917988786
2.7070465182299706
1.198183947911799
1.6266144718101818
1.9015064025015063
2.366745254214217
2.102187170949333
2.590513970821339
2.674703993780899
2.2050350413665996
1.7843151288554941
2.40605127986062
0.6840384356390417
2.1040437177782714
2.8400416430956192
1.9927781074599387
1.9481203125901447
2.3912435636292555
1.9037016960573483
1.9248240667373948
1.7376815949543367
2.2542246738761884
2.2908520829727554
1.9703839066836335
0.6840384356390417
2.0306390622295662
2.0132790219068077
2.1234786725698864
2.1440239107574226
1.7290555112210235
2.3651927646431834
2.5760385605593785
2.1792292966721747
2.1784857337562045
2.7924959538506537
1.7582975708748245
2.403856189774724
2.066968783047458
1.1981174211304033
2.483693826183264
2.2254128972590443
1.5032583347756456
1.871602261409798
1.9056390622295665
2.4294581907647235
1.822815600352516
2.1999793267164867
0.4689955935892812
2.313100666415769
2.332611917781969
2.1077566165206125
1.8131838505075621
2.3030688303339772
2.6568001507457906
1.9413442512395611
2.195223828139826
2.547603895133179
1.7232314287976207
1.198183947911799
2.1406064599010723
2.1992818130163667
2.547545963339399
2.329085811673967
1.8886333067471097
0.5032583347756457
2.116299605701696
2.4817062775743137
1.3689955935892815
2.685029444898261
2.365022195936204
2.4881158869872473
2.056380377425995
2.0230898459737485
1.7028195311147831
2.22605526508675
1.7804463148460088
2.514718016821339
0.9912642605354288
2.437728545142357
2.1477309221191607
1.8957060510490265
1.2389012566026305
1.7653195311147831
2.1633347891038204
2.449677364648141
2.3262668528180943
2.435952341419727
2.016875695766564
2.4861149655072787
2.4137958598830096
2.4723996339498586
1.8892464285091581
2.214894206472773
2.2375441839629264
2.465743388220514
2.1572081387571336
2.2813734094119917
2.381858922488851
1.8549746407116565
2.4430216571507364
2.5805038327557677
2.329662993747849
2.4880135484654837
2.347333603511604
1.875
0.0
2.401625825526626
2.1034146395593134
0.0
1.2448406699719212
2.4217533721231863
1.8349625007211563
1.903701696057348
2.420114011502031
2.2077171727668614
1.9693894195291561
1.8288713632524445
0.0
2.4900445676584493
2.3950181687406564
2.0209206071639096
2.317564486348471
2.6419460322060453
1.5628066316931741
2.2623623773882575
1.8763576394898522
0.4689955935892812
1.5686490570665341
2.445257369971575
2.4798498315323227
1.3630083113425158
1.4716022614097979
1.6344315043405981
1.271782221599798
1.8219280948873624
2.538320189106
2.5711974120808434
2.465551745758733
2.4018816400437735
2.676668602834366
2.075074223172834
2.1682958340544896
2.16100727900131
2.6728935600046864
2.18409738141208
1.9672079175777322
1.522189872165821
2.0398150221647615
1.8892464285091581
