Shannon_Entropy
2.273616248314275
1.7273536033721066
1.3709505944546687
1.6893917467430877
2.3655962303576024
3.039148671903071
2.4772170014624826
1.807354922057604
3.0306390622295662
2.3050365325772657
2.1280852788913944
2.250718870535411
1.5916727785823275
1.7055872616982601
1.6954618442383218
2.546439344671015
2.1592768042272796
2.7550576199383072
2.0461796919474975
2.0670314951575843
2.969389419529156
2.2841837197791888
2.6825887305018328
2.7744019192887706
2.522620309531022
1.75
2.1406064599010723
1.870253816431622
2.0
2.3787834934861753
2.1492799881316267
0.0
0.0
3.221928094887362
2.359879028736861
0.9141828384352135
1.4315602842833155
1.3954618442383218
1.272905595320056
1.2475562489182659
2.1837548319239213
1.2949950747154697
3.083587370023807
1.5049603813297783
2.1147130311157563
2.155221528859512
3.0565647621309537
2.3432578733442675
1.746465798504072
2.5495234595978316
2.8073549220576046
2.774397470347699
1.0949143184120975
2.756866543182522
1.9237949406953985
1.7169171866886992
3.0841837197791886
3.1062412506737394
1.2866926683547546
1.775523493673489
2.5262804816836244
1.8810947601100747
1.9705730958116854
1.9015064025015063
1.8498687225851778
2.4225797618424916
1.7884504573082896
1.9211854965885544
1.7244078178625923
1.5435644431995963
2.1822287189138017
2.10558726169826
2.1234786725698864
2.313100666415769
1.971765668774843
2.3709630428254074
2.252705481927944
1.8077635764171944
2.313100666415769
2.4056390622295662
2.074164743022575
2.7272170014624826
2.4137995646056805
1.950212064914747
2.202819531114783
1.6137129703673825
2.1967916319816365
2.6840172808298446
2.1774212838293647
1.7489992230622806
2.125
2.9559130951758243
2.3242764617775693
0.0
0.74959525725948
2.349601752714581
1.7633584292311082
2.495602923729013
2.973557262275185
1.3787834934861753
2.58877918559175
1.7534343861887849
1.6351087160278581
1.5916727785823275
2.5219280948873624
1.9708245055826512
2.146465798504072
0.9463729359854419
2.404678473063571
2.1820058147602133
3.462463061090783
0.0
2.6892464285091586
2.0741647430225756
3.4726218868420977
2.2389205950315936
2.467720100474499
2.251614471810182
2.9596272208780134
3.0792258015191027
2.991335610564508
2.829236835738637
2.9030388009884494
0.0
2.963489742202171
2.263809173883546
2.663865121950854
1.9015064025015063
2.1470776733965518
3.474571293160085
2.85845859334435
2.378991986900062
2.101125010956985
1.9329145639793979
2.091917186688699
1.914265041002201
2.0202442071537563
2.3299574748443264
2.610577243331642
2.2389205950315936
2.9585429818803033
0.0
2.8729055953200557
3.106890595608519
2.523231428797621
1.4373770511116046
2.0634582986483037
1.5546097612655665
2.984234164652489
2.6892464285091577
1.6688388898504305
2.656564762130954
2.577819531114783
1.4185644431995963
1.383866329597683
2.448815635725185
2.6158045319402516
2.1550287377419615
2.327632809290636
2.217021885879718
2.8522170014624826
1.6644977792004614
2.077819531114783
2.606238928653389
2.74894004700543
0.0
2.0741647430225756
1.922828737239167
1.9068905956085187
2.5492553971685
1.4716022614097979
1.0892300788425848
1.7990077544108969
2.613411613023054
1.949137865273585
1.7909273997744424
1.2917601481809735
1.439254017211876
2.521640636343318
1.7232314287976207
1.8702538164316223
2.4137995646056805
0.0
2.610577243331642
2.7806390622295662
2.063558608511122
1.4294732983598406
1.9772354454083079
2.1739731346044096
2.4056390622295662
2.5495234595978316
1.6192393467920803
1.633551333777253
2.1989679635753765
2.077819531114783
2.289246428509158
1.80118414969277
2.0
2.74894004700543
2.102187170949333
1.8062389286533895
2.65730796366542
1.8322488896002305
2.4137995646056805
2.7201287774331875
2.756206161459469
3.7402092909738736
2.7898980954642876
2.424835634986198
2.4613201402110083
2.2831177377807754
2.8165565243683157
2.263809173883546
2.467720100474499
2.699513850319966
1.4299111709758698
1.5628066316931741
2.5559130951758244
2.422579761842491
2.4729055953200563
2.460964047443681
2.8016094970590277
2.0989295636909353
2.0225797618424917
2.372096688995876
2.872905595320056
2.1440239107574226
2.530672129520887
2.332914563979398
2.072905595320056
2.436278124459133
2.4662478973127313
1.6922718656836107
2.7806390622295662
2.389898095464287
2.067921565299767
2.447014184990352
1.48514417792668
2.1215101887362597
3.1556390622295662
2.610577243331642
2.7534343861887853
1.809200032697812
2.0662478973127314
1.870253816431622
1.8693246343324998
2.99540850202332
2.636056086195823
0.0
1.870253816431622
3.008920071215817
3.2515703781248906
2.48345859334435
2.1492553971685
2.365596230357602
2.039353872167201
2.0670314951575843
3.039148671903071
3.0709505944546684
1.720306989528464
1.295461844238322
1.7985932076994513
1.798829384540778
1.6225562489182659
1.5628066316931741
2.117492461184755
2.85845859334435
2.93299930663729
2.270942421748537
2.5275522800937233
1.1981174211304033
0.9373012413074896
1.6493974703476992
1.7824858951808387
0.6962122601251458
1.5849625007211565
2.4061662867557256
2.8423709931771093
2.263809173883546
2.263809173883546
2.85845859334435
2.1055872616982603
1.9301249653149701
1.9852281360342514
3.7772018112022607
1.7695459925589747
2.610577243331642
2.760666827231598
1.1050139971135322
2.780587911952875
1.5537651978285885
2.290461923377921
2.7764616328279415
2.123854833147995
2.0280916850766384
1.7382689280764647
2.378783493486176
2.3843641434371503
1.4913146570363986
2.2275343340059806
1.7633584292311082
1.9301249653149701
2.7736606896881857
2.403856189774724
2.424835634986198
2.6416041678685938
2.7534343861887853
2.8035088547976783
2.699513850319966
1.9814963295286754
2.740103260028584
3.1690652409725324
2.040223928941852
2.57882039287438
2.7329145639793975
2.8324402616508317
2.727217001462482
2.732914563979398
2.387918502671133
3.7477861386948517
0.0
1.8352377453121174
2.2825887305018333
2.4137995646056805
2.1474638036681575
2.2295739585136225
2.0885120414797367
2.107735252622104
1.5304930567574824
2.378783493486175
3.917214063236362
1.7169171866886992
1.9014576702322215
1.9603299319132708
2.6261207468426804
2.4956029237290123
2.147348781633051
2.0225797618424917
2.533732560222799
2.3012939049244183
2.019721071878666
2.446428310992824
2.498929563690935
2.0989295636909353
2.3071885761626687
2.586887840995814
2.7167161869614023
2.0989295636909353
2.6601297526332575
2.5868878409958143
2.3991303913908
2.4410685859554375
2.7527152789797045
2.9034651896016466
2.7107770844150676
2.6416041678685938
2.721781835882688
2.609850166028943
2.404678473063571
2.002755067189044
2.217021885879718
2.298929563690935
2.2256051990169436
2.148834854280917
2.0989295636909353
2.8084543309292345
2.7143852928219445
2.4056390622295662
2.29597512699001
2.6688388898504303
2.3991303913908
2.5304930567574826
2.7527152789797045
2.224394445405986
3.0466149014687276
3.1194838058511594
2.424835634986198
2.467720100474499
0.0
2.0366407419411674
2.0178650529206688
2.4025390238625937
2.33198056664107
2.212503842372268
2.335505556517097
2.197159723424149
2.2988252450030506
1.9328045775391227
2.163012136266327
2.4662478973127318
2.2396782598404563
1.9523612813926658
1.9386790169573507
1.6337314206421327
2.940676218814983
1.9211796919474975
2.1492799881316267
2.4762039071853152
2.0487949406953985
2.377443751081734
2.303716451214008
2.4762039071853152
2.0487949406953985
2.377443751081734
2.303716451214008
2.263809173883546
2.077235445408308
3.0766457263418623
0.9780155566622414
2.35274578087187
2.789898095464287
2.0580531366523855
2.8661357501667766
1.5693078231812958
2.460904932167797
2.215347275584621
2.8638263900908156
2.2232196723355075
1.8999495676359617
3.021928094887362
3.1751231351134614
1.2958363892911637
1.8638263900908156
2.9232314287976204
1.9669171866886992
1.4913146570363986
2.254831109649011
0.0
1.319035274338866
2.2591419842479015
1.4237949406953985
1.3567796494470397
2.7534343861887853
3.085302545324154
0.0
1.9464393446710153
2.092072198627341
2.2806390622295662
2.176908169168578
2.0419460322060456
2.472905595320056
1.6627992560224794
2.0634582986483037
2.365596230357602
1.870253816431622
3.056564762130954
3.006238928653389
2.4137995646056805
2.0662478973127314
2.614164262105116
2.2627834289765825
1.4353713907745331
1.6493974703476992
2.3695710038552735
1.532914563979398
2.657091416164423
1.8716022614097982
0.0
2.4137995646056796
1.5569010760354054
2.007856063692049
1.9852281360342516
2.217021885879718
1.9308810067452131
2.2256108145207376
3.2402239289418513
2.263809173883546
1.626688849701832
1.6493974703476992
2.702819531114783
1.413816850303634
2.1820058147602133
2.8453509366224363
1.9015064025015063
2.1451363701530526
1.9751060324573735
2.2544475789720946
2.1406064599010723
0.0
0.0
2.908694969562842
0.0
2.3522170014624826
2.5027361715940044
2.3248629576173565
2.4137995646056805
3.165957320949175
1.6514812425365812
2.459431618637297
2.6213526136130225
2.5810134015775863
3.197159723424149
1.2532975784630431
1.7743974703476992
1.9746017527145812
2.923533209849189
2.636056086195823
2.4930168491445683
2.472905595320056
1.483831706844689
2.1690354219421173
2.349601752714581
2.339572261986723
1.4913146570363986
1.9852281360342514
2.05632607578088
2.375
2.1162646156680225
2.556656707462823
2.041615921862549
1.7884504573082896
2.054585169337799
2.840223928941852
2.2919307466539722
2.5492553971684995
2.234697002530877
2.6556390622295662
1.7633584292311077
1.6043068953130522
1.7582975708748245
2.55887184844536
2.2953570516174424
2.6047243270982974
0.0
2.3311229704790555
2.4496945080565578
2.34805052774425
2.23345859334435
2.2880192802796895
1.9561489336858493
2.6250527990969696
1.610577243331642
2.264450633408119
2.303701696057348
2.74894004700543
2.0670314951575843
1.6879430945989
2.405711665953314
2.6688388898504303
2.0131324651707385
2.75
2.822579761842491
1.5306390622295665
2.225605199016944
2.3299574748443264
1.930080144111599
2.3799996705147435
2.606936732175321
2.3189277467913736
2.2256051990169436
2.0461796919474975
1.8389205950315937
2.374556048381884
2.5521796970665482
2.282588730501833
2.643856189774724
2.260820318171659
4.091191729563702
2.234302951473625
2.7659573209491746
1.6087001655198914
2.3211661187380255
3.4711384431764043
2.0781758650865774
2.4772170014624826
1.5744174271404585
2.7898980954642867
2.374556048381884
2.5996659733039564
3.367249626813698
2.31832423411592
2.2130182120087687
2.1352806346389515
1.8565647621309542
2.25
2.4137995646056805
2.495602923729013
2.1819370635467044
2.359879028736861
2.900051698999542
2.524397470347699
2.5162649802318
2.2346970025308774
2.8962915290459277
2.437065831519022
1.9764892117991657
2.0741647430225756
2.1967916319816365
2.4137995646056805
2.422579761842491
1.870253816431622
2.327632809290636
1.3727069617019705
1.7944684148604482
2.4308615631084365
1.9903166968736792
2.9430904364574295
2.0965452967110445
1.1657840518150733
0.0
2.210777084415067
2.2684727516311214
2.5232314287976205
2.440223928941852
2.1492553971685
1.2916919971380594
3.446439344671015
2.7201287774331875
2.292071752457787
0.0
2.389310912792836
1.8751310486364097
2.4662478973127313
2.5996659733039564
1.4466479595102752
2.0670314951575843
1.9263549524477426
2.7719023720385585
1.7264012662347321
2.15927680422728
3.3086949695628416
1.5655962303576019
1.933816945485606
2.356492413796824
2.7534343861887853
1.7382689280764647
2.709209787191585
2.217021885879718
2.4300365325772653
2.5492553971685
2.289246428509158
1.9927781074599387
2.4851018534544216
1.9746017527145812
2.217021885879718
1.6930405350919489
1.9039678130877662
2.0814963295286755
2.973557262275185
2.6644977792004614
2.0662478973127314
1.7382689280764645
2.311278124459133
3.0885423893672357
2.9269465123689518
3.056564762130954
2.699513850319966
1.8961085880163506
2.8729055953200557
1.6426300822726705
2.3522170014624826
3.083616975397233
3.5960390338959276
3.627269623518775
3.625105237976419
3.5549706286181575
3.1665301730294657
3.336709439035872
3.4419712719704973
3.5350743395600466
3.580462199727101
3.570950594454668
3.5908977805530236
2.7933451941915166
3.4017544273988394
3.520834859511608
3.5629287752378915
3.5508740762852753
3.531451948975178
2.7933451941915166
2.7933451941915166
3.692718485898469
3.5473240988166097
3.6080957167706136
3.5473240988166097
3.4854065758603947
2.7933451941915166
2.7933451941915166
3.5714048227842143
3.531451948975178
3.593238890519334
3.544264247106287
3.5849679059487563
3.5362800457568473
3.555152233310934
3.273624110089933
3.5615699816878323
3.6325254588108034
1.889709105925114
2.347129546913166
2.106762811725831
2.725480556997868
0.863120568566631
1.781937063546704
1.7400693385983699
2.3050365325772657
0.0
2.3627402784989338
1.965596230357602
2.692380602454975
2.4056390622295662
2.5735572622751848
2.4137995646056805
2.606238928653389
1.6879430945989
2.6416041678685938
0.0
2.1517398001599135
2.6062389286533896
1.7633584292311082
0.9055872616982603
1.5916727785823275
2.202819531114783
2.6892464285091577
2.2569089895583545
2.436278124459133
0.0
0.0
2.2569089895583545
2.950212064914748
2.6062389286533896
2.2827241859104124
1.2958363892911637
2.699513850319966
2.488785591776994
2.606238928653389
2.6455933144511468
2.687323068474994
1.9655962303576022
2.0496342746831897
3.301804026733389
1.731360029190912
2.128085278891394
2.0698936164374753
1.949137865273585
2.2256051990169436
2.436278124459133
2.2463374880589178
1.9237949406953985
2.163865121950854
2.4593031803992935
1.9854752972273344
2.2569089895583545
2.0713451397302376
1.7273966735744792
2.9437545839367454
2.4980775466236413
2.5492553971685
2.732914563979398
2.6565647621309543
2.5492553971684995
2.3522170014624826
2.3329145639793976
2.345719283930527
2.2758361633051267
2.3329145639793976
2.345719283930527
2.2758361633051267
2.1800365325772657
2.9056390622295662
2.245436223826548
3.09306920777189
1.822815600352516
3.039148671903071
1.8287174739537648
2.378783493486176
1.7394541964918901
2.2200683022340693
3.7085387479581406
3.2841837197791888
2.35274578087187
1.7187828921272557
2.2988252450030506
2.6986604604011157
2.7898980954642876
1.755336213432141
1.6457113704075788
1.8629613523404251
1.6729055953200562
1.7646946861307393
2.007856063692049
1.4716022614097979
2.2321507672063827
2.2439821538141276
2.1903711612984442
2.263809173883546
1.9688548967005404
2.056237710413473
0.0
0.0
0.0
1.8574385144594026
2.372094637795624
2.2030713060627085
1.198192411043098
1.5760875253642985
2.378783493486176
2.0670314951575843
2.2745436483847787
1.8387922011880082
1.8148493701198407
2.6405219626825924
3.0279793606910728
2.131282484597587
2.2261207468426805
1.7612877844236507
1.945530556036326
1.983831706844689
2.4019419670379882
3.0105709342684834
1.9248240667373948
2.827819531114783
2.699513850319966
1.7448425317532439
3.245689015001764
1.875
2.6565647621309543
1.610577243331642
2.411509198419911
1.7387586809150082
1.5016144718101818
1.4256051990169438
2.6709505944546685
2.910171186660711
1.9852281360342516
1.439254017211876
3.039148671903071
2.0670314951575843
2.4225797618424916
2.840018266288633
2.9735572622751847
1.4519076150714065
1.9502120649147467
2.524397470347699
3.494680368408909
3.5294881142662
2.65887184844536
2.074164743022575
1.950212064914747
1.9899343783255763
2.6022170014624826
1.2309595631140104
1.5306189948485172
2.4729055953200563
3.192800928584395
2.8401998765158556
2.6282129458410015
1.2843901597366205
1.8290328929684438
2.2316505805015394
1.7464657985040721
2.699513850319966
2.4956029237290123
1.5628066316931741
2.8729055953200557
1.9898980954642875
2.0294069451656007
2.365892690865937
2.640521962682592
1.8256051990169437
2.0294069451656007
2.353411192621123
2.3658692257183613
2.8729055953200557
2.692380602454975
2.8725111538380093
2.1055872616982603
2.8729055953200557
2.7068905956085185
2.656564762130954
2.217021885879718
2.5550365325772657
2.881442446432372
2.339572261986723
1.275162982784857
2.777776811456786
2.699513850319966
2.8086949695628416
2.7550576199383072
3.058813890331201
2.5492553971685
2.789898095464287
1.2958363892911637
2.0231465715588612
2.7107770844150676
2.610577243331642
1.781937063546704
3.477406483052878
2.2390183299752544
1.5478976275004668
2.8665871058289594
1.8751310486364092
2.1607047528877827
1.9301249653149701
2.7806390622295662
2.689246428509158
2.6078612261419973
2.649397470347699
2.472905595320056
3.240223928941852
3.7078315079655897
3.4198460857301676
0.0
2.3248629576173565
2.7806390622295662
2.739572261986723
1.2958363892911637
2.2724876891689534
2.2389205950315936
1.9887513942845323
2.1280852788913944
2.73345859334435
2.658680662942251
2.289246428509158
2.3715335947907836
2.5160276412662306
2.5941178916311856
1.871602261409798
2.4010583224943756
2.518552950710301
2.385572119088604
1.6653418275568057
2.145136370153053
1.4716022614097979
2.8221819586428727
1.6266144718101818
2.656564762130954
2.0421915205968504
1.2977968115985956
2.149397470347699
1.9056390622295665
2.040223928941852
2.7055872616982604
2.472905595320056
2.359879028736861
2.35274578087187
2.467720100474499
2.48345859334435
2.3329145639793976
2.51205489055743
2.7333330526810653
2.372094637795624
1.5216406363433184
2.258846120761488
1.9301249653149701
2.0419460322060456
2.3393538721672007
2.075074223172834
2.4232196723355077
2.163865121950854
2.657796811598595
2.7898980954642876
2.3050365325772657
2.472905595320056
1.0529815751302694
2.139261930734825
2.0
2.6414460711655217
2.358938532350277
2.033515747578792
2.6100635408770723
2.0202442071537563
1.7382689280764647
2.378783493486176
1.7947367178034823
1.3727069617019705
2.973557262275185
2.495602923729013
1.9399824743635556
2.732914563979398
2.4300365325772657
2.1054105870684143
3.039148671903071
2.6455933144511468
2.1174924611847556
1.7464657985040721
2.625
3.08232813685843
2.945038697540245
3.7994148527422125
2.9834651896016466
2.0487949406953985
2.5994839817876882
2.224394445405986
2.3329145639793976
2.23345859334435
1.7474130395316416
2.1214897387037364
2.2062389286533897
3.2577787527741027
2.472905595320056
1.965596230357602
2.0225797618424917
2.389898095464287
2.0602489763846963
2.7744019192887706
0.0
0.0
1.3244602933016414
3.2626478052485925
3.3414844878124352
2.0047476376636353
1.7382689280764645
2.5232314287976205
2.0550365325772657
2.8962915290459277
2.1577174691301484
2.040223928941852
2.166171670869976
1.6369602933016414
2.4137995646056805
2.503701696057348
1.2516291673878228
1.5546097612655667
1.6216407621868583
0.0
2.4056390622295662
1.8565647621309542
2.0131324651707385
2.8464393446710154
2.146465798504072
2.1353503825268683
1.9252307244324254
1.9133321039829867
2.422579761842491
2.706890595608519
2.209888638014727
2.35274578087187
2.4662478973127313
1.0214554656116666
2.7534343861887853
1.7633584292311082
2.1824562508413488
1.822815600352516
2.2256051990169436
2.0948567835487384
2.270942421748537
2.5550365325772657
3.039148671903071
3.04642419731627
0.0
2.521640636343318
2.9852281360342525
2.5550365325772657
2.9735572622751856
2.682588730501833
2.8962915290459277
2.4885548621928453
2.3709505944546687
1.5032583347756456
1.6893917467430877
1.3244602933016414
2.4752995383992213
3.5403694072143934
3.09306920777189
2.1820058147602133
1.9211854965885542
1.965596230357602
2.063558608511122
2.8225797618424915
2.3329145639793976
2.19508495181978
2.6944806448504592
2.378783493486176
1.7534343861887849
2.6016094970590276
2.1209520310264036
2.623447686547369
0.0
1.4237949406953985
2.1295679874183233
2.2062389286533897
1.9698110652780971
2.7806390622295662
1.7028195311147831
2.2825887305018333
2.7534343861887853
2.682588730501833
2.247084753917085
2.0840306896281087
1.809822545132499
1.4966407621868583
2.4266160458809476
2.9477027792200903
2.350209029099897
1.5693078231812962
2.499544305608131
2.9019469592513696
1.9732285161344476
2.2473261982131603
2.040223928941852
1.1981174211304033
2.8729055953200557
2.5996659733039564
2.0634582986483037
2.1405180562767114
1.3278754646456608
1.7464353842388936
1.4051546496117804
1.014097655573916
1.0529407605626346
1.2987949406953985
2.520630103748021
2.9055872616982605
2.647592147308496
2.040223928941852
1.8256051990169437
2.3068905956085186
2.263809173883546
2.437065831519022
2.836591668108979
1.1981174211304033
1.871602261409798
2.0922718656836103
1.5589385323502774
1.2916919971380596
0.9463729359854419
2.0634582986483037
2.1735572622751853
2.39207883297832
1.8716022614097982
1.1595547523787308
3.4197091800566324
1.667054278117316
2.0634582986483037
0.0
0.0
2.1179631753145163
2.7909044578566577
1.781937063546704
2.2584598927441624
2.040223928941852
2.9151959937952423
1.7987949406953985
1.7232314287976207
1.4966407621868583
2.263809173883546
1.5440240964819507
2.41379956460568
2.495602923729013
1.924174352300441
2.072905595320056
0.0
2.0119209285947934
2.5495234595978316
2.5492553971684995
2.7527152789797045
3.1307179879273748
2.1396958072174286
0.0
2.3342094594480485
2.723329299850228
1.4913146570363986
2.4662478973127313
2.271782221599798
1.1981174211304033
3.126391262556946
2.610577243331642
1.790492223970158
2.7806390622295662
1.990904784986259
1.8024212838293647
2.284698656049049
2.1077566165206125
2.3567232928180513
3.4695446270877346
3.5481179424913147
0.0
2.144134954664495
2.4662478973127313
2.2825887305018333
2.3695710038552735
1.3244602933016414
2.6800365325772657
2.9151959937952423
2.4772170014624826
1.610577243331642
1.7394541964918901
2.8962915290459277
2.0049355947431313
2.1820058147602133
2.0131324651707385
2.702819531114783
1.7264892117991657
2.4137995646056796
2.3009786743716325
1.515789584174682
1.7739119513005472
2.7806390622295662
3.7236753767265935
2.573557262275185
2.573557262275185
3.5866852257936745
1.2309595631140104
2.35274578087187
2.7527152789797045
2.3165299885259536
1.9015064025015063
1.9211854965885542
3.554363069342337
2.827819531114783
2.5495234595978316
1.9887513942845323
2.6282129458410015
2.1609640474436813
0.0
0.0
1.6805563732659934
1.7947367178034825
1.610577243331642
1.2516291673878228
2.247801461864506
0.0
2.377443751081734
2.422579761842491
2.281424938596677
2.556656707462823
2.521640636343318
2.3071885761626687
1.2671995266635872
1.5992736612409149
1.49692754611459
0.0
0.0
2.1464657985040723
1.6737949406953985
1.871602261409798
1.6893917467430875
2.202819531114783
2.2062389286533897
1.5146053281517253
1.9852281360342516
2.1492799881316267
1.950800226448687
2.283383098229013
2.4159220638351666
0.0
1.0954312795575998
2.464033351773207
2.202819531114783
1.7735681581652276
2.692380602454975
2.0670314951575843
2.363865121950854
2.365596230357602
2.039353872167201
2.0670314951575843
2.7378723922315147
2.5810134015775863
0.0
1.198192411043098
2.524397470347699
1.9852281360342516
2.458453829233059
1.8892464285091581
2.452819531114783
1.7273966735744792
1.4838317068446891
1.086987702339905
0.0
0.0
1.875
1.5546097612655667
2.4387439204017474
2.610577243331642
2.063202513215852
1.5919171866886992
2.141715358700555
1.7273966735744792
2.358938532350277
1.7743974703476992
2.5366082543914996
2.5600289361122233
1.9754128972590443
1.9274512249645188
2.692380602454975
2.146782221599798
1.636452797660028
1.1567796494470395
3.0021722231837638
2.074164743022575
2.9841837197791885
2.278351811711312
2.8962915290459277
2.60845859334435
2.33012496531497
2.1895415173391393
2.4056390622295662
2.5941178916311856
2.8874248822819704
2.6601297526332566
2.9659573209491747
1.9698110652780971
2.5100564603565387
0.0
1.1867043459100246
1.3752793655393791
2.872905595320056
3.09306920777189
2.950212064914748
2.9219280948873623
2.811278124459133
2.083336848916465
2.0762893592941096
1.9852281360342516
2.8423709931771093
2.912933686280445
1.9211854965885544
0.9463729359854419
1.5744174271404585
2.5495234595978316
2.666158178496845
2.682588730501833
2.1774212838293647
0.0
2.8225797618424915
0.7345299214394703
2.2758361633051267
1.5795113260786042
2.696620257329388
3.7840626189203324
3.8158309602073013
3.790537364224738
3.9007851400548548
3.8152945464159624
2.1209520310264036
2.224601752714581
2.2942740671928616
2.209888638014727
1.962806631693174
3.125
2.617492461184755
3.5892002700957812
2.3505471603856307
2.217021885879718
2.699513850319966
2.4225797618424916
1.7832474385325099
2.311278124459133
1.6697367178034825
2.4973419908730565
2.815927427585086
1.7273966735744792
1.272905595320056
2.5444091354792673
1.9589875326037358
1.8288713632524445
2.0225797618424917
2.984769618706743
3.141480353992265
2.2256051990169436
1.9852281360342516
1.78324743853251
2.469508336839199
2.744842531753244
2.692380602454975
2.1034146395593134
2.2584598927441624
1.9237949406953985
2.155968102145908
0.9463729359854419
2.8045851693378
2.601962862305119
1.5
2.7329145639793975
2.057039707039293
1.8288713632524445
2.2062389286533897
1.1236910174699593
1.959732757903347
2.4164997849817107
2.495602923729013
1.9502120649147465
2.3709505944546687
2.217021885879718
2.0781444918690517
3.488170940255332
2.375
0.8112781244591328
2.872905595320056
1.572351663308588
1.1917601481809734
2.5002957260796235
1.6737949406953985
2.3857000186160167
2.7659573209491746
2.8073549220576037
2.889549430862088
0.0
3.065957320949175
2.8022921890824146
2.35274578087187
2.501629167387823
2.649397470347699
1.9852281360342516
1.7799500009615414
2.35274578087187
0.0
2.677269211778593
0.0
2.4922031072054134
2.699513850319966
2.524397470347699
2.365596230357602
2.6556390622295662
1.9241743523004413
2.689246428509158
2.1820058147602133
2.8962915290459277
2.6823401699620257
1.483831706844689
2.5341468438052397
2.591793226077496
1.7244078178625923
2.657742726504889
1.7224945678306305
3.189898095464287
0.0
2.78845045730829
2.2062389286533897
2.149531023008111
3.1961547809328668
2.7806390622295662
2.8423709931771093
2.146782221599798
2.365596230357602
3.632233036744724
3.634986291920673
2.3248629576173565
2.389898095464287
2.610577243331642
2.6986604604011153
1.2366407419411674
2.3966961192722853
2.0294069451656007
1.9100239811830302
2.725952876490421
2.0741647430225756
2.939829017466402
0.0
2.794788541104806
2.2261207468426805
2.7052290027422967
1.7735572622751854
1.49692754611459
1.7464657985040721
2.5239860659612976
2.610577243331642
2.2389205950315936
1.962806631693174
2.3804304878001115
2.706112940331682
2.533771256064557
1.9526832779469112
1.5216406363433184
1.9211796919474975
1.6893917467430875
2.4772170014624826
0.0
1.6402239289418519
1.9182958340544893
1.5055213905049434
2.1556390622295662
2.460605779953793
1.9898980954642875
1.482289237493327
1.2326602568158205
1.9678590113991208
1.235091894706781
2.260820318171659
1.9986525468781666
2.8962915290459277
3.854807723353305
2.5492553971684995
2.270942421748537
0.0
0.0
1.5577277787393193
2.4115091984199104
1.626688849701832
1.7268248010386396
2.3248629576173565
2.7534343861887853
1.9938896149219991
3.155565013329718
2.5492553971685
2.063458298648303
2.1492553971685
2.692380602454975
2.484255144794799
2.040223928941852
3.3368625342895513
1.781937063546704
2.4300365325772657
1.4966407621868583
2.3395722619867225
1.5016144718101816
1.1351432957969896
1.4108478748063633
2.9728786893420307
2.7659573209491746
2.1055872616982603
2.8611925523313806
0.0
1.0892300788425848
3.09306920777189
3.196154780932867
2.702819531114783
1.6737949406953985
2.311278124459133
2.440223928941852
2.2825887305018333
2.3071885761626687
2.2988252450030506
2.7534343861887853
2.3729663772279648
2.4137995646056805
0.0
2.25
2.899397470347699
0.0
0.0
2.35274578087187
2.1047412314783918
1.2870540281187268
1.8336056789417416
2.395461844238322
1.9254106352407239
2.7527152789797045
2.349191770915039
3.5659573209491744
2.4138338639736006
1.924174352300441
0.0
2.1819370635467044
1.7884504573082896
3.7962769589705836
2.0132790219068077
2.2810361125534233
2.777776811456786
3.155565013329718
2.4159220638351666
2.7272170014624826
2.356774146807922
2.465069461815837
2.606238928653389
2.7527152789797045
1.5744174271404585
1.8937666738014507
2.0795205229804647
2.4043473322310227
2.649397470347699
2.263809173883546
2.5185247901207326
2.2553773336305176
2.5156918280718066
2.4729607454389333
3.461924450184326
2.212503842372268
2.35274578087187
2.7281658735933165
2.7898980954642867
2.7898980954642867
2.6084585933443494
3.09306920777189
2.260820318171659
2.969389419529156
1.3699740752745009
2.564712510647918
0.0
1.853688226483452
2.1211274733371868
1.2958363892911637
2.155968102145908
2.263809173883546
2.263809173883546
1.7884504573082893
2.7556160070298414
2.789898095464287
2.0740870445590347
2.4980775466236413
2.3522170014624826
2.984769618706743
2.664653803789036
1.8638263900908156
2.4399561043971567
2.778050123386186
2.467720100474499
2.6556390622295662
1.9241743523004413
0.0
1.7576710282239203
1.0892300788425848
1.950212064914747
3.379985986918065
2.521640636343318
2.3331549065744572
2.347955562479673
2.5634425677041555
1.1488348542809166
0.0
2.1179631753145163
2.235926350629032
2.2785688414968885
2.263809173883546
2.1280852788913944
2.8962915290459277
2.1209520310264036
2.1179631753145163
2.2339466645252255
2.0419460322060456
0.0
0.9463729359854419
1.0949143184120975
1.7547831423729507
2.2256051990169436
2.950212064914747
2.1735572622751853
0.9463729359854419
1.5546097612655667
0.0
1.0408520829727552
2.2065442182128785
2.4851018534544216
2.223829217379574
0.0
2.8659573209491747
2.404793302461802
0.9463729359854419
2.378783493486176
0.0
2.077819531114783
2.5709505944546684
2.7898980954642876
2.920596937187078
2.3531906713383224
1.9852281360342516
2.1464393446710157
2.252826489911398
2.1339375660949167
1.6183941088363927
1.1221136771091087
1.321606958388347
2.0300872246321315
1.6631592307922118
1.7963498504571183
3.106890595608518
2.606238928653389
2.484470873222436
2.7395722619867224
2.373735909525858
0.0
1.561278124459133
2.6022170014624826
1.9528195311147831
2.740103260028584
2.013132465170739
2.6756981353679867
2.60845859334435
2.4848894517332405
1.9927598590515156
1.6493974703476992
1.9852281360342516
2.3787753681456
1.9944009522550317
0.0
2.11121658843249
1.903601954571115
2.1302704430860198
0.0
1.924174352300441
2.332914563979398
2.3577174691301486
2.1209520310264027
2.753434386188785
2.1426831892554925
2.2892464285091583
2.125
2.2256051990169436
3.2374907954618437
1.1488348542809166
2.9219280948873623
2.5560542104133326
2.950212064914748
2.056380377425995
2.4834585933443494
3.1307179879273748
2.1234786725698864
1.4294732983598406
2.2389205950315936
1.2366407419411674
2.610577243331642
2.3082708345352603
2.6989295636909354
2.5027361715940035
2.5281020701914807
1.7206267624076392
1.4832261969709113
2.6897657177188985
1.7370148112524406
2.25
1.4513146886497212
1.2867298709811676
0.8569957178540346
0.8637593279244158
2.311278124459133
1.731360029190912
2.1353503825268683
1.867576946176195
2.4650694618158364
0.0
2.123219672335508
1.2916919971380594
2.149397470347699
2.146782221599798
2.950212064914747
2.669338360172871
1.640223928941852
2.35274578087187
2.254447578972094
2.0202442071537563
1.4838317068446891
2.2610439833372844
2.248603730213371
2.682588730501833
0.0
0.0
0.7345299214394703
2.3774437510817346
2.9258530145612824
3.146286370662105
3.151798852506846
2.270942421748537
1.9688238866642984
1.8815361919607447
2.6892464285091577
3.092128083980856
3.463667845798682
1.9327229249500353
2.6455933144511468
2.98345859334435
3.0130709291038453
2.1280852788913944
3.1415496075211995
2.3787834934861753
3.197159723424149
0.0
2.628212945841001
1.856564762130954
1.4366664819166872
2.270942421748537
2.610577243331642
2.5735572622751848
3.3197526667404307
0.0
0.0
1.8073549220576042
1.877387064296613
2.175646899398185
1.4056390622295665
2.353887209966795
1.6562027794074292
1.811346433249389
2.689246428509158
2.2081965922770874
2.146465798504072
2.923231428797621
2.321928094887362
2.256564762130954
3.006238928653389
2.5249449750847117
1.5157895841746822
1.9628066316931743
2.682024710355254
3.178713419755166
2.947038747645892
2.8287814831406055
2.5550365325772657
2.9753167180380213
3.424745804880401
2.8423709931771093
2.498929563690935
3.7408018021564113
3.922429874034013
1.7273966735744792
2.459147917027245
2.1295679874183233
3.0595379647257896
2.1128025995084716
2.4137995646056805
1.578897902987479
1.9628066316931743
2.3329145639793976
2.35274578087187
2.335505556517097
1.871602261409798
2.0328148552068135
2.763865121950854
2.8522170014624826
2.606238928653389
2.225605199016944
2.4137995646056805
0.0
2.594117891631186
2.4956029237290127
2.404793302461803
2.3655962303576024
2.9258530145612824
3.8723015929414175
1.9751060324573735
2.754211241634051
2.659528751633896
2.484895654624254
2.6072103113389793
2.5174905865304376
2.6610620260050095
2.4518292873303964
2.661415085461316
2.9077211478342058
2.6124255335473237
2.5734889267376855
2.505280207450175
2.678831384353051
3.0654899144886265
2.606238928653389
2.6389205950315935
2.165131711675571
1.5546097612655667
2.6411209338130157
1.7201755214643453
3.2464393446710154
1.4488156357251847
1.822815600352516
2.606238928653389
1.7055872616982601
2.243195776230405
1.9197367178034825
2.460433978314752
1.8521184823524366
1.7273966735744792
2.0872520915136796
2.0132790219068077
1.6578764348499595
2.7806390622295662
2.3342564252133498
2.556656707462823
2.610063540877072
1.6266144718101818
3.039148671903071
2.146782221599798
1.758842712835596
2.495602923729013
2.0680966938657255
2.466247897312731
2.7534343861887853
2.2392933870736065
2.2295739585136225
2.227017512485892
2.3068905956085186
3.5029322552483975
2.4225797618424916
2.1559060699581405
3.010570934268483
3.7598496177099316
0.0
2.732914563979398
2.0461796919474975
1.833206219346495
2.406666316740689
2.330271284264167
2.23345859334435
2.2643193502804
2.2312702546075753
2.2366760100268643
1.4966407621868583
0.9463729359854419
2.9000516989995426
2.4217533721231863
2.2256051990169436
2.4848894517332405
2.3935474965388988
2.005977711423774
1.1488348542809166
0.0
0.0
0.7219280948873623
1.2362995767854081
1.7652465283787413
2.430385207267689
2.2892464285091583
2.1554805146266958
0.0
1.2366407419411674
2.098579861712074
2.752855305203232
1.7028195311147831
2.0225797618424917
2.4587037808644103
0.7345299214394703
2.872905595320056
2.1562027794074288
1.8820122645598811
1.5589385323502774
2.2096909728231857
0.0
1.402081402756032
2.0202442071537563
2.614164262105116
2.577001089397579
2.5996659733039564
2.610577243331642
2.5497873815230374
2.524397470347699
1.2958363892911637
2.5027361715940035
1.9301249653149701
1.2772018112022603
0.0
2.952584246172162
2.5424826938097276
1.456564762130954
2.10845859334435
3.9204853397532275
2.448815635725185
2.10845859334435
2.217021885879718
1.5636254885377856
0.0
1.7967916319816366
2.256564762130954
1.8266781970562955
2.4613201402110083
2.2988252450030506
2.610577243331642
2.472905595320056
2.6455933144511468
3.948670377287325
0.0
1.5744174271404585
1.875
2.4508257945180887
0.0
2.2125038423722683
2.521640636343318
2.2868156750835835
2.0892446619882707
1.7688507293810107
1.8020456244375826
1.6282202760321465
2.6213526136130225
0.0
1.4256051990169438
2.692380602454975
2.7534343861887853
2.606238928653389
3.1845608142862893
0.0
1.6894822670191827
2.655050539417774
2.0294069451656007
2.2754316010011366
2.5152998034933436
2.743544095542166
2.2389205950315936
3.266332639970623
0.0
2.040223928941852
2.405694015085435
2.973557262275185
0.0
3.0503018554349817
2.0216148719112956
1.626688849701832
1.9169636088209152
3.194237431266855
0.0
2.3173537665696466
2.610577243331642
2.923231428797621
2.4935410903536543
0.8366407419411672
2.7329145639793975
1.9749375012019268
2.3655962303576024
0.0
2.2894320362548184
2.575274810289088
2.504800382982335
2.4779965120705425
2.2569571911031523
2.2589887971064755
2.343606934864942
3.783096378020691
2.86642315881451
2.6294817080809567
1.8565647621309542
1.6737949406953985
1.4567796494470395
2.6989358713215634
1.8565647621309542
0.0
1.950489113628632
2.7534343861887853
2.4276942711037672
3.0581573285181993
3.2642617162984746
2.359879028736861
2.35274578087187
3.039148671903071
2.8962915290459286
2.8522170014624826
1.6849774484867255
1.8802408149441479
1.2319817814011405
1.5221898721658214
3.0036860199820854
2.0202442071537563
2.584023687015089
2.2988252450030506
2.5232314287976205
1.2987949406953985
2.5078121516798726
1.9254106352407239
2.1280852788913944
2.133387491316597
2.1280852788913944
1.7360411676599221
2.289246428509158
1.9301249653149701
2.3787834934861753
1.8291431773798013
1.8291431773798013
0.8960382325345574
3.2841837197791888
2.2988252450030506
1.829868462508049
1.9551304955333557
1.7401363754207824
2.1294603388383018
0.9933927290103626
1.3143204867061788
1.7273966735744792
2.739572261986723
2.8414460711655214
3.005314856894279
2.3248629576173565
2.840223928941852
2.9883167106100106
2.7201287774331875
2.993863910709764
2.6741310549059647
2.535343505489147
2.84582015441824
0.0
2.3787834934861753
2.8073549220576046
1.4716022614097979
1.198192411043098
2.217021885879718
3.0565647621309537
0.8112781244591328
2.424835634986198
2.2138801593076023
1.7947367178034825
2.279799131837405
1.6457113704075788
1.0892300788425848
1.950212064914747
1.825605199016944
2.2065442182128785
2.149397470347699
2.7068905956085185
2.17403586834798
2.7799500009615414
2.3695710038552735
2.827819531114783
2.0634648712250887
3.056564762130954
2.610577243331642
2.7534343861887853
2.702819531114783
2.23345859334435
3.039148671903071
2.2810361125534233
2.656564762130954
1.9301249653149701
1.9211854965885542
1.9993262734390833
1.875
2.1800365325772657
2.1295679874183233
1.647730922119161
1.7884504573082893
2.2569089895583545
2.1005602963278096
1.8751458114455382
1.450467463408549
2.289246428509158
2.1820058147602133
2.4772170014624826
2.610577243331642
2.270942421748537
2.9412979287319203
1.7767248000621212
1.4315602842833157
3.208694969562842
2.702819531114783
2.5492553971685
2.0202442071537563
2.1812056673346514
1.871602261409798
1.2319817814011405
1.2115696121630875
2.081706277574314
1.965596230357602
1.6216407621868583
2.8962915290459286
2.063202513215852
2.000080876099379
2.910992253015046
2.5492553971685004
1.1400677626718572
2.263809173883546
0.0
2.522740045214949
1.8658566174572235
1.9852281360342514
2.682588730501833
2.404764268399151
2.761733104426988
2.2942740671928616
2.181076011914607
2.1967916319816365
1.3325097579429528
1.647730922119161
2.1280852788913944
2.6601297526332575
2.1800365325772657
2.505123044017255
2.606238928653389
2.6062389286533896
1.6893917467430877
2.0874628412503395
3.231009444816112
3.778082454461968
1.3787834934861753
2.610577243331642
1.7900504167841065
2.172652853878461
2.186665377731229
1.4237949406953985
2.192005835492106
3.1289981403382185
2.1701348924281936
1.889578286750231
2.610577243331642
1.6788979029874789
1.3752793655393791
2.610577243331642
2.675698135367987
0.8960382325345574
1.9804820237218406
2.1280852788913944
2.5953305043746093
1.6402239289418519
2.504693420829141
2.5935220318541274
2.8198556752231894
3.2159814510463454
0.0
2.5550365325772657
2.8729055953200557
2.4677201004744993
2.263809173883546
1.856564762130954
2.0532359131272915
0.9780155566622414
2.1622242557679536
2.0922718656836103
2.5805372521510344
2.107735252622104
1.5868068964791813
2.0670314951575843
1.965596230357602
2.6978458230844113
0.0
2.2814249385966776
2.2062389286533897
3.3395917092021277
3.26675892230988
1.9211796919474975
2.217021885879718
3.0565647621309537
0.0
0.8683927290103626
2.352217001462482
1.9211854965885542
1.8422921890824147
2.1615582650353895
2.4122009739116903
2.5996659733039564
2.8586885704510965
1.5744174271404585
2.4659573209491747
1.871602261409798
1.7382689280764647
2.7659573209491746
2.521640636343318
2.4845946215836374
2.5634425677041555
2.0741647430225756
1.9628066316931743
1.7455574250275927
2.3978617261381614
3.116698696973044
2.194289237857327
2.610577243331642
0.0
1.7382689280764645
2.3248629576173565
3.6725519002626847
2.1464657985040723
2.472905595320056
3.6975027333014046
2.1055872616982603
3.1158340921632193
2.4159220638351666
2.033856135049906
2.2280722251069975
2.8315935713984093
2.9852281360342516
2.1527217381013255
1.97355611232775
2.5445313041488333
2.0588138903312014
3.2359263506290334
2.495602923729013
1.280019973431558
2.0922718656836103
1.736196715624298
1.846093587042454
1.9698110652780971
2.339572261986723
0.0
2.390455517192677
2.021782221599798
1.9211854965885542
0.0
0.9933927290103626
2.138299429497336
1.6526768021893683
1.6158045319402516
1.7779849042597489
1.9533040442609686
1.7233083338141042
2.6022170014624826
1.946252729105303
1.4516607643577668
2.348987989077528
1.6758220575766962
2.7068905956085185
2.8893577001425244
2.2892464285091583
2.789898095464287
2.4956029237290123
1.7743974703476992
1.7232314287976207
1.532914563979398
1.4913146570363986
1.439254017211876
3.495615591018042
1.8675769461761949
3.03856233607563
2.2588718484453603
2.4164997849817103
1.9211854965885542
1.6879430945989
2.699513850319966
2.699513850319966
2.6455933144511468
2.610577243331642
2.074164743022575
1.5626880393039078
1.6879430945989
1.781937063546704
1.8657646371790226
0.0
1.2916919971380596
1.6216407621868583
2.349601752714581
2.7550576199383072
2.4701970429406517
1.7244078178625923
2.4885548621928453
2.077819531114783
2.0211439180582507
1.9274512249645188
2.0211439180582507
1.9274512249645188
0.0
1.7534343861887849
2.82939174695303
2.833911188804465
2.636141082076489
2.6428661447341453
2.8402239289418514
2.6556390622295662
2.1800365325772657
1.5943609377704338
1.5654483718208252
2.863115674518363
2.1868085945630504
1.4926140680171256
2.0998625053956435
2.392629192274968
1.192250860234642
2.274242174272671
3.008621780036166
2.655050539417774
2.7107441871697437
2.976681184296344
1.8322488896002305
2.7739371731451934
1.9641092186513989
1.4772170014624826
2.0202442071537563
2.263809173883546
2.699513850319966
2.8153337792923416
2.2081965922770874
1.2577148214953864
2.1054105870684143
2.0875766428471136
2.6416041678685938
2.649397470347699
1.6403360647604435
1.0942658959797504
3.307751647240616
3.231270254607576
3.5903967436056083
1.4918603462795095
2.0225797618424917
1.8098225451324992
2.216917186688699
2.114225342086625
2.4410685859554375
2.199086165113526
2.2516291673878226
2.5828682480695306
2.827819531114783
0.0
1.8828560636920488
2.373478930794235
2.3355055565170972
2.155221528859512
2.117492461184755
2.8205898566665457
3.1259303090680373
1.8389205950315937
2.239097917988786
2.8962915290459286
2.35274578087187
2.4662478973127313
3.1221321968555453
2.610577243331642
2.0962328109062858
1.8617022325423545
1.3993074271397614
2.6100635408770723
1.4838317068446891
1.6578764348499595
2.1770745205502284
1.4713544870139295
2.923231428797621
2.146465798504072
2.2810361125534233
2.8920795639257113
2.498929563690935
2.6582878173619067
2.5468465893424046
2.120952031026403
2.8729055953200557
2.420082463275135
2.524397470347699
2.1181125700076544
2.9056390622295662
2.2825887305018333
4.040736038862893
2.953269689515108
2.4956029237290123
2.2256051990169436
2.0634582986483037
2.2825887305018333
1.4966407621868583
2.005977711423774
2.610577243331642
2.9735572622751847
1.54515219719895
2.4164997849817103
2.2464393446710154
1.9579393553211153
2.5566567074628237
0.0
2.3090123682506185
2.6416396727898706
2.491114850055185
2.4345266266988324
2.3903083326692296
2.343606934864942
2.547666450032032
2.3903083326692296
2.343606934864942
2.3903083326692296
2.2226985348317254
2.2200683022340693
2.343606934864942
2.278351811711312
2.3903083326692296
2.2081965922770874
2.5
2.343606934864942
2.547666450032032
3.0709505944546684
1.6266888497018317
1.41379956460568
3.121928094887362
1.8322488896002305
1.9852281360342514
2.625
2.2232196723355075
2.975412897259045
2.811278124459133
2.023465189601647
2.4581223395204943
2.3299574748443264
2.121276357834812
3.23095213149284
2.467720100474499
3.2743627447176515
1.7187828921272554
2.8218881955261788
2.858278308418045
2.6966202573293883
1.2309595631140104
2.2256051990169436
2.153291231890481
2.491967413403466
2.1054105870684143
2.377443751081734
2.556656707462823
2.5820599105802575
1.8050365325772657
2.606238928653389
4.065467135411961
3.0
2.2200683022340693
1.6402239289418519
2.395461844238322
2.359879028736861
1.5916727785823275
2.472905595320056
2.2584598927441624
2.358938532350277
2.4737584402282127
1.9833830982290133
2.4428621651554665
2.5521796970665487
2.106603137064475
2.0274893113295236
1.7720772537350808
2.2176554477532138
2.487454835008816
1.5566567074628228
2.4662478973127313
3.2359263506290334
1.495538029919111
2.8221819586428727
2.5941178916311856
3.9554648640977463
2.2485731395538666
2.0679010459628846
2.2988527261581813
2.0670314951575843
2.610577243331642
2.263809173883546
2.556656707462823
2.5609640474436812
2.6022170014624826
2.380369208880387
2.3035088547976788
2.889549430862088
2.9056390622295662
2.556656707462823
2.395461844238322
1.8565647621309542
1.9211854965885544
2.8219280948873626
2.8219280948873626
0.0
2.1868085945630504
2.287101752714581
2.1868085945630504
2.287101752714581
1.7244078178625923
2.0922718656836103
1.899022751175655
2.377443751081734
2.5471230401472904
1.9688738747207215
1.8904276114212601
2.0989295636909353
2.638297570278019
2.4474015047059146
2.3655962303576015
1.807354922057604
2.557792409935122
2.5566567074628233
1.8535681581652277
2.172631817221838
2.4588718484453604
2.699513850319966
1.6805563732659934
2.462291918270034
1.6774212838293647
2.4202776983278502
2.4885548621928453
2.163865121950854
2.3301249653149703
3.4362781244591325
1.870253816431622
2.10209067485585
2.337019353315419
1.8419171866886992
2.577819531114783
2.7534343861887853
1.4926140680171256
2.4404040177209283
2.503701696057348
2.574478415913081
2.2920717524577867
1.870253816431622
2.1054105870684143
1.6402239289418519
2.872905595320056
0.0
2.010360419811954
2.215347275584621
2.314392714747833
2.5304930567574826
2.3151277160800037
2.1490327236955644
1.7169171866886992
1.8073549220576042
2.4801670842458123
2.3729663772279648
2.5027361715940035
1.4966407621868583
1.9211854965885542
2.130926080730337
2.10845859334435
2.5941178916311856
2.7329145639793975
2.6416041678685938
3.0124399541337565
2.0487949406953985
1.7967916319816366
1.860964047443681
2.1690354219421173
3.3130206699654594
2.0294069451656007
2.3991303913908
2.467720100474499
1.5577277787393193
2.2773276830375746
2.760666827231598
2.424390490219757
1.9749375012019268
2.4361795103227517
2.0191534613250357
2.061278124459133
2.3220847276178658
2.6688388898504303
2.4137995646056805
2.7534343861887853
2.349601752714581
2.472905595320056
1.9852281360342514
2.2491696471549436
1.3699740752745009
2.41896119556797
2.5495234595978324
2.5773270128028267
2.9056390622295662
2.495602923729013
0.74959525725948
2.606238928653389
2.495602923729013
2.8414460711655214
2.356492413796824
2.273728829005326
2.1645394673856413
2.4056390622295662
3.6920041151492993
3.202819531114783
2.2605038327557683
2.343606934864942
1.8961076329623947
2.014802590850705
2.0170949781550753
1.9658005360098467
1.8288713632524445
0.0
2.483150394123432
1.442508097190614
2.3659248732117817
1.6266888497018317
2.3092409259580973
2.4137995646056796
1.8005536741835049
2.9727417564311724
3.049495565630507
1.0529815751302694
2.577819531114783
2.4726995025836405
2.6688388898504303
2.411027779380347
1.7130788426267936
2.469508336839199
1.965596230357602
2.653343351691646
2.3598063039211006
2.8223401445007736
1.7244078178625923
0.6402064333604701
2.205190499271973
2.7534343861887844
3.589015103929812
2.2359263506290326
2.557727778739319
2.3006081122623816
2.5304930567574826
2.2396652785399733
2.2369192388492123
2.2779374876155387
2.0589879724283815
2.395925963076202
0.0
1.507731142475582
2.003877137252145
2.074164743022575
1.825605199016944
1.7147202632688487
1.7527152789797047
0.0
2.4662478973127313
2.378783493486175
2.217021885879718
1.7805862982690739
0.9055872616982603
2.1535654389463623
2.6565647621309543
2.155968102145908
1.9194126680510326
2.039353872167201
2.0365766899407327
2.377443751081734
2.3299574748443264
2.260820318171659
1.532914563979398
1.9669171866886992
1.4303286074335602
2.4237949406953985
2.2081965922770874
3.204986855772667
2.3129072918469555
2.4497456148476355
2.649397470347699
2.1772294263133687
2.224601752714581
1.9795739585136223
2.3248629576173565
1.9833830982290135
1.5744840259868735
2.147077673396552
1.9408237778677173
1.4716022614097979
2.007856063692049
1.3716407621868583
2.5495234595978324
1.9755456614681612
2.609850166028943
3.260828171224455
2.5468465893424046
1.0892300788425848
2.128085278891394
2.496587688999515
1.9981611914269617
2.35274578087187
2.49155327022262
2.3311825890051554
2.472905595320056
2.524397470347699
2.855904922469693
2.1095520320389385
2.35274578087187
0.0
1.5394910703001345
2.7107770844150676
2.6842648706843097
3.05330138528226
2.057924310831006
1.8306769966246783
2.0532635745669556
1.945530556036326
2.35274578087187
2.577819531114783
0.0
2.3050365325772657
2.5495234595978324
2.005977711423774
2.5306390622295662
2.2248330254797586
2.5400712272231747
1.954304590851949
2.8139107630313696
2.2389205950315936
1.6879430945989
2.56507654233637
3.006238928653389
2.785288581147598
2.2584598927441624
2.3942811477133947
3.094993963343772
2.3898980954642877
1.6894822670191825
2.840223928941852
2.209888638014727
1.483831706844689
2.152492594515676
1.807354922057604
2.90180665191376
0.828055725379504
1.1595547523787308
2.35274578087187
2.556656707462823
2.057924310831006
2.374556048381884
2.5735572622751848
2.199389862653165
2.0320213197228485
2.3014649438373094
2.969389419529156
1.7338641164117328
2.521640636343318
2.0202442071537563
0.0
0.0
2.4137995646056805
1.889578286750231
2.514986912317161
2.692380602454975
2.317520750262211
1.3995812306460644
2.270942421748537
2.7321588913645694
2.699513850319966
2.9852281360342525
0.0
2.1033376592883624
1.5655962303576019
2.4137995646056796
3.2841837197791888
2.135053392163643
2.365596230357602
2.5120548905574305
2.5154987260281305
2.253553208956351
2.416620626333465
3.4146959570215945
1.476542774574623
1.8618581964277634
1.2366407419411674
2.5341468438052397
1.3786137171821593
3.3169518837468255
1.9898980954642875
2.2865766899407327
2.142683189255492
1.4607210985246075
2.3450525501511787
2.5464393446710156
0.7219280948873623
0.0
0.0
0.0
1.5919171866886992
2.063202513215852
4.053670820837759
2.952819531114783
2.2892464285091583
2.606238928653389
2.155913095175825
2.17403586834798
2.610577243331642
1.9301249653149701
1.3244602933016414
2.8073549220576046
2.217021885879718
1.3633800759802648
1.5775967043075598
2.2825887305018333
2.512610027793766
2.5027361715940044
3.543696175334987
2.577819531114783
2.1559681021459074
2.460904932167797
2.789898095464287
3.197159723424149
2.7744019192887706
1.600983694881109
3.72712693697974
1.600983694881109
3.606236327298726
1.8291431773798013
2.9735572622751856
1.468090781663233
2.610577243331642
3.137537511266052
2.1209520310264036
2.155221528859512
1.8709505944546687
2.359879028736861
2.349601752714581
2.610577243331642
1.8253942860148422
1.9926140680171256
2.3986358879104555
2.699513850319966
3.0651204074720737
0.9886994082884974
1.285981855853695
2.900051698999542
1.7177648376739314
2.3920788329783202
1.9728585986276301
2.2058011089873357
2.217021885879718
1.5744174271404585
2.1280852788913944
2.488403899223372
1.3716407621868583
2.6112949406953985
2.4294945204514447
3.039148671903071
2.495602923729013
2.6084585933443494
2.3393538721672007
3.058813890331201
2.48345859334435
2.967771573802415
1.7883763717345071
2.473643443933158
1.3361602543738118
3.057476076289932
2.2588718484453603
1.822815600352516
2.155968102145908
2.289246428509158
2.335505556517097
2.080500530640267
2.5492553971685004
2.637211084228852
1.2532975784630431
2.1280852788913944
2.4225797618424916
1.9852281360342514
2.2389205950315936
2.0202442071537563
2.115145696464065
3.2086949695628415
2.57882039287438
2.2339466645252255
2.35274578087187
3.5471593428359354
2.063458298648303
1.7884504573082896
2.064042639445697
2.6213526136130225
0.9852281360342515
1.821031958133821
1.510712912837548
1.4716022614097979
2.905764584655453
2.9928560501604604
3.046381112945884
3.153571738477581
2.699513850319966
3.0697251603588867
2.2062389286533897
2.4772170014624826
2.545366839676186
2.306817822756345
2.2825887305018333
1.8892464285091581
1.9056390622295665
2.2266523289565594
2.315738006876835
2.246404181238251
2.1766352793034835
2.072905595320056
2.6707834849660945
2.4806821149663847
2.5263163083740596
2.225610814520738
3.006238928653389
2.60845859334435
2.5825518169307426
2.6538113557486334
2.251614471810182
2.840223928941852
1.795682898351103
2.467720100474499
1.7518834359763855
1.6893917467430877
2.767866975692805
2.529417186688699
1.913977073182752
1.7800089856490555
2.0409591270998186
2.6062389286533896
1.7273966735744792
2.8423709931771093
1.5306189948485172
2.552832161679204
2.657946708877887
2.437065831519022
1.6737949406953985
3.0438561897747247
2.822579761842491
1.9211796919474973
2.610577243331642
2.606238928653389
2.467720100474499
1.5916727785823275
3.008621780036165
2.091917186688699
1.9504809632118367
2.4300365325772657
2.2668616891455575
1.9575599976083877
2.6737855952216476
2.955797144761351
2.1559681021459074
1.4299111709758698
2.290265915452916
2.0741647430225756
1.848710875378857
2.0419460322060456
2.7329145639793975
1.4716022614097979
1.4716022614097979
2.5492553971684995
2.656564762130954
2.1179631753145163
2.5034234954599577
1.640223928941852
2.093911951300547
2.4164210051269683
1.7727562175217506
1.695689304536347
2.6632908081776594
1.8498687225851778
1.5577277787393193
1.6337314206421327
2.8374058114255174
2.1824562508413488
2.465069461815837
1.822815600352516
2.9300358085259197
2.3991303913908
3.5392798693020464
1.8389205950315934
2.7544418457133455
2.7332062193464948
1.8073549220576042
2.25
1.1981174211304033
2.8962915290459286
2.6312929881819
1.6038561897747248
2.3655962303576015
2.1209520310264036
2.1800365325772657
2.610063540877072
1.6922718656836107
2.146465798504072
2.3531906713383224
2.378783493486176
1.9211854965885542
2.5492553971685
2.472905595320056
2.610577243331642
2.3921315477178804
2.500001008944671
2.4300365325772657
1.7884504573082896
2.382856063692049
1.5916727785823275
2.2389012566026305
3.039148671903071
2.8786741505606392
2.3667452542142176
2.1967916319816365
3.182005814760214
3.182005814760214
1.9523612813926658
1.7111943078760181
2.0264746149343718
1.5822359560770862
1.728979414975403
1.968873874720721
2.365596230357602
1.7863012011716393
2.0872520915136796
2.263809173883546
2.495602923729013
2.9735572622751856
1.2638091738835462
2.35845859334435
1.9904726977121663
1.295659529821394
2.3903083326692296
2.899397470347699
1.6092568775908622
2.7614173902752386
2.5
1.7735572622751854
2.019240704636849
1.940638403054705
2.687323068474994
1.9644241075449087
2.377211047874671
2.0347098451535013
1.9197367178034825
2.454986855772667
2.142107442829041
2.0347098451535013
1.9197367178034825
2.454986855772667
2.142107442829041
2.0634582986483037
2.722292189082414
2.389898095464287
1.5216406363433184
2.224394445405986
2.7668114377645097
2.438721875540867
2.4662478973127313
2.3232196723355076
1.3862740938959681
2.0294069451656007
2.353411192621123
2.3658692257183613
2.2458696177958086
2.610577243331642
3.58126108472409
2.181937063546704
3.5383383568017615
3.572407597191861
2.21676435353455
2.0419460322060456
2.0131324651707385
1.4294732983598406
2.6455933144511468
2.065957320949175
2.4264025411052232
2.4137995646056805
1.5324194984468593
2.4885548621928453
3.086048612313038
2.738123460610367
2.23249942659593
2.728596194529001
3.079079570624174
2.4137995646056805
2.2115415980861424
2.503258334775645
1.9898980954642875
0.9910760598382222
1.7297548670745932
2.37642813061118
2.3515937233487554
2.389898095464287
2.8665871058289594
2.4137995646056805
1.561919649038354
1.8389205950315937
1.8423709931771084
1.6143180698290447
2.4613201402110083
2.0922718656836103
1.0
2.0300872246321315
2.7534343861887853
2.9864405016961446
2.3248629576173565
1.9732285161344476
1.7273966735744792
1.8210319581338212
2.1824562508413488
2.1452221012171484
2.148834854280917
2.1179631753145163
2.4662478973127313
2.7329145639793975
3.1898980954642866
3.0841837197791886
2.473072414373093
2.2803946541231945
2.584262225315332
1.9255649733135827
0.0
2.0116298903693024
2.125
2.8086949695628416
2.5232314287976205
2.8073549220576046
1.6737949406953985
1.287054028118727
2.2825887305018333
2.4159220638351666
3.2402239289418517
3.1479578728872353
3.0311161724560187
1.4627552262645034
1.9502120649147465
2.6455933144511468
1.661932872373582
2.0461796919474975
2.7534343861887844
0.0
1.731360029190912
2.389898095464287
1.6692462556711996
2.279799131837405
1.7399546474223628
1.6719026067783762
1.75
1.919746605721626
1.8774487457092885
2.1492553971685
2.625
2.4662478973127313
1.93012496531497
2.8441065448145384
2.330271284264167
1.8016366412706075
2.3329145639793976
2.224394445405986
2.23345859334435
2.288019280279689
2.1820058147602133
1.8098225451324987
2.404793302461802
2.424835634986198
1.2916919971380596
2.1393538721672005
2.155968102145908
2.145136370153053
2.8402239289418523
1.450467463408549
1.7947367178034825
1.4166856206042056
1.2309595631140104
1.6894822670191825
2.300978674371633
2.123199115426226
1.3995812306460644
0.9852281360342515
2.013132465170739
1.7961796919474973
0.0
1.4537009957545122
2.2295739585136225
2.6556390622295662
2.6416041678685938
2.057924310831006
1.9746017527145812
2.498929563690935
2.2398947777165885
1.9243944643836515
1.965596230357602
2.5162649802318
2.96029964958913
2.4410685859554375
2.223829217379574
2.5626009133151726
2.7739410098391204
2.0985798617120746
2.739572261986723
2.2322628970242686
2.289246428509158
2.5492553971684995
2.86192888182467
3.0994364124846885
3.006238928653389
2.382856063692049
1.7002237262558646
2.7438718180150588
1.936278124459133
2.6803129590011165
3.016875695766564
1.9211854965885544
1.9254106352407239
3.7630373317400463
3.3841837197791893
1.9211854965885544
0.0
2.6432883975475776
2.1029334343823507
2.417776540971489
2.1559681021459083
2.521640636343318
1.7436020828700112
2.129390686118258
2.1527217381013255
2.2256051990169436
2.6216535224393334
2.4225797618424916
2.1209520310264036
0.0
2.440223928941852
2.6464393446710153
2.5977076234081267
2.217021885879718
2.2098886380147267
2.610577243331642
3.7626407197150793
2.4056390622295662
0.0
2.1453802518815803
0.5916727785823275
2.9697315665441306
2.7534343861887853
2.35274578087187
1.990316696873679
3.1346502121872803
1.4474519468397147
2.192593717591875
2.6556390622295662
2.002755067189044
2.374556048381884
2.572573883611435
2.6416041678685938
2.8423709931771093
2.005977711423774
2.2584598927441624
2.8016094970590273
2.395461844238322
2.139795093787977
1.8419171866886992
1.4079824483474699
2.649794462043571
2.6402135035961947
2.927451224964519
1.6282202760321463
0.0
2.146051876320978
2.1267186235064033
2.2189462981346573
3.8173156495395744
2.6556390622295662
2.2892464285091583
2.298650083218999
3.1751231351134614
0.0
2.365596230357602
2.5341468438052397
2.2825887305018333
2.1464657985040723
1.9528195311147831
2.74894004700543
1.1981174211304033
1.8024212838293647
1.760835283310187
1.4299111709758698
2.7933451941915166
1.994299475957303
2.4056390622295662
2.155221528859512
2.2670501829973704
1.7120954362128467
2.8962915290459277
2.4662478973127313
2.2627834289765825
1.7263472243434208
2.38054226421449
0.0
2.495602923729013
2.8962915290459286
2.8402239289418514
2.6213526136130225
2.422579761842491
2.0049355947431313
2.5366082543914996
2.4967330889405486
2.23345859334435
2.1047412314783913
2.0202442071537563
2.606951236911713
1.4568017817750278
2.7548473992018665
3.1464393446710153
2.6022170014624826
2.523986065961297
2.2806390622295662
2.297079327540665
2.4633846523503107
2.1346026962555835
1.7551587579979786
2.3635431872780077
2.666247897312731
2.406666316740689
2.212503842372268
2.41896119556797
1.6493974703476992
0.0
2.649397470347699
2.2256051990169436
2.6416041678685938
2.3709505944546687
2.061278124459133
2.005977711423774
2.789898095464287
1.9160563421790617
1.979992108919421
2.3140142960531365
2.3793084603233434
1.8332062193464953
2.6062389286533896
1.7804463148460088
2.395461844238322
2.604749299519434
2.206238928653389
2.2096909728231857
2.217021885879718
1.7534343861887849
2.6384600665861555
2.8796640049025943
2.1632095624584444
3.2069407922553808
2.699513850319966
3.039148671903071
2.4662478973127313
2.9000516989995417
1.4838317068446891
2.6455933144511468
2.35274578087187
2.6638651219508542
2.2062389286533897
2.6897484129394535
2.827513427448367
3.060800952916364
1.6117022325423545
2.314629243740075
1.9301249653149701
2.2892464285091583
0.9976267918964659
2.827819531114783
2.1577174691301484
1.8879294741223203
1.6266144718101818
2.6565647621309543
1.626688849701832
1.965596230357602
0.0
2.1774212838293647
2.1492553971685
2.3333333333333335
1.9003420409611818
1.9681300137657636
1.640223928941852
2.9852281360342525
1.7421127477851646
2.0741647430225756
1.626688849701832
1.8005536741835049
2.003513392210248
2.7272170014624826
1.9211796919474975
1.9386790169573507
2.7644113609447114
1.595461844238322
2.7847776529602823
2.563865121950854
0.0
2.7373227798185953
2.48345859334435
1.9301249653149701
1.955794563623899
1.5128876215181604
2.7201287774331875
2.2588718484453603
1.3244602933016414
1.6479181946455819
0.863120568566631
2.7686268682699064
3.006792004876453
2.1722381921018905
2.33012496531497
2.556656707462823
2.35274578087187
1.8190269457641057
2.878182522050243
2.5153341830205767
2.8115138660366545
3.062714322156526
2.96073241442663
1.64171806304599
2.748373334400346
2.577819531114783
2.358938532350277
1.6894822670191825
2.43109621155459
2.23345859334435
2.302683189255492
2.145136370153053
2.501629167387823
3.4382660696936322
2.2953570516174424
2.446616667628208
2.519079570624174
2.433779216286998
1.7720772537350808
2.4113027008221692
2.0419460322060456
2.424835634986198
3.176944762971775
0.0
0.7219280948873623
1.5157895841746822
2.270942421748537
2.323963391448791
2.8221819586428727
2.365596230357602
1.7142977509479211
3.7606615010623288
0.0
2.1179631753145163
2.35274578087187
2.521640636343318
2.216521698179525
2.1147869792568113
1.7907148496715315
2.4140784799766597
2.1470776733965518
2.4410685859554375
2.402558922132025
2.349601752714581
3.6251146662826366
2.0
2.4729055953200563
0.0
1.626688849701832
2.5492553971685
2.8423709931771093
2.2464393446710154
2.4840544795738126
3.0431813232968588
2.699513850319966
3.0179449785313315
3.170950594454668
2.35274578087187
2.5941178916311856
3.10845859334435
0.0
1.8322488896002305
2.665957320949175
2.4137995646056805
2.8073549220576046
2.521640636343318
1.626688849701832
0.6143694458867568
2.649397470347699
2.7395722619867224
1.8050365325772657
2.108515414334331
2.037861731142788
1.3709505944546687
2.2389205950315936
1.9852281360342516
2.296636697410334
2.6212913946422485
2.4049073493961193
2.3942811477133947
1.91599112847999
2.2004422822781615
2.1315941161149343
1.5221898721658214
2.3966238110793627
0.0
2.0113650418263798
1.965596230357602
2.325493334992844
2.6100635408770723
1.6879430945989
2.5366082543914996
1.7947367178034823
2.3671114697796742
2.224394445405986
2.23345859334435
2.1214897387037364
2.263809173883546
2.7898980954642867
2.610577243331642
2.8073549220576046
1.9211854965885544
2.765716182342178
2.8709505944546683
2.3301509011957973
2.145136370153053
2.377443751081734
2.288019280279689
2.4909919381156773
2.1266144718101816
2.145136370153053
2.377443751081734
2.4410685859554375
2.5230741894285695
2.5884652796041077
2.579656853929625
2.3498616884765235
1.3868421881310118
2.3921472236645345
2.6921976046407443
1.7534343861887849
2.169925001442312
3.5359342310940916
2.3248629576173565
2.2831584189267096
2.5652385723422406
2.2096909728231857
2.368102070191481
2.5274955437916096
2.003336241943048
1.875
2.2610058662856103
2.3718876559515474
1.8288713632524445
0.0
1.1056124005414156
0.0
1.6158045319402516
2.337808801095319
1.5128895564178861
2.506144066853198
2.403677461028802
0.0
1.014097655573916
2.635852985320566
2.089246428509158
1.5546097612655667
2.415922063835166
1.870253816431622
1.3752793655393791
1.6697367178034825
1.9582901367069279
2.438721875540867
0.0
2.8811939311696193
2.7274213294333802
2.840223928941852
2.4606103792862233
3.661239658478711
2.3442457665954173
2.263809173883546
1.950212064914747
1.7838593436779768
2.369025436177893
1.9852281360342516
2.35274578087187
2.5495234595978316
2.601609497059027
1.924174352300441
1.3382689280764646
2.0191534613250357
2.116716186961402
2.147348781633051
2.1280852788913944
2.5521796970665482
2.067031495157584
2.2825887305018333
2.270942421748537
2.3716535224393334
2.2098886380147267
2.4723196323823666
2.484255144794799
2.3695679468335413
2.6312929881819005
1.9301249653149701
0.7219280948873623
1.9948041741012434
1.7720744553985661
3.0130709291038453
2.4696844590546903
2.950212064914747
2.038760752862686
2.1559681021459074
1.885377505769539
2.3301249653149703
0.0
1.8089332576251511
2.9717186706154437
2.6337314206421327
0.7345299214394703
1.5589385323502774
2.0922718656836103
1.590468570732828
2.155968102145908
1.7277775538648994
2.0566416671474372
2.7032433566073992
1.9211854965885542
2.1001878900165245
0.0
1.4871827927508319
2.689227443762707
0.9669803487689241
2.7272170014624826
2.4662478973127313
2.610577243331642
2.007856063692049
2.827819531114783
2.0670314951575843
1.7884504573082893
2.2389205950315936
2.1209520310264036
1.7382689280764647
2.0943609377704338
0.9910760598382222
1.7333951957987583
2.4980775466236413
2.939829017466402
2.8073549220576046
2.708715136945611
1.9365981436282027
1.2210477851797181
1.807354922057604
2.6455933144511468
2.096004297699781
2.1500732360592685
1.4926140680171258
2.218437210664321
2.2567796494470396
2.462291918270034
2.4885548621928453
2.7534343861887853
2.0225797618424917
2.1646804318229447
2.0225797618424917
2.939829017466402
0.0
2.45311500557286
2.0989295636909353
2.440223928941852
2.145136370153053
2.8962915290459277
1.1595547523787308
1.984639954666178
2.107735252622104
1.9679432589494157
2.224394445405986
2.6061376606679536
2.107735252622104
2.162943585225163
2.0021722231837638
2.467720100474499
2.0962328109062853
2.509783702501153
2.0162328109062857
2.3025736908788708
2.0346084367858417
2.662101752714581
2.1981203125901447
1.8288713632524445
2.217090774749888
2.3370193533154193
2.816556524368316
1.640223928941852
2.332914563979398
2.0815408113833334
2.4885548621928453
2.0837975488558085
2.1820058147602133
3.109770494427796
2.4587037808644103
1.936278124459133
2.263809173883546
2.6803129590011165
2.4587037808644103
1.936278124459133
2.263809173883546
2.6803129590011165
1.186278124459133
2.4662478973127313
2.23345859334435
2.475727086293744
2.1214897387037364
2.10845859334435
2.4125056054120884
2.4922031072054134
3.065919024086124
1.7489992230622806
2.18950846755862
1.5306390622295665
2.4164997849817107
2.1179631753145163
2.6048074635028677
2.822579761842491
2.146465798504072
2.205822050877804
1.8565647621309542
2.038760752862686
2.3171703055222332
1.5566567074628228
2.8464393446710154
1.0540157730728
2.706990236856324
2.4137995646056805
2.2062389286533897
1.9268680175017439
1.8389205950315937
2.008805622540176
1.6879430945989
2.74894004700543
2.547123040147291
2.226120746842681
2.1149798205164814
2.5288929731159007
0.0
2.778356316178127
2.243773828551915
2.217021885879718
2.5495234595978316
0.0
0.0
1.7244078178625923
1.1981174211304033
2.6632908081776594
2.2988252450030506
2.3360253406140252
3.0709505944546684
2.969389419529156
1.3614289488664846
2.313675305902416
2.3134597501718237
2.5025980682472606
2.35274578087187
2.271782221599798
2.665957320949175
2.1040437177782714
2.0461796919474975
3.584726091170979
2.3432578733442675
2.1266144718101816
2.146465798504072
2.521640636343318
1.134969974603941
2.881778244882831
1.3787834934861753
0.0
1.5216406363433184
0.0
2.7558442261991325
2.498077546623641
1.3244602933016414
2.910992253015046
2.6556390622295662
2.4404040177209283
3.175123135113461
1.57797720011724
1.9669171866886992
0.7345299214394703
2.2988252450030506
2.656564762130954
1.5058231002082845
2.5366082543914996
1.9852281360342516
1.5449508169635264
2.4219280948873623
2.8073549220576046
2.2694176198348956
1.1687997226410385
2.7274213294333802
0.0
2.6086576788669897
2.815511876399763
2.223829217379574
2.517201802582726
0.0
0.0
2.4137995646056796
2.6078612261419973
2.10845859334435
1.4299111709758698
2.4729055953200563
1.8166422780956524
1.9852281360342516
2.421165682416475
2.332914563979398
2.320423374953668
2.6986604604011157
2.311278124459133
2.610577243331642
2.146208911614715
2.534451819482718
2.243773828551915
2.75
3.7314968960861354
1.6331761732195722
2.1179631753145163
2.0940798507950693
2.19882635217237
1.8705657762029166
0.0
2.6086576788669897
2.824623179772859
0.0
2.5294881142662007
1.950212064914747
2.7333716642706998
2.2569089895583545
2.1552215288595122
2.469240782172285
2.9398290174664026
2.263809173883546
2.9894657597463925
2.5648894517332406
2.720582776146013
2.4137995646056805
0.0
2.0461796919474975
2.1800365325772657
2.289246428509158
2.217021885879718
2.610577243331642
2.0650464172773457
2.1502013653579617
2.7254128972590443
1.7084118211067647
2.8441065448145384
1.7169171866886992
2.9754128972590443
2.871653522439333
1.278897902987479
1.5221898721658214
2.606238928653389
2.4729055953200563
2.35274578087187
2.3003980873087997
1.9910760598382224
2.1125853906355427
2.2464648406921386
2.166203744714952
2.0
2.270942421748537
2.6294817080809567
2.0670314951575843
2.7272170014624826
2.378783493486175
2.0131324651707385
2.040112832582691
2.409249326357418
2.6455933144511468
2.472905595320056
2.8451442836760017
2.6565647621309543
2.321928094887362
1.7832474385325099
2.77701481125244
1.93012496531497
0.0
2.0191534613250357
2.285170325787144
0.0
2.1084585933443494
2.028343279757114
2.288019280279689
1.7987949406953985
2.689246428509158
2.684017280829845
2.950212064914748
2.6455933144511468
2.301355934769065
0.7345299214394703
1.2145404077952502
2.7039306836046006
1.6216407621868583
2.599581230646064
1.5216406363433184
1.5546097612655667
2.8676338909712116
2.6044515357335687
2.224601752714581
2.282588730501833
0.0
2.894185295066462
1.2516291673878228
2.0131324651707385
2.0488962304271063
1.4299111709758698
2.2670002466214676
2.467785152816051
2.1878349945727646
2.627748091083824
1.9920040150370437
2.9542473996920804
2.396782221599798
2.5735572622751857
2.354550226546896
2.005977711423774
2.0300872246321315
0.863120568566631
3.5690564023413573
1.1660870601063933
2.3810519594886106
2.5785519909913264
3.7825032300863426
2.1607047528877827
2.064042639445697
2.149397470347699
2.9174058114255175
2.4956029237290123
2.6624314788086783
1.8338496710294616
2.498929563690935
2.936817682256827
1.461808190237307
1.8219280948873622
2.8962915290459277
2.175241917363884
0.0
1.0975378398419535
1.2366407419411674
1.6595365985012456
2.1491551941476863
1.8731414338300802
1.8137576782928113
0.0
1.2958363892911637
2.1029334343823507
1.8148493701198407
0.0
0.8343470230852538
1.6038561897747248
2.039353872167201
1.7273966735744792
2.1280852788913944
1.908894505545471
1.640223928941852
0.0
2.610577243331642
2.8073549220576046
2.339261065733564
2.6292492238560343
3.1995962016034323
1.2638091738835462
1.8789687013606597
2.5366082543914996
2.3332062193464953
2.1800365325772657
2.6734111926211224
2.502705481927944
1.9998276134648987
2.844177272985977
2.7201287774331875
2.1747695227558634
2.6199707109276353
0.0
0.0
2.610577243331642
2.546631615393778
2.5669875831388707
2.6475921473084956
2.950212064914748
1.856564762130954
2.2782038010085963
2.6556390622295662
1.8046653330944498
1.8352377453121176
1.9669171866886992
2.5541522113239497
2.349601752714581
0.0
2.3627402784989338
2.610577243331642
2.7659573209491746
1.8536882264834516
3.021928094887362
2.8016094970590277
0.0
2.5735572622751848
2.5941178916311856
1.9211854965885542
2.610577243331642
2.311278124459133
2.0253918449266295
2.083551255936948
2.8962915290459277
3.1018812234760182
2.2256051990169436
2.7527152789797045
1.0892300788425848
2.5492553971685
2.6644977792004614
0.0
1.9814963295286754
1.7736428784802016
0.0
1.7273966735744792
2.2256051990169436
3.039318304798519
2.271782221599798
3.1275671571169283
2.699513850319966
2.363865121950854
2.4164997849817103
2.3050365325772657
2.322756958897399
2.720128777433188
2.0670314951575843
2.3329145639793976
2.35274578087187
2.274397470347699
1.2086489509530647
1.7273966735744795
0.5916727785823275
2.1061450333085068
2.8729055953200557
1.4627552262645034
2.218846363733215
1.7273966735744792
2.1892869761976885
1.6402239289418519
3.1068905956085184
1.573192411043098
1.962806631693174
2.005977711423774
1.7623790309270206
1.6376655439957835
2.4331239486563656
3.1416210809614573
2.908694969562842
1.9909278788372207
1.955794563623899
1.5289659680720935
2.239097917988786
2.201231789474708
2.2584598927441624
2.9477027792200903
2.523231428797621
3.064083511770376
2.365596230357602
2.9823328717505144
1.7518834359763853
2.4137995646056805
2.6069367321753214
2.205109900073869
2.58877918559175
2.606238928653389
1.94198613541998
2.1315941161149343
1.99104606864943
1.6688388898504303
1.731360029190912
2.8974076197009206
1.4966407621868583
1.9986525468781666
2.682588730501833
2.3749589477025563
2.077819531114783
0.0
1.983084164143437
1.8903360647604437
1.4932133643654213
1.759984423934431
2.4567055963105613
2.3904685707328284
1.612197222702993
2.7603136973125113
3.106890595608519
2.6399626276109145
2.518147643785141
2.452057175554955
2.7016094970590276
2.2689985590847686
2.3561452652597707
2.7785197176605783
2.592638902261108
2.005977711423774
2.6647069161207506
0.0
1.3995812306460644
1.8498687225851778
2.4587037808644103
1.936278124459133
2.263809173883546
2.6803129590011165
1.6774212838293647
2.8962915290459286
2.4071453756241565
2.387761851991374
2.240670531676688
2.396310424640968
2.4125957390886295
2.42174061924385
2.4587037808644103
1.936278124459133
2.263809173883546
2.6803129590011165
2.4587037808644103
1.936278124459133
2.263809173883546
2.6803129590011165
1.565596230357602
2.3855130303998817
3.11293063138152
2.5964883952455504
2.454986855772667
2.2516291673878226
2.2892464285091583
2.721928094887362
2.0550365325772657
1.4256051990169438
2.1054105870684143
2.3736606896881853
2.5304930567574826
2.5545851693377997
1.924824066737395
1.9110928353580843
1.8322488896002305
2.119240704636849
1.924174352300441
2.195223828139826
3.453590809772978
1.9301249653149701
1.7158285531297168
1.7273966735744792
2.4662478973127313
2.0021722231837638
2.2597992234005675
1.9241743523004413
1.9852281360342516
2.5304930567574826
2.522620309531022
2.2221915755066783
2.05632607578088
1.8980933736695382
2.1844984515601635
2.48345859334435
2.6167233939507346
2.474601752714581
2.5261207468426803
2.5261207468426803
1.7832474385325099
2.011920928594794
2.262879631232199
2.2892464285091583
1.7967916319816366
2.5073801024236353
2.2062389286533897
1.8828560636920488
2.384602696255584
2.0216148719112956
2.0216148719112956
2.2988527261581813
2.0216148719112956
2.5990000828849635
2.370430461078689
2.2584598927441624
2.4845227801732817
2.5492553971684995
3.0306390622295662
2.8073549220576046
1.9329145639793979
2.0445569985498815
2.063558608511122
1.871569948038403
2.120952031026403
2.699513850319966
2.091917186688699
2.072905595320056
2.005977711423774
2.656564762130954
2.1209520310264036
3.6441537465325125
2.6064387468633075
1.8942738697712644
2.822579761842491
2.698688570451097
2.6607471047516045
2.125246327416571
2.6986604604011157
2.146465798504072
1.9301249653149701
2.1609640474436813
2.6947814605842733
0.0
0.0
0.0
1.5577277787393193
2.201609497059027
2.1037016960573482
2.115270396880037
2.1055872616982603
2.4516084941043093
2.624467151951281
2.446428310992824
2.0963151325909357
1.759030897145158
3.198706629538068
3.043561759737876
2.5274955437916096
2.2824156286861546
2.4097328307317003
2.5941178916311856
2.6644977792004614
2.659753203339488
2.389898095464287
2.422579761842491
2.973557262275185
2.7222921890824145
2.98958184610887
0.0
1.4345491399952024
1.4366264796491712
2.6416041678685933
2.8423709931771093
2.4677201004744993
2.2988252450030506
2.20233061266686
2.4650694618158373
1.8571530222550428
1.8073549220576042
2.433411192621123
1.6697367178034825
2.610577243331642
1.8131324651707388
2.465069461815837
2.08746284125034
1.675143246409987
1.8618540887146815
1.9211796919474975
2.0825518169307426
0.0
0.0
1.6493974703476992
1.8452178053170998
1.7273966735744792
2.1266144718101816
1.8073549220576042
2.2988252450030506
1.9328045775391227
2.3329145639793976
2.218437210664321
2.053263574566956
1.7055872616982601
2.288019280279689
2.9638006920299946
1.3995812306460644
2.7272170014624826
2.5724312513221195
2.4575940664411084
2.721928094887362
2.624895835336545
3.4899727432152425
1.8781327931482783
1.4041074513870861
0.0
2.521640636343318
2.994087996100047
2.2671178759649178
2.2132982820604443
2.6556390622295662
0.0
0.7642045065086203
1.640348579429675
0.9428915212888898
0.6098403047164004
1.408222675578688
1.6264757079932732
2.822181958642873
2.6892464285091577
2.3745560483818835
1.9669171866886992
3.539529522235695
2.4705570854766368
2.467720100474499
3.2368573034220742
3.8218881955261783
2.566252727486987
2.10845859334435
1.7947367178034825
2.682588730501833
1.9211854965885544
1.4056390622295665
1.5157895841746822
3.8910242762813794
1.870253816431622
0.0
2.5232314287976205
2.610577243331642
3.1018812234760182
1.856564762130954
2.422579761842491
2.2754316010011366
1.9826831892554924
2.271782221599798
1.875
1.8565647621309542
2.8450325044109346
2.011920928594794
2.480190978493473
1.8210319581338212
2.9443949486565364
1.4345491399952024
2.270942421748537
1.3527241956246545
1.086312840741288
2.7395722619867224
2.10845859334435
2.217021885879718
2.5735938210328526
1.5577277787393193
2.077819531114783
1.7273966735744792
2.6644977792004614
3.180444871206329
1.6786412049056305
2.1234786725698864
2.6565647621309543
1.9746017527145814
3.3244998138788864
2.8218881955261788
2.5253456211698713
1.965596230357602
2.4846987825969657
1.992778107459939
2.4980775466236413
2.6397251503270542
1.9402181422493245
2.271782221599798
2.860964047443681
3.1556390622295662
2.496825627358036
1.1660870601063933
2.8045851693377997
0.0
2.5492553971685
2.720128777433187
2.1657079585832197
2.556054210413333
2.710070621397605
2.7464393446710154
1.8892464285091581
1.1856161633204378
1.589417949152841
2.9735572622751847
2.41379956460568
1.9399824743635556
1.9211854965885542
1.9199730940219752
1.716722071827828
2.926108500731241
2.6601297526332575
1.6493974703476992
1.5289659680720935
1.7561489336858491
2.824498451560163
1.5628066316931741
2.7744019192887706
2.7534343861887853
2.8962915290459272
1.863120568566631
2.469240782172285
2.3248629576173565
2.4848894517332405
3.6949630389313644
0.0
1.6814963295286753
1.5324194984468593
2.1405180562767114
1.6879430945989
1.6879430945989
3.1158340921632193
2.0922718656836103
2.614164262105116
2.8073549220576046
2.0419460322060456
1.812636581659423
3.2089873002588005
2.155968102145908
1.8679653582397107
2.5611213994484046
2.702819531114783
1.2958363892911637
2.710604466559097
1.3127443531093745
2.2399351903050047
2.2349849223695104
1.8352377453121174
2.0225797618424917
1.7534343861887849
1.3752793655393791
1.949137865273585
2.33012496531497
2.23698375547452
2.761094470356886
2.90413426030768
2.5232314287976205
1.6758220575766962
2.345719283930527
2.389898095464287
3.1158340921632197
2.5698677243638026
2.4322574485535142
2.0713451397302376
2.374556048381884
2.4662478973127313
2.23345859334435
1.7195538283221254
0.0
2.556656707462823
1.6894822670191825
2.4830067805200744
2.429663483094588
2.2516144718101816
0.0
1.9301249653149701
2.74894004700543
2.259799223400567
2.074164743022575
2.273411192621123
2.7806390622295662
1.3355841933727153
1.9580595428376295
1.9211854965885542
2.48345859334435
1.6893917467430877
2.4880706300724755
0.0
1.7332062193464952
2.2841837197791888
2.7107770844150676
2.6644977792004614
2.5841837197791886
2.3522170014624826
1.6729055953200562
3.564531905620856
2.1077352526221045
2.5497873815230374
2.0486042697151414
4.00882085724408
1.758842712835596
1.9381937020730335
3.2359263506290334
2.406666316740689
0.0
1.6779842806377734
2.8962915290459277
2.930973297418189
2.994992934396767
1.9301249653149701
2.0157404324930677
1.5306189948485172
2.8729055953200557
2.699513850319966
2.6062389286533896
3.25
2.321928094887362
2.2062389286533897
2.4137995646056805
2.498929563690935
2.2339979078388277
2.2593448852662528
1.450467463408549
2.1280852788913944
1.6893917467430877
2.0487949406953985
2.8638263900908156
2.8153337792923416
2.8423709931771093
3.0363722498302237
1.8716022614097982
2.9184501345533245
1.9291417256406973
2.8685078989692365
2.7534343861887853
3.351911312839746
2.8975347643587215
2.437065831519022
2.7272170014624826
1.2108100261060328
2.1820058147602133
2.5249449750847117
1.3663146570363986
3.181366328891458
2.8962915290459286
2.7806390622295662
3.686234301727825
2.7295739585136225
0.0
2.4322574485535142
3.3533165021000815
2.807354922057604
1.2516291673878228
2.557727778739319
2.910440495218581
1.9015064025015063
2.424835634986198
2.424835634986198
1.6879430945989
1.822815600352516
2.005977711423774
3.401583040364926
2.5566567074628237
2.836591668108979
1.5216406363433184
2.5341591278514217
2.0264616915928486
1.9211796919474975
2.939829017466402
2.25
2.797397854036819
2.3843641434371503
2.208196592277087
2.6341969466957176
3.5613258978429565
1.781937063546704
3.615939813871565
2.3898980954642877
2.1492553971685
2.33012496531497
2.4885548621928453
2.578830073557112
2.447401504705915
2.31195846882853
2.5735572622751848
1.8980933736695382
2.279664544124978
1.8841729245379457
2.472905595320056
1.6627992560224794
2.145136370153053
2.8855130303998817
1.9329145639793979
2.0670314951575843
2.699513850319966
1.9898980954642873
1.439254017211876
1.198192411043098
1.7363918270255536
1.6266144718101818
2.386266142526533
1.578897902987479
0.0
2.065689969525019
1.9523612813926658
1.7732413990941844
2.327632809290636
2.689246428509158
2.3082708345352603
2.0461796919474975
0.0
2.0804820237218404
0.0
2.7534343861887853
2.851149423893032
3.1037016960573482
2.5580510765444573
2.60845859334435
1.9502120649147467
1.8980933736695382
2.789898095464287
1.5943029514736249
1.7832474385325099
1.9544020210686663
2.0047476376636353
1.2916919971380594
1.875
2.657742726504889
2.2567796494470396
1.4716022614097979
1.7187828921272554
2.760565608315514
1.272905595320056
1.6675897585466835
2.270942421748537
2.490468570732828
2.1981203125901447
2.0872520915136796
2.2988252450030506
2.063202513215852
1.9948414446449676
2.4410685859554375
2.4995443056081315
2.2825887305018333
2.7274972248524723
2.629249223856034
0.0
2.1464657985040723
1.965596230357602
2.217021885879718
3.0503018554349812
3.1307179879273748
2.5495234595978324
2.040223928941852
2.217021885879718
2.075074223172834
1.7095263323230747
2.8199578985571474
2.5108995654298587
1.2363864108712896
1.6798229071556268
2.146782221599798
2.2217053389068124
2.6173381247427563
2.5193428704976895
2.206238928653389
2.36906839143792
2.36906839143792
2.2062389286533897
1.899870275662713
2.437065831519022
1.856564762130954
2.217021885879718
2.123199115426226
2.4404040177209283
1.9604666414707665
2.5910055230534086
3.070847093622518
1.9669171866886992
2.2810361125534233
2.501929738959163
2.508694969562842
2.6644977792004614
3.8953007327142872
2.6644977792004614
0.0
2.4481958378118422
2.6389205950315935
1.3787834934861753
1.9852281360342514
1.6457113704075788
1.2309595631140104
2.1280852788913944
2.8336170213883864
2.155968102145908
2.465069461815837
2.513645929358371
2.185542933847563
2.0922718656836103
1.809200032697812
1.3787834934861753
2.2584598927441624
2.521640636343318
2.5363071113204456
2.5249449750847117
2.217021885879718
2.642643480890055
1.2916919971380596
1.6253785496437987
2.4677201004744993
2.704827586226288
2.263809173883546
2.8638263900908156
2.217021885879718
3.329335685596296
2.9746939516467017
3.0565647621309537
2.5819370635467043
2.218437210664321
0.0
2.5495234595978324
0.0
2.552841670172532
2.8522170014624826
2.0524212838293647
2.2747617297989158
2.827819531114783
1.8256051990169437
2.165131711675571
2.666213895908259
2.9852281360342516
2.116299605701696
2.08746284125034
2.1556390622295662
2.5027361715940035
2.0202442071537563
2.753918758180346
2.260820318171659
2.498929563690935
2.5566567074628237
2.462349565017769
1.4913146570363986
2.365596230357602
2.3951026026932274
1.8419171866886992
2.1280852788913944
1.741233626419888
1.2958363892911637
1.871602261409798
1.647088608423045
1.9237949406953985
2.8423709931771093
1.7804463148460088
2.5492553971685
2.1682958340544896
2.5219280948873624
1.9197367178034825
1.8210319581338212
1.9301559669598642
2.551038345827291
2.6062389286533896
2.8073549220576046
2.0
1.9197367178034825
1.8210319581338212
1.9301559669598642
2.551038345827291
2.263809173883546
0.0
1.9764892117991657
1.7273966735744792
2.5304930567574826
2.3071885761626687
2.5550365325772657
1.2309595631140104
2.411177004200605
2.424835634986198
2.377443751081734
2.288019280279689
1.9628066316931743
1.2494602799216175
2.3995372250875984
1.272905595320056
2.822579761842491
2.3522170014624826
1.626688849701832
1.158938532350277
1.794864697071687
2.5900820842830914
2.6022170014624826
2.377443751081734
0.0
1.9075169719509488
1.2309595631140104
2.1266144718101816
2.129390686118258
2.065765216362195
2.653107168362811
2.206238928653389
2.3071885761626687
1.7720744553985661
2.439005517604766
0.0
0.0
0.0
0.0
0.0
0.0
2.060262039120377
1.5197284615795614
1.5197284615795614
1.5916727785823275
2.115149605192644
2.205822050877804
2.0990260347934306
2.4662478973127313
2.472905595320056
2.610577243331642
2.243195776230405
1.9197367178034825
2.460433978314752
2.243195776230405
1.9197367178034825
2.460433978314752
2.011920928594794
2.1089198084761405
1.5487290032420458
1.8349625007211563
2.212503842372268
2.3050365325772657
2.699513850319966
0.0
1.2916919971380596
2.6420846845805
1.6503452842745279
3.1158340921632193
2.471707048028354
1.2916919971380596
2.1280852788913944
1.541982284286398
2.0225797618424917
1.6893917467430877
2.8073549220576046
2.845100065928496
2.356671185891103
1.8322628970242685
2.5
1.9786082145430415
2.35274578087187
2.019973094021975
2.146465798504072
1.5589385323502771
2.48345859334435
2.5495234595978324
2.4300365325772657
2.6644977792004614
2.699513850319966
2.155968102145908
2.4240819324382246
2.3619016994287536
3.0463811129458835
3.0053148568942785
2.610577243331642
0.0
3.006238928653389
2.9151959937952423
2.4137995646056796
2.6061376606679536
2.125
2.5495234595978324
2.8855130303998817
2.6455933144511468
1.9898980954642875
2.1690354219421173
2.8423709931771093
2.495602923729013
2.361800487888431
1.90486324545201
1.846093587042454
2.279799131837405
2.260820318171659
1.8997218324096137
3.180963873095776
2.9573927122041574
2.467720100474499
2.577819531114783
2.5294881142662007
1.2958363892911637
2.5550365325772657
1.6282202760321463
2.41896119556797
2.4729055953200563
1.4609640474436811
1.8219280948873622
1.807354922057604
3.039148671903071
0.0
2.224169256934338
2.699513850319966
2.610577243331642
2.472905595320056
2.217021885879718
2.2324535637992393
2.071695404408628
2.684183719779189
3.1362434129830605
2.9948195824528825
2.2109736165067546
0.0
2.091917186688699
3.509175181867656
2.1775669703777414
2.480482023721841
2.556656707462823
0.0
1.7634893002931975
0.0
1.634431504340598
1.5216406363433184
1.3663146570363986
1.5546097612655665
2.7052290027422967
2.7516103255281665
1.8468870513032214
1.6748900932638613
2.1304101590858298
2.422579761842491
2.6061589257260978
2.605388542207534
1.6893917467430877
2.689246428509158
0.0
2.7272170014624826
2.0922718656836103
1.899022751175655
2.557727778739319
2.5089470738098116
1.8210319581338212
1.8024212838293647
2.6171895725927152
0.0
2.8073549220576046
2.339572261986723
2.862961352340425
2.339572261986723
2.0202442071537563
1.53012496531497
2.121276357834812
1.8338496710294616
1.6158045319402516
2.339572261986723
3.0105709342684834
2.2492870686521593
2.330271284264167
2.1684656711105887
2.396310424640968
2.1173503715768223
2.5227799275521834
2.396310424640968
2.17403586834798
2.5227799275521834
1.4627552262645034
1.0
2.005977711423774
2.2892464285091583
2.7232196723355075
2.2161794378514457
2.952819531114783
3.4737030180500814
2.8662478973127308
2.651754427398839
2.8073549220576046
2.5844984515601634
2.6184214784692075
2.1889666101343788
2.6668193111659018
3.475502754189852
3.0608418375964437
1.2532975784630431
2.217021885879718
1.3752793655393791
2.270942421748537
2.682588730501833
3.3386764652365515
2.3709630428254074
3.117861029749889
1.807354922057604
2.822579761842491
2.0989295636909353
2.6644977792004614
3.080500530640267
1.6794663055398011
2.1632095937363847
2.1042929895909244
2.0761391558178848
1.9658396128954676
2.1464657985040723
2.9829522735315503
2.846439344671015
2.675860695763619
2.4193819456463714
2.2856005389623073
2.113283334294875
2.041814515501815
0.0
2.1054105870684143
2.028202531817002
1.6137129703673825
2.5528321616792033
2.556656707462823
2.495602923729013
2.495602923729013
1.875
2.603701696057348
2.905307776373746
3.201205059304601
2.9735572622751847
2.378783493486176
1.7427376486136672
2.688966517084613
2.396310424640968
2.5495234595978316
2.566288127572478
2.1622301466508205
2.389898095464287
1.592791574636067
1.1381936837448376
2.2856946147259993
2.7659573209491746
1.5216406363433181
1.950212064914747
1.3946169838545441
2.437728545142357
2.125
2.263809173883546
2.005977711423774
2.005977711423774
2.217021885879718
0.0
1.5216406363433184
2.4225797618424916
2.5629072918469555
2.4219291325597987
1.6627992560224794
2.217021885879718
2.827819531114783
3.006238928653389
0.0
3.8231501193850272
2.134211491893328
2.467720100474499
2.3299574748443264
2.2089873002587996
1.9942994759573032
0.7345299214394703
0.6500224216483541
1.7961796919474975
2.075074223172834
0.0
2.199079570624175
2.7272170014624826
2.4225797618424916
1.9898980954642875
1.969389419529156
2.879972241624497
2.0729055953200564
1.917274529097097
1.7534343861887849
1.8980933736695382
2.2988252450030506
2.2987949406953985
2.1343361131944514
2.5495234595978324
2.85274578087187
3.441340563438217
2.35274578087187
2.005977711423774
2.396310424640968
2.17403586834798
2.5227799275521834
2.6062389286533896
3.019250912838829
3.1613684851981065
3.0414460711655216
2.35274578087187
2.8073549220576046
1.7457685228134014
0.0
2.943762162622482
2.7296000026291853
2.4662478973127313
1.8452178053171
2.184927072396036
1.3663146570363986
1.7393538721672006
2.363865121950854
2.2098886380147267
1.8680918218329587
2.472905595320056
2.610577243331642
2.1172458603215603
1.9981611914269617
1.8073549220576042
0.0
0.74959525725948
1.9528195311147831
3.475988857141165
2.9386885704510974
2.311278124459133
1.8464868159097467
2.2256051990169436
2.0191534613250357
2.217021885879718
2.655050539417774
2.41379956460568
2.6062389286533896
2.7534343861887853
2.2256051990169436
2.279799131837405
1.383807735464083
2.1464657985040723
2.7534343861887853
3.478429085065059
1.7735572622751854
3.525716777735373
1.562688039303908
1.5546097612655667
1.0529815751302694
2.7534343861887853
2.4056390622295662
2.4225797618424916
2.686018091346887
2.406666316740689
3.401422890801963
2.349601752714581
1.7814963295286752
2.829352136869956
2.2963168308262123
2.8073549220576046
1.7273344666381947
1.54515219719895
2.074087044559035
1.7884504573082893
2.927451224964519
2.288019280279689
0.0
2.030672129520887
1.959434222335506
2.75707541331394
2.1820058147602133
1.781937063546704
1.876654497859216
2.41896119556797
2.8465410959273956
2.7534343861887853
0.0
1.9068905956085187
2.124256907946324
2.6042641315432973
0.0
1.6194705707972523
2.646240625180289
2.838338647382062
2.8142383611082504
3.0657682899193968
2.463458298648303
3.0924973352360507
1.9751060324573733
3.555318917778916
0.0
1.7471671973069338
2.332914563979398
2.1429146733542535
1.856564762130954
2.339572261986723
2.332914563979398
2.212503842372268
1.727396673574479
1.7273344666381947
2.0524212838293647
2.521640636343318
0.0
2.1266144718101816
1.9746939516467024
0.0
0.0
1.870253816431622
2.617189572592715
2.034572365811466
2.0398004360273405
2.0662478973127314
2.424835634986198
2.4729055953200563
2.3329145639793976
3.7694017496339143
2.7898980954642876
2.5025980682472606
3.2071931806503797
1.5216406363433184
2.591793226077496
1.7832474385325099
1.2870540281187268
2.2062389286533897
3.0900327766014795
2.638920595031593
2.440223928941852
2.217021885879718
1.9852281360342514
0.9402859586706311
2.5008496069994472
1.5683182557028437
1.7399546474223633
2.7272170014624826
1.8565647621309542
1.9669171866886992
2.610577243331642
1.9386790169573502
0.0
2.067031495157584
1.9015064025015063
2.6318326080427985
2.254514899465375
2.040223928941852
3.106890595608518
2.4729055953200563
2.8016094970590273
2.848603730213371
2.422579761842491
1.9784845935086515
1.5805576533947314
2.3991303913908
2.5495234595978324
2.2062389286533897
2.135053392163643
0.0
1.9056390622295665
1.1488348542809166
2.331802673624286
1.8776205033895346
1.5053128791540096
2.2256051990169436
2.2464393446710154
1.9885425423195593
2.2892464285091583
2.6186330465167367
2.60845859334435
1.620014469607868
2.5106052193123416
2.827819531114783
2.774243302917269
