Shannon_Entropy
4.083614958399979
3.8136203506427733
4.087899832426596
3.8720494884569496
4.130228854493458
3.4810715907266814
3.146286370662105
3.8695103575695793
2.895423870280316
3.2359263506290334
3.0849625007211556
3.175123135113461
3.8868421881310122
2.5232314287976205
4.12021667298172
4.135854117494122
1.584962500721156
1.6960884128159108
3.0220552088742
0.8904916402194913
4.063638293459658
3.647160074632761
3.6300623580780274
3.9164421050399065
2.751629167387823
2.9638096525384383
2.4591479170272446
3.652130557318382
3.606936732175322
4.019159088247439
3.317405811425517
3.039148671903071
3.7181390622295662
2.321928094887362
3.0130709291038453
3.446439344671015
3.5814447879326115
3.4992275471326932
4.01444466560254
3.503100295674378
3.327819531114783
3.6292196865240958
2.952819531114783
3.957939355321115
3.932870520205327
3.8438084869261893
3.73345859334435
1.584962500721156
3.3990795706241745
3.9605793042961044
3.0849625007211556
3.0849625007211556
3.951084459440128
3.6496734471867405
3.795415330458949
3.084962500721156
3.238901256602631
3.584183719779189
3.9683403313485464
2.8553885422075336
3.238901256602631
4.119527162487622
3.4030741894285694
3.084962500721156
3.180832987205441
3.2359263506290334
3.392747410448785
2.9735572622751847
3.6321921215711934
3.238901256602631
3.0220552088742
3.7722069188795837
3.039148671903071
3.82217692055707
3.7387521155967725
3.155221528859512
3.8470851333950873
3.497381489137515
3.683175090766347
3.3927474104487847
3.180832987205441
3.006238928653389
3.3660913291191923
3.238901256602631
3.373557262275185
2.827819531114783
3.9111418037386727
2.0
2.9182958340544896
3.0220552088742
2.8553885422075336
3.3927474104487847
3.2516291673878226
3.895150920140013
3.084962500721156
3.41041725276052
3.2359263506290326
3.577819531114783
3.584183719779189
4.06692878554455
3.919450391950642
3.938287503150294
4.0437071186508255
3.0220552088742005
1.9481253484909897
2.120952031026403
3.521640636343319
3.5068905956085183
3.572431251322119
3.375
3.4970558484728045
3.077819531114783
2.9312089489103235
3.0269868333592873
3.039148671903071
3.2639334294856344
3.454822399946607
3.577819531114783
2.950212064914747
3.43162356584743
2.7192945256669794
2.688721875540867
3.2359263506290334
3.182005814760214
3.6243797016511126
3.085055102756477
3.8302788341828826
3.3927474104487847
2.8553885422075336
2.396240625180289
3.0220552088742
3.1279868068776753
2.774397470347699
3.655045546825803
3.0849625007211556
3.7113148583552356
3.0220552088742005
3.546439344671015
3.039148671903071
3.538310595615005
2.8423709931771093
2.584962500721156
1.584962500721156
2.121928094887362
1.584962500721156
2.747167197306934
1.584962500721156
3.132042566235479
3.6820058147602137
3.0220552088742005
2.7773627950641693
3.189898095464287
3.5724312513221195
3.4397106501513606
3.4613201402110083
2.952819531114783
3.745406425938248
3.624518654958899
2.8553885422075336
3.106890595608519
3.0850551027564768
3.664976724291508
3.1068905956085184
3.718360223780663
2.251629167387823
3.3962915290459277
3.3678597038068525
3.9225895736416696
3.1942374312668544
3.5275182662886326
3.884999455054072
3.842882484187673
3.9681390622295662
3.7674678729129445
3.3232314287976203
0.6998428398862386
3.8018268464718687
3.830182698156026
2.7898980954642876
3.1820058147602133
3.0286393118385755
2.751629167387823
3.0220552088742005
3.8561983328100946
3.4613201402110083
3.6143694458867563
3.9098103149184347
3.594465636961452
3.3535339485774815
2.8553885422075336
3.6818808028034016
3.1556390622295662
4.012444192145429
3.4677201004745006
2.8553885422075336
3.6820058147602133
2.8553885422075336
3.642371448743902
3.219528282299548
3.660661363131719
3.4613201402110083
3.4992275471326932
3.5
0.9055872616982603
3.180832987205441
0.5916727785823275
3.4677201004745006
3.418295834054489
3.4512272457470834
2.8150724101159437
3.039148671903071
0.951994081908783
3.3086949695628416
2.8199578985571474
3.238901256602631
3.7232314287976207
3.625
3.32323142879762
3.2810361125534233
4.022147877445396
1.584962500721156
2.950212064914747
3.5724694587701356
3.350209029099897
0.9055872616982603
3.337175341123077
1.3466027520360606
2.2455025755308156
2.308845899968924
2.0634582986483037
2.9701755214643453
2.7967934947545605
2.82939749777204
3.351227480952956
2.950212064914747
2.9232314287976204
3.381580488309164
3.202819531114783
2.5341468438052397
3.084962500721156
3.6841837197791882
2.8150724101159437
3.334679141051595
1.0
1.186278124459133
0.8683927290103626
3.501397825434103
3.8100810205217313
3.182005814760214
3.0269868333592873
3.4332696895151074
3.546593564294939
3.640223928941851
2.889549430862088
3.399079570624174
3.636842188131012
3.7628183952216414
3.2359263506290334
2.5825518169307426
3.5121884039686617
3.708048150071232
3.7216117239699003
3.0104340890333376
3.4935410903536552
0.0
3.501397825434103
2.855388542207534
3.368522527728206
3.8248629576173565
3.238901256602631
3.350209029099897
3.182005814760214
3.327819531114783
3.4864405016961446
3.628355768472786
3.180832987205441
4.1320372803472
4.136015600568611
4.131324401317667
4.1325334747147
4.133819695818257
4.132576245889583
4.132714165083605
4.136598040280827
4.075687819955466
4.070843753160557
2.584962500721156
3.620936064750772
3.0220552088742
3.182005814760214
3.7034651896016464
3.4445488277869583
3.240223928941852
3.842130267302521
3.3927474104487847
3.3248629576173574
2.8553885422075336
3.2516291673878226
3.775070520364181
3.180832987205441
3.084962500721156
3.936891797757288
3.625814583693912
3.350209029099897
2.8553885422075336
0.8166890883150209
3.886913787195982
1.584962500721156
3.822164178153404
3.602460515556214
3.9606950331015263
1.584962500721156
3.378783493486176
3.327819531114783
3.4316235658474303
2.792481250360578
2.6612262562697895
3.056564762130954
3.75
3.2234651896016464
3.1473037373883717
3.5519705475093923
3.349692968957871
3.641375922000868
3.456974426745135
3.375
3.238901256602631
3.0775726382817687
3.8884060787399592
3.085055102756477
3.327819531114783
2.5220552088742005
3.373557262275185
3.805870411984505
2.321928094887362
3.189898095464287
3.546439344671015
3.25
3.6464393446710153
3.5434651896016467
3.6503751232540194
3.4992275471326932
4.028380805474239
3.3927474104487847
3.4000104070405626
2.8553885422075336
3.346439344671015
3.6446835584718125
3.920958148746056
3.3248629576173574
3.5654483718208247
3.97930936515002
3.9439905678085037
3.180832987205441
3.7183093602234187
2.789898095464287
4.010073688756236
3.128085278891395
3.084962500721156
3.7308075910906924
3.5225715891363594
3.763358429231108
3.64696666827365
2.8553885422075336
2.481714572986073
3.954096778287349
3.7950885863977324
3.392147223664534
3.6168746059562227
3.811037868342279
4.007382147650582
3.555533151426996
3.3921472236645345
3.25
3.207707064470474
3.3603059777020805
3.892889938099684
2.9219280948873623
3.6143694458867563
3.2406015629507228
3.238901256602631
3.146439344671016
3.3401998765158556
3.880179922675737
3.9484526455578015
3.0269868333592873
3.0269868333592873
3.606015279620733
3.816402716644387
3.3116357394949603
4.041928268658973
4.1341214678918545
4.1341214678918545
2.584962500721156
3.459431618637297
2.974937501201927
4.070269998963018
2.321928094887362
4.050315473130394
4.052259411926019
3.528645325632872
3.178296634664731
2.94770277922009
2.8962915290459277
3.5853690454911327
3.620827446593308
2.7011207838442464
3.7911574618853217
2.75
3.039148671903071
2.8553885422075336
2.625814583693911
3.6560976520711486
3.232101804845413
3.546593564294939
3.1555650133297184
3.039148671903071
3.9741472614967726
2.321928094887362
4.026139020514504
4.0521423368507845
2.0
1.495538029919111
3.572431251322119
3.4613201402110083
3.2359263506290334
3.2359263506290334
3.0850551027564768
3.3371753411230776
3.7577441558588576
3.2135132560090716
3.709189176322817
3.0261298155959175
3.4477426785812737
3.039148671903071
3.337175341123077
3.7806390622295662
3.6275420171275776
3.8808295910061905
2.584023687015089
3.6168746059562227
3.238901256602631
3.7308075910906924
3.995214627784297
2.573557262275185
2.321928094887362
2.9000516989995426
2.0
3.5585186130489057
3.2359263506290334
3.4613201402110083
3.7744019192887706
3.5434651896016462
3.1258145836939115
3.9134007456613777
3.30827083453526
3.8108737457484416
3.631401845392172
3.0220552088742
3.3921472236645345
3.2516291673878226
3.3082708345352603
2.6887218755408666
2.0504597240651767
2.05522869658768
3.6163485660751635
1.5916727785823275
1.0389205950315936
3.189898095464287
3.849504479604921
3.375
3.80827083453526
3.084962500721156
2.927694271103767
3.9427494050757796
3.7417292966721747
2.6535442970305683
3.3248629576173574
3.4996981431844136
3.8818326655220816
3.4193819456463714
3.530493056757482
2.858278308418045
3.7256507561120933
3.471354487013929
3.3685477764837577
3.3263604079526936
4.099874739988984
3.363713275750189
3.3464393446710154
3.180832987205441
3.5555331514269954
3.4992275471326932
3.9544291782964516
3.2516291673878226
3.642371448743902
3.423533209849189
3.636006945330954
3.337175341123077
2.869737972729375
3.447401504705915
3.3273399000835084
2.7773627950641697
2.6612262562697895
3.4316235658474303
3.2516291673878226
3.651321343363134
2.873140679513133
3.09306920777189
0.7228578977329688
3.0269868333592873
0.7732283485249176
3.2516291673878226
3.4182958340544896
2.933954578048174
2.9182958340544896
3.5697023169782844
3.25
3.7216117239699007
3.8185886460613307
3.238901256602631
3.675386321518906
4.14745687250706
3.0168756957665637
3.855585038447958
2.8553885422075336
3.189898095464287
3.6074753914554893
3.182005814760214
3.084962500721156
3.2516291673878226
3.0269868333592873
3.5068905956085183
3.3263604079526936
3.0220552088742005
3.128085278891395
3.292770193936991
3.0849625007211556
3.077819531114783
3.084962500721156
2.9182958340544896
3.708132064658602
3.6192260527980307
3.8895942101904994
4.163851554754712
3.3967586219749273
4.177916318148875
1.0892300788425848
3.238901256602631
3.503258334775645
3.180832987205441
3.202819531114783
3.75
3.9048632454520096
3.378783493486176
2.751629167387823
3.3263604079526936
2.688721875540867
2.8655768552072485
3.0850551027564768
3.211595035314427
2.8553885422075336
0.8030717273241024
1.190219472434763
3.726198100024615
2.984234164652489
3.819442941699119
3.3908054820769817
3.4547012441673464
2.310629508132739
3.989558649623941
3.8222242304146508
3.970238672216542
3.0130709291038453
2.1556390622295662
1.5
1.714829795691937
3.3927474104487847
3.0220552088742005
3.0849625007211556
3.0062389286533895
3.456564762130954
3.2414460711655213
3.5475257804265703
3.188721875540867
2.7516291673878226
3.8101103468040134
3.7289721408610004
2.9339545780481746
3.202819531114783
3.426616045880948
3.1808329872054406
3.780394654123194
3.3927474104487847
3.7507603251519113
3.1068905956085184
3.3735572622751855
2.495602923729013
3.3446983751597124
3.471354487013928
3.6143694458867563
3.180832987205441
4.123280888570574
3.240223928941852
3.4548223999466066
3.180832987205441
1.1451104143815827
3.2359263506290334
3.327819531114783
3.238901256602631
2.6258145836939115
3.3502090290998967
3.2516291673878226
3.5342190211803413
3.9346609061575015
3.4992275471326932
3.6069367321753205
3.202819531114783
3.5220552088742005
3.5368867237421666
0.8180959929710641
3.3927474104487847
3.7541634277688813
3.6691190288962066
3.238901256602631
3.5883543471732335
3.2023191426459237
3.6919944077496454
3.03914867190307
1.584962500721156
0.5369622967963086
2.3927107555998033
2.489078069213552
3.403074189428569
3.6820058147602137
3.5790611335129814
3.25
3.9651456763707906
3.1841837197791887
3.9292144551992183
2.5849625007211565
3.7004397181410926
3.202819531114783
3.378783493486176
3.567040216926579
3.2195282822995477
3.9292292966721747
3.7216204045696
3.819947475865823
4.004364184708142
3.238901256602631
3.378783493486176
3.3660913291191914
3.070847093622518
3.202819531114783
3.0269868333592873
3.161570835176289
3.8253857952638413
4.041804558065932
4.01945173335279
3.3496929689578705
3.6921534218971708
2.8423709931771093
3.4613201402110083
0.6193821946787638
0.9988455359952018
1.248763681109561
0.7416847557897408
2.873140679513133
3.2516291673878226
2.792481250360578
0.6402064333604701
3.169925001442312
3.796217602590055
2.952819531114783
3.7849418274376423
3.188721875540867
3.6339740759971577
3.8513099897106637
3.7507208558230305
3.5724312513221195
3.971335814328881
3.2195282822995477
3.128085278891395
3.736006946447657
3.189898095464287
3.418295834054489
3.9681390622295662
3.180832987205441
3.4565647621309536
3.3248629576173574
3.337175341123077
3.2841837197791888
3.2359263506290334
0.7424875695421236
1.4627552262645034
3.32323142879762
3.03856233607563
2.8423709931771093
3.780394654123194
1.595461844238322
3.3735572622751855
0.6685644431995964
3.323231428797621
3.521640636343319
3.0849625007211556
3.6163485660751635
3.09306920777189
3.085055102756477
3.8042292966721747
1.6143308351592656
3.2866294867861945
3.3921472236645345
3.2359263506290326
3.43162356584743
3.2516291673878226
3.1068905956085184
2.8962915290459286
3.8725738836114343
3.6841837197791887
3.630412660873998
3.146286370662105
3.180832987205441
1.207518749639422
1.4657904693384451
3.529696439528413
3.4642346527265664
3.884829508503261
3.963434842048526
3.4435137534498526
3.456564762130953
2.8553885422075336
1.428794734004785
3.238901256602631
2.939829017466402
3.031116172456019
2.6235166412180155
3.0850551027564768
3.7709103354256372
3.2848894517332403
3.1916116417513782
3.4273334938982645
3.2290211947171286
3.0220552088742005
2.8553885422075336
2.789898095464287
3.0130709291038453
3.8248629576173574
3.421928094887362
3.9608785854500956
4.134468568039293
3.572469458770136
3.7678120325334445
3.334679141051595
3.9947641270344936
4.199492904520331
3.681880802803402
3.6646794475495357
3.68354236243323
4.065117661376963
2.9735572622751847
0.35335933502142136
3.4613201402110083
2.459147917027245
2.6235166412180155
3.0269868333592873
3.5219280948873624
3.405822250285691
3.2841837197791888
2.5654483718208256
1.4345491399952024
2.9312089489103235
3.189898095464287
3.4138338639736006
3.4474015047059146
3.6430741894285688
3.378783493486176
3.6542637259970228
3.272905595320056
3.8238816375185887
3.4273334938982645
3.125
3.188721875540867
3.7532696895151076
2.8423709931771084
3.584962500721156
3.625
3.3239348962840563
2.751629167387823
4.134456475966043
2.0
3.426367488473226
3.452819531114783
2.6644977792004614
2.918295834054489
3.308694969562842
3.5676616824522136
1.2366407419411674
2.5654483718208256
3.8443845322359156
3.378783493486176
3.0220552088742
3.1916116417513782
3.8557011203015064
3.32323142879762
3.319079570624175
3.3444569352411984
4.05617463006964
3.452819531114783
3.8437959328456848
3.5
3.2806390622295662
3.912140008090298
3.155221528859512
3.2726648416435347
3.6165330442444006
2.688721875540867
3.5213856638172945
2.688721875540867
3.175123135113461
3.9134007456613777
3.039148671903071
2.950212064914747
3.006238928653389
3.3927474104487847
2.8150724101159437
4.039369909818469
3.553090083530327
0.8314743880097293
1.4885252948977485
1.6087001655198914
0.9444885341662053
3.238901256602631
3.521640636343319
1.7295739585136223
1.7295739585136223
1.6258145836939115
0.0
3.979097891134804
3.375
3.188721875540867
3.3841837197791884
3.819773835029478
3.7254805569978675
3.1307179879273748
3.6504103051739905
2.6258145836939115
2.792481250360578
3.715932185515029
2.7534343861887853
3.770942421748537
3.5710574872291345
3.3660913291191923
3.5113235377029857
3.0062389286533895
3.7443273851000134
3.0269868333592873
2.9182958340544896
3.085055102756477
3.378783493486176
3.0269868333592873
3.180832987205441
3.0062389286533895
3.506890595608519
3.663870978469273
3.2516291673878226
2.7773627950641693
3.182005814760214
3.327819531114783
3.286629486786195
3.816428031846024
3.189898095464287
3.378783493486176
3.572469458770136
3.7853679088960774
0.9780155566622414
1.188721875540867
3.973660689688185
3.3927474104487847
3.1018812234760182
3.461320140211008
3.2464393446710154
3.671405583442497
3.0269868333592873
1.1911535278793055
1.3731999597495852
3.2729055953200556
3.7820896423727435
3.962309634682234
3.7340910019875206
2.923231428797621
4.10307251929835
3.7705788212103113
3.4026862710360795
3.9865807799240405
3.3825680832760763
4.082789951392899
3.493660689688185
3.4711586184179364
3.521640636343319
3.039148671903071
2.751629167387823
3.2402239289418526
3.506890595608519
3.773628223532257
3.039148671903071
2.498929563690935
2.3535049840921154
1.0975378398419535
3.056564762130954
3.5068905956085183
3.188721875540867
3.572431251322119
3.0849625007211556
2.7395722619867224
3.2359263506290334
1.0892300788425848
0.9709505944546686
3.375
3.292770193936991
3.581444787932611
3.7216117239699003
3.733368244170433
3.321928094887362
3.2137897068139574
3.880186238416292
3.346439344671015
3.356492413796824
3.9537863204943653
3.5633463461472124
3.6168746059562227
3.5996659733039555
3.677270494062011
4.0231806282030345
3.200910279509528
3.539545474100614
3.375
3.947980273407447
3.3887342131939455
3.7271329722041235
3.392724905113432
3.8250705203641813
3.556656707462823
3.308694969562842
3.0220552088742005
3.238901256602631
3.238901256602631
3.546593564294939
2.8553885422075336
3.3996958416840406
2.7773627950641693
1.584962500721156
3.052297799341347
2.9334349665198833
3.6751047187865997
3.4464393446710155
1.6258145836939115
3.1556390622295662
3.6258145836939115
3.085055102756477
3.039148671903071
3.521640636343319
3.085055102756477
3.521640636343319
3.584183719779189
3.606936732175321
3.4975050583137866
2.952819531114783
3.7201755214643453
1.1451104143815827
0.9826817324242788
2.7026831892554917
2.1874633198072964
2.7534343861887853
3.756198332810095
3.378783493486176
3.238901256602631
2.955913095175825
3.0850551027564768
2.751629167387823
0.0
2.321928094887362
3.4992275471326932
3.378783493486176
3.3532696895151077
3.709255175483075
3.68354236243323
3.238901256602631
3.522055208874201
2.8553885422075336
3.521640636343319
3.6669917200103637
3.238901256602631
3.703465189601647
3.3841837197791884
2.6235166412180155
0.7345299214394703
0.7653636126766978
3.5
3.1820058147602133
3.378783493486176
3.25
3.0269868333592873
3.5
3.91555328506335
3.366091329119192
3.30827083453526
3.506890595608518
4.000524929757096
3.323231428797621
3.1887218755408675
3.0221488141852504
2.873086194490367
3.228154237658805
3.26850457210552
2.9210296217376146
2.826879484051223
3.2349219276999657
3.397975540030535
3.240415529881632
2.8638263900908156
3.0505907454596355
0.6143694458867568
2.6612262562697895
2.692380602454975
3.2389211020256887
2.792481250360578
3.085055102756477
2.9852281360342525
3.521640636343319
3.3841837197791884
4.179824811575558
3.434462152000387
3.7858940747628234
2.873140679513133
3.127986806877675
3.039148671903071
3.238901256602631
0.8180959929710641
3.8682403204822884
2.355388542207534
3.669119028896207
3.3232314287976203
3.9387218755408675
3.6069367321753205
2.931208948910323
2.8962915290459286
3.221097250057956
2.8553885422075336
2.6887218755408666
3.0849625007211556
2.9749375012019272
3.4965849669398734
3.8418930800209594
3.4613201402110083
3.077819531114783
2.4996981431844145
3.597162883096202
3.7979026896829473
3.3371753411230776
3.2639334294856344
3.0220552088742
2.8731406795131336
3.4992275471326932
3.587858798299509
1.2803204932011591
3.4493118330264454
3.452819531114783
3.2810361125534233
3.7775511192086575
3.373557262275185
3.180832987205441
0.951994081908783
1.207518749639422
1.1241854163060885
3.6635327548042538
3.446439344671015
3.503258334775645
3.572431251322119
3.6425839480333533
3.625
3.511085408180427
2.7192945256669794
3.085055102756477
3.5464393446710147
2.8423709931771093
3.3380342664707148
3.2966454076367406
3.188721875540867
3.1898980954642866
3.007196489685618
3.503939055771173
2.8423709931771093
3.852727783453858
3.9711508001307507
0.7742433029172697
0.8343470230852538
3.2359263506290334
3.1395722619867223
3.2516291673878226
3.71937582241537
3.8975870361235367
3.418295834054489
4.01247804689605
3.672553582385557
1.041105052766031
1.4966407621868583
1.7004397181410922
2.931208948910323
3.3735572622751855
3.327819531114783
3.9788640881880966
3.7254805569978675
3.3082708345352603
3.188721875540867
3.188721875540867
3.4983471493992453
2.4996981431844145
3.3248629576173574
2.4137995646056805
3.0565647621309533
3.6887218755408675
3.418295834054489
3.238901256602631
3.308751351247166
0.7703437707962479
3.41041725276052
2.6235166412180155
1.1151210714918451
1.6258145836939115
1.207518749639422
1.4299111709758698
0.747584679824574
3.4642346527265664
3.3464393446710154
2.7898980954642867
3.155221528859512
0.6402064333604701
3.5883543471732335
3.1898980954642875
3.572469458770136
2.8962915290459286
3.399079570624174
2.8962915290459277
2.8150724101159437
3.180832987205441
2.6083919253499057
2.8929834801672034
2.7942227112038904
2.9182958340544896
3.1919643593194333
3.2516291673878226
3.182005814760214
2.8729055953200557
3.0849625007211556
3.0269868333592873
2.7806390622295662
3.3927474104487847
3.197159723424149
2.9735572622751847
2.6384600665861564
3.0849625007211556
0.39124356362925566
3.039148671903071
3.783465189601646
3.0850551027564768
3.039148671903071
3.238901256602631
3.3816201079487347
3.084962500721156
2.4996981431844145
3.563074189428569
3.3248629576173574
3.773557262275185
3.3787834934861767
3.3232314287976203
2.625814583693911
3.588354347173234
3.584962500721156
2.872905595320056
1.207518749639422
1.1451104143815827
2.8709505944546687
3.0849625007211556
3.084962500721156
3.6143694458867563
2.8553885422075336
1.1160762796829875
2.8225797618424915
3.4776015519734123
3.1709505944546685
2.974937501201927
3.844320529942617
3.456564762130954
3.538310595615006
3.6069367321753214
3.3532696895151073
2.918295834054489
2.625814583693911
2.8731406795131336
3.64696666827365
3.202819531114783
3.653756708287001
2.918295834054489
3.41041725276052
3.772338850938101
4.049767474338983
2.9708400131019848
3.3816201079487347
3.8221819586428727
3.8349625007211565
3.6794549685937423
3.9384825055920913
3.085055102756477
3.197159723424149
3.9704224107816257
3.8142317281637372
3.4594705707972517
3.2841837197791888
3.1760285953823324
3.182005814760214
3.446439344671015
3.5860486123130375
3.085055102756477
3.085055102756477
3.447401504705915
3.4713544870139286
3.1158340921632197
3.397581911182352
3.716040565780951
3.8932637286724265
3.438721875540867
3.2961483747476232
3.9689792071523238
3.6360709934194593
3.9232517969803373
3.0306390622295662
3.084962500721156
2.7329145639793975
4.072684549944828
3.6887218755408675
3.2516291673878226
3.6168746059562227
3.5724312513221195
3.9219703743389056
3.084962500721156
1.584962500721156
2.355388542207534
3.7256507561120933
2.751629167387823
3.4086949695628412
3.454822399946607
3.1751231351134614
3.2402239289418517
3.4086949695628417
1.0408520829727552
0.9444885341662053
3.722790761021072
3.526395750480918
3.4634651896016466
3.772055208874201
2.827819531114783
3.6049224895866128
3.249460279921617
3.567040216926579
3.2516291673878226
3.084962500721156
3.3248629576173574
3.299896391167891
3.0306390622295662
0.8841837197791889
0.9366673818775626
2.918295834054489
0.8475846798245739
3.2639334294856344
1.5058762556041068
3.481714572986072
3.039148671903071
3.96778060163995
3.763558599134237
3.6271039587926266
3.4056390622295662
2.413890986728065
3.2143177031393204
2.830133179446838
0.7732283485249176
3.1754639305054813
2.4591479170272446
3.4990680221095167
2.7136874387933565
3.311080496244278
3.371103461931086
1.0
3.754441845713344
1.014097655573916
1.0529407605626346
3.6402239289418516
3.2516291673878226
3.334679141051595
1.3252317300909384
0.9141828384352135
3.5
3.239097917988786
3.1916116417513782
4.060197508598379
3.0306390622295662
3.9105623864413666
4.054219183008165
4.117709930943841
1.207518749639422
0.8683927290103626
0.5689955935892812
3.182005814760214
1.2532975784630431
2.872905595320056
3.0220552088742005
3.8636302187740035
1.0
1.4534909080039502
3.456564762130954
2.931208948910323
3.0220552088742
3.865957320949174
3.0269868333592873
4.169359068698037
3.246439344671015
2.7516291673878226
3.0104340890333376
3.0269868333592873
3.2466342381206563
3.0381596816459524
3.6644977792004623
3.085055102756477
3.392747410448785
3.0849625007211556
3.077819531114783
3.748328660365574
0.9463729359854419
1.4966407621868583
3.7821222241453056
2.2998963911678914
3.6150610122030695
3.9484193824030274
3.581076011914607
2.8962915290459277
3.2866294867861954
3.6119498434695583
3.6421498816369033
2.9708400131019848
3.2516291673878226
4.063981655715167
3.7800198599996824
3.5643915655606135
3.7667174995733625
3.7396683159536606
2.4137995646056805
3.84888827703544
3.634740046803089
2.625814583693911
3.6412840118467344
1.584962500721156
2.9532696895151083
3.6090904145888567
2.9274512249645186
3.7554316410537276
3.634386869809011
3.704329468199281
1.0
3.0901998765158556
2.8553885422075336
3.3219280948873617
1.6143308351592656
0.5916727785823275
2.9689185639620974
3.7985115082031475
3.889932873857903
4.030851828270856
3.538310595615005
3.446439344671015
3.4992275471326932
3.832810736843128
3.9175412837329593
3.2608281712244547
4.11305481352223
3.792837797403416
3.97066473575206
3.25
3.862488875942381
4.153271779718963
3.927159792755702
3.2841837197791888
3.710670030324221
4.116919862139362
3.057476076289932
3.1279868068776753
2.625814583693911
2.973557262275185
0.8274087988556427
0.7732283485249176
1.8419289172795863
3.0503018554349812
3.039148671903071
3.3927474104487847
3.493660689688185
2.6455933144511468
2.855904922469693
3.452819531114783
0.747584679824574
3.5883543471732335
3.378783493486176
3.0220552088742
3.8601659415469958
3.7570488277869583
3.887375642834243
3.800971949029632
2.9852281360342525
1.7884504573082893
3.8208888513501886
3.085055102756477
4.073609974250559
4.154511331948222
4.1295722454424615
3.0739348962840563
1.0
1.501952761720621
3.7395722619867224
3.418295834054489
3.25
3.5766176449086653
2.8150724101159437
3.2927701939369904
3.7286435422804938
3.9508969912810716
3.5883543471732335
4.063407583992634
3.686641344913578
3.084962500721156
3.86904571174324
3.6919944077496454
3.9947641270344936
3.795650141809969
3.3505857628711126
3.4947396630551757
3.039148671903071
3.276108478543875
3.1841837197791887
3.427333493898264
3.7125863930545133
3.202819531114783
3.182005814760214
3.435755433941628
2.5032583347756456
1.584962500721156
3.806238928653389
3.8511438772205504
3.121928094887362
3.695501148817395
3.182005814760214
3.1018812234760182
3.1132696895151084
3.6424896731661263
1.1451104143815827
0.6998428398862386
3.0220552088742005
2.270942421748537
2.537539090118748
3.4817145729860726
0.8166890883150209
3.3927474104487847
2.6612262562697895
3.3918926446809317
3.1037016960573482
3.0849625007211556
3.0269868333592873
3.3660913291191923
3.4357554339416274
3.434560814286289
2.2841591278514217
4.161863341057423
0.8683927290103626
1.3244602933016414
0.6685644431995964
3.084962500721156
3.1068905956085184
3.128085278891395
2.751629167387823
2.610577243331642
3.236006945330954
2.76902557364365
3.0565647621309546
3.521640636343319
2.7773627950641693
3.0220552088742005
1.3727069617019703
3.09306920777189
3.327819531114783
3.932329829245844
3.760313697312511
4.029428901457842
3.8552884365335984
3.9206247843822943
2.8402239289418523
3.627763553007399
4.0663290735578785
4.086458616650928
3.7968354098084025
3.708132064658602
4.017042207424641
3.680488064034733
3.2037016960573483
3.575888514681297
3.856198332810094
3.2639334294856344
3.8070473239982823
3.800239682364746
3.180832987205441
4.055402857813584
4.100693395294032
3.5197022953243806
3.9871872734651177
4.074481848061723
3.6312929881819005
1.0
4.133226976660735
4.135265365896549
2.0
3.4316235658474303
3.621928094887362
3.0850551027564768
3.43162356584743
3.0269868333592873
3.2776134368191165
3.759079570624174
3.503258334775645
2.8553885422075336
3.3260265301011662
3.7645777940078142
3.182005814760214
0.8166890883150209
3.4841837197791885
3.8573068568981284
2.682588730501833
3.6012274809529563
3.5101762259314633
3.2924812503605785
2.625814583693911
3.9228727941410786
3.5839506212867005
3.6974593735560695
3.9671568492528575
3.2927701939369904
3.039148671903072
3.2516291673878226
3.4251185503571393
3.226730915057127
3.7639657428240816
3.73185783960038
3.8562699871596107
3.5724312513221195
3.878297570278019
3.703465189601647
2.7192945256669794
3.039148671903071
4.0301876989901
3.6711499390701863
3.807976707200401
3.039148671903071
3.908441711798928
3.990168259545127
3.5726236638951634
1.9182958340544893
3.5632474239751413
3.5944825065194195
3.180832987205441
3.467063313903256
3.6292196865240958
2.8962915290459277
4.131291507228376
4.10085335722697
3.240223928941852
3.636842188131012
3.9749375012019263
3.6424896731661263
3.59448250651942
3.5068905956085183
0.5304060778306042
2.8423709931771093
3.5068905956085183
1.0408520829727552
1.4182958340544896
3.484183719779189
3.732178738798142
4.156282519099004
3.550340709546388
3.5068905956085183
3.4219280948873623
3.378783493486176
3.8018021420566726
3.0850551027564768
3.6841837197791887
2.5492553971685
1.0892300788425848
3.056564762130954
2.7045348998193433
2.792481250360578
3.5280643115840498
3.2810361125534233
3.2516291673878226
3.337175341123077
3.084962500721156
3.628351141951583
3.375
3.6818808028034016
3.2516291673878226
3.6234651896016468
2.602217001462482
3.084962500721156
3.238901256602631
3.323231428797621
0.9798687566511528
1.4716022614097979
2.991774999497732
2.3037464107788748
0.9463729359854419
3.085055102756477
3.51602764126623
0.7653636126766978
3.2359263506290334
3.3339790585856814
3.5697738350294776
2.950212064914747
3.239097917988786
4.078595131623406
3.350209029099897
3.5
3.4428621651554665
3.188721875540867
3.085055102756477
3.180832987205441
3.350209029099897
3.0220552088742
2.8553885422075336
2.923231428797621
3.5
3.928619536781446
3.4349705010872067
0.9182958340544896
0.9933927290103626
1.4182958340544896
3.884600662692359
4.113406548792879
3.056564762130954
3.9157607512870887
4.1658803648901115
2.9735572622751856
4.086840253425998
1.379877637552799
3.744295831352752
3.6375331441944168
3.6810674915966533
3.1395722619867223
2.495602923729013
3.381580488309164
3.5883543471732335
3.3777471629109446
3.605388542207534
3.1395722619867223
3.779528989293003
0.951994081908783
3.1898980954642875
3.2359263506290334
3.106890595608518
1.6960736118322672
2.270942421748537
2.6688388898504303
2.4634582986483036
2.199687794731328
2.969777110477107
3.2317461816973854
4.150935829546543
2.8453509366224368
2.8962915290459277
3.561897618169773
3.260828171224455
2.765744121871841
3.497155802575668
3.0269868333592873
3.1307179879273748
3.0269868333592873
3.182005814760214
3.295357051617441
3.373557262275185
3.084962500721156
2.1174924611847548
3.0269868333592873
3.521640636343319
3.085055102756477
3.3248629576173574
3.3735572622751855
3.70203613560686
2.6612262562697895
3.3239348962840563
3.0129668768746676
2.7534343861887853
3.6936253718179604
3.0269868333592873
2.8221819586428722
2.9278479786685376
3.7287244452691404
3.202819531114783
4.130052571185354
2.0
4.133911877905774
1.5
3.3927474104487847
3.7081320646586016
3.3927474104487847
4.1308888553082355
4.133355765115611
2.0
1.1451104143815827
2.71929452566698
3.3921472236645345
2.688721875540867
0.8059584928680417
0.6821995113475348
0.7717313035490734
3.039148671903071
3.238901256602631
3.6069367321753214
3.1898980954642875
4.132425173803896
1.5
0.9182958340544896
3.4548223999466066
0.6685644431995964
3.5878041410787076
4.1439722065076205
2.0
3.640223928941852
3.521640636343319
3.3735572622751855
3.1895296315527135
3.3232314287976212
3.2516291673878226
3.5366082543914996
3.2516291673878226
2.873140679513133
2.751629167387823
2.8962915290459286
3.5724312513221195
4.13184842665274
2.0
4.131403882788704
2.0
3.3660913291191923
1.3244602933016414
0.7732283485249176
3.085055102756477
1.971346433249389
1.977435714351107
2.9056390622295662
3.117314354343778
3.610577243331642
2.419470570797252
2.8218881955261788
2.8150724101159437
3.3128259478080238
3.2810361125534233
3.327819531114783
2.6535442970305683
3.006238928653389
3.32323142879762
1.0389205950315936
3.5724312513221195
2.8553885422075336
3.180832987205441
2.8150724101159437
3.3373099413886695
3.521640636343319
2.725480556997868
2.0
3.189898095464288
3.4548223999466066
3.4992275417233567
3.3735572622751855
3.8031824100621057
3.7887549139935026
0.0
2.5220552088742005
3.721928094887362
0.8180959929710641
0.8166890883150209
0.6500224216483541
3.521640636343319
3.2516291673878226
4.131991006316837
4.140557786928409
3.182005814760214
0.7732283485249176
0.8166890883150209
0.9543095546405662
3.3927474104487847
3.9056390622295662
3.53506623731377
3.6695767463163937
3.3206588342592753
3.530493056757482
4.06609602354152
0.9912642605354287
2.8962915290459286
3.368522527728206
0.5680792983231685
2.751629167387823
3.2639334294856344
3.134871139132727
3.3087513512471665
1.0892300788425848
0.951994081908783
3.454822399946607
2.8553885422075336
3.0
0.6685644431995964
3.3927474104487847
3.2608281712244547
1.1657840518150733
3.903382348763399
3.483005030268013
3.327819531114783
3.9054619299180664
3.0850551027564768
3.238901256602631
4.076074387321138
2.6062389286533896
4.021398861806255
3.084962500721156
3.202819531114783
3.327819531114783
4.132565941300855
1.5
3.4565647621309536
3.452819531114783
4.130022032119732
4.105480539696328
4.140468430774343
4.094894319088561
1.5
2.9143765821413554
0.9912642605354288
4.134994820850892
1.9219280948873623
1.207518749639422
3.2516291673878226
3.2359263506290334
3.1674925305971176
3.378783493486176
3.40582225028569
3.2402239289418517
3.463280517810811
3.8882257078708977
3.706958068294486
3.2359263506290326
3.403989446485262
4.199033124655779
4.112408483941234
4.115092079822629
4.072381128752385
2.0
1.3520301017579528
3.7362378589156764
2.8731406795131336
3.180832987205441
3.625814583693912
3.798145057407474
3.615817594675933
3.0269868333592873
1.118275160770976
3.3735572622751855
3.039148671903071
2.973557262275185
3.40582225028569
4.132192363018788
1.5
4.13076722251317
2.0
2.664497779200461
3.392147223664534
4.132145903996456
1.5219280948873621
3.8330709070912787
0.6309174600654835
4.130621136490509
2.321928094887362
3.0306390622295662
1.391481266911694
3.418295834054489
4.130777819203678
2.0
4.14235244461246
4.138497591053112
3.889994812999577
3.5132920671042793
3.857660763002658
4.11955463227369
2.0
1.6140054628542204
1.2256051990169436
0.9182958340544896
4.106845492430334
4.144057390140964
3.9103391906916927
4.103666064914633
2.0
0.7732283485249176
3.180832987205441
0.7732283485249176
3.0565647621309537
0.5115779700152473
3.419381945646371
3.5724312513221195
3.8883122251661932
3.180832987205441
3.6841837197791887
3.625
3.4585193710958055
4.116315625398158
4.163047126316248
3.893662232510454
3.3735572622751846
3.711451501291629
4.073657060884038
1.0
3.6053885422075336
3.1158340921632197
3.5417435206018593
3.1898980954642875
3.378783493486176
4.190564997268995
3.9247546314706963
3.7045348998193437
3.922433291382376
3.5110854081804277
4.016956457987808
3.6723165402430924
3.101881223476018
3.7267374734123866
4.124660226661934
4.057332514128055
3.4713544870139286
3.459147917027245
3.378727103656466
3.8114549507759916
4.0317685655801885
4.141138378678221
4.069434175969096
3.8412095328431537
4.132315126296843
2.0
4.190839518093722
4.1317014428172305
2.0
1.2638091738835462
1.450467463408549
4.195598600654086
3.874236028595151
3.299896391167891
3.202819531114783
3.095795255000934
3.693772225382954
3.5898980954642874
3.973076067332053
3.6802400004270432
3.962103165155795
3.5
3.3274847819558424
3.1556390622295662
4.060543360000512
3.461320140211008
2.8163401138534074
3.4428621651554656
3.7632432303768706
3.96648254506918
3.594465636961452
3.8312762533752496
4.0261788866657495
3.447742678581274
3.890319531114783
3.6933452188924916
3.653756708287001
3.594465636961452
3.6294944075197715
3.70144963262962
3.203701696057348
4.12836875174195
3.618093970732927
3.6808518549795144
3.747578655608881
4.070879951422314
4.08314878560608
2.0
4.04884217742747
3.9183950989847443
3.531463039531273
3.9580610045896814
3.36030597770208
3.565448371820825
4.158036594054528
1.2577148214953864
3.1751231351134614
1.584962500721156
3.375
3.5963039770751077
1.0
1.275162982784857
3.0053148568942794
3.2433003685389576
3.8289901884459594
3.611448051807267
3.830546608638305
3.8088990237848432
2.355388542207534
3.1395722619867223
3.32323142879762
2.353533948577482
3.68479950349199
3.8140156038557316
2.8553885422075336
2.8423709931771093
3.980232436330047
3.086048612313038
3.6898916687500076
3.303701696057348
3.5706490237615602
3.366091329119191
3.4472624994412104
3.7999793850498294
3.5796021324441805
3.8128871051149837
3.0464393446710156
2.952819531114783
4.084097618384088
3.454601280272709
3.8479292897932846
3.384183719779189
3.68887241100352
3.5566567074628237
3.5073801024236353
3.3239348962840563
3.523231428797621
2.8553885422075336
3.6572682296173897
4.135214735428287
4.027268803237584
3.8364978955652718
3.989951058178758
4.055713036692429
4.014448401904522
3.958769320749639
3.9980525151595803
4.13348826558534
4.055639969519797
3.4805095384585125
3.8980685120588383
3.0269868333592873
4.170662154089219
4.174223102295781
4.124247129342327
2.4056390622295662
4.155006848739685
4.1324318428187965
4.1662937570337775
4.166968829929551
1.584962500721156
3.039148671903071
3.368644710165935
3.371653522439334
3.3774932680909977
2.599581230646065
3.2946635862096043
3.0957952550009344
3.797989415464468
3.947475804731215
3.7206484634906016
2.939829017466402
3.6833180299906947
3.6292196865240967
3.943465189601646
3.6676180155340212
1.0
3.2618423904633667
3.3638561897747246
3.1068905956085184
3.1464393446710153
2.3667452542142176
3.446439344671015
3.5039280318460246
3.4548223999466066
3.6143694458867563
3.0269868333592873
3.4992275471326932
3.6726919114644465
3.513784724225434
3.323231428797621
3.5841837197791886
3.555533151426996
3.757091789334252
3.1775662320965252
3.0269868333592873
0.5916727785823275
3.238901256602631
3.4841837197791885
2.688721875540867
3.6464393446710153
1.0144044449514424
0.8166890883150209
3.9988306223008823
3.625
2.8731406795131336
3.8147072025113107
3.4414748051779487
2.905764584655453
3.7183093602234187
3.5503407095463877
3.6980685120588386
3.8984012149926346
3.663532754804254
3.6143694458867563
3.984122849539248
3.2321018048454135
2.9659573209491743
3.238901256602631
3.4701755214643453
3.64352303137331
3.4316235658474303
1.0408520829727552
0.951994081908783
1.4689955935892813
3.625
3.084962500721156
4.002942040563488
2.973557262275185
3.4209585933443494
3.7491171895618094
4.048962560801181
3.672145255263173
4.038662413195477
3.8403897394217834
3.858524020794803
3.8872143980165865
3.3927474104487847
3.907434689744876
4.081923763711911
3.85586569475248
3.378783493486176
3.6168746059562227
3.6695767463163933
3.006238928653389
3.368042422572715
3.691994407749645
3.4104172527605203
2.9689185639620974
3.0220552088742
3.0269868333592873
2.5654483718208256
3.3005590923909534
3.804582217613529
3.4992275471326932
2.8553885422075336
3.418295834054489
3.239097917988786
1.207518749639422
4.155540742364388
3.994333383269955
2.6455933144511468
3.0503018554349812
3.2516291673878226
3.182005814760214
3.202819531114783
3.084962500721156
3.309718983324437
3.274397470347699
3.9057048015566522
3.9161972750048912
2.950212064914748
3.681880802803402
3.0306390622295662
3.4219280948873623
3.8654099724182345
4.006813248545858
4.15972144014367
4.129683417904271
3.2516291673878226
3.0269868333592873
3.3371753411230776
2.5654483718208256
3.0269868333592873
3.2516291673878226
3.6635327548042533
3.106890595608519
3.551191174465697
1.280019973431558
3.3787834934861767
3.602910079649727
3.0565647621309537
3.261043983337284
3.239097917988786
3.6450389252459128
3.581076011914607
3.594465636961452
3.260828171224455
3.5834086501350204
3.6320527396219857
3.411751853774936
3.182005814760214
3.630412660873998
3.0574760762899316
3.616601684782745
4.096890745160676
2.9182958340544896
3.4548223999466066
3.580462199727102
3.484183719779189
3.661226256269789
2.6258145836939115
3.546593564294939
3.711080496244278
3.623516641218015
3.180832987205441
3.039148671903071
3.0849625007211556
0.46816664055233254
4.210101642586022
4.080456537043078
3.708048150071232
3.9673964517458424
3.501629167387823
3.59448250651942
3.128085278891395
3.577819531114783
3.3263604079526936
3.7409532604048397
3.182005814760214
2.688721875540867
3.327819531114783
3.8349625007211565
3.084962500721156
3.625
3.3927474104487847
1.584962500721156
2.8553885422075336
2.688721875540867
3.0269868333592873
4.0090754002392766
3.824862957617356
3.899710346769694
3.7089660826946234
3.8239219673426685
3.611539194657112
2.900051698999542
3.483005030268013
2.9619903490616375
2.9182958340544896
2.9852281360342516
3.403989446485261
3.452819531114783
3.6416041678685924
3.2516291673878226
3.8881492782505247
3.921866526750164
3.0168756957665637
3.0842857479575336
3.275230865777309
2.4305946180235427
2.8927021732601896
2.4508257945180882
3.120099965795741
3.2464393446710154
2.858278308418045
3.524451097020573
1.0
4.127859940512576
3.841773296899834
3.553381866115019
3.8290279210235583
2.9852281360342516
3.521640636343319
3.327819531114783
3.239097917988786
2.5220552088742005
3.0269868333592873
2.9708400131019848
3.76429908806447
3.8398208361010915
3.568401893226241
3.276260425515794
3.2359263506290334
3.077819531114783
3.5585186130489057
3.0849625007211556
3.238901256602631
3.039148671903072
1.8324585572056251
2.836591668108979
3.4821272067338294
2.5196732851640338
3.0060252447977795
3.151363669197544
3.175123135113461
3.3180724602477025
3.3218034107393537
2.939829017466402
2.8962915290459277
3.30827083453526
3.418295834054489
2.8150724101159437
3.7576856586254093
2.1209520310264036
3.530493056757482
3.065957320949175
3.3327555843710552
3.2516291673878226
3.418295834054489
1.2419460322060458
2.5220552088742005
3.417483149926974
3.5497340879408434
3.084962500721156
3.4864405016961446
3.5464393446710156
3.6818808028034016
3.5465935642949384
3.5303587140185644
3.702819531114783
3.7134606841964275
3.7830716938752844
3.6034123432601906
3.4144413036949723
3.7797664432795903
4.018979697303795
3.606876945083701
3.9540234687243334
3.075580067807178
3.4992275471326932
3.30827083453526
3.373557262275185
2.577819531114783
3.4015152803175135
3.1158340921632197
3.0708470936225174
3.625
1.1401156785146092
2.8553885422075336
4.166546296727619
4.094283381065286
4.050911773353366
3.3097189833244367
2.355388542207534
3.7201755214643453
3.456564762130953
2.8553885422075336
3.128085278891395
3.9590943713503313
2.6535442970305683
3.567040216926579
3.653495561774944
3.819548827786958
3.350209029099897
3.039148671903071
3.424174352300441
3.181366328891458
3.084962500721156
2.6612262562697895
3.2464393446710154
1.207518749639422
3.928441993977474
3.5898980954642865
3.0565647621309537
3.106890595608518
3.2195282822995477
3.5068905956085183
3.8282375018429557
3.0773238024297194
3.0220552088742
3.249460279921617
2.5220552088742005
3.43162356584743
3.6820058147602146
1.2872656611676
1.5016144718101818
2.8272289411297553
2.4591479170272446
3.12930209153781
2.8647869792568117
3.1961547809328668
3.0220552088742005
3.625814583693912
4.064523760229922
4.065535674540874
3.2888840705376357
0.0
4.048063682291632
2.4182958340544896
3.5599000019230838
3.542837797403416
3.3735572622751855
3.788052330483962
2.9139770731827523
3.5630741894285696
3.7501152518935115
3.9949083394973943
3.7886641967785044
3.9731781487304874
4.015234581014208
3.197159723424149
3.3787834934861767
3.5035391228040247
3.9694934898923444
4.086825733246157
3.580050351464737
3.689703732199547
3.5
3.747439360470672
3.606936732175321
4.004631211674777
3.5804621997271013
3.5585186130489057
3.327819531114783
1.4716022614097979
3.4182958340544896
3.5110854081804264
3.1068905956085184
2.625814583693911
3.238901256602631
2.8553885422075336
3.0849625007211556
3.419381945646371
3.654255313215029
3.621175542919471
3.326360407952693
2.7898980954642876
3.8393151975502953
3.0269868333592873
3.4125932148315044
3.764735178725505
3.327819531114783
3.4193819456463714
3.188721875540867
3.2516291673878226
1.3520301017579528
3.2516291673878226
2.9312089489103235
2.873140679513133
3.238901256602631
4.019871587942796
0.9952632106202361
0.48217919020227284
3.0306390622295662
3.600190876482453
3.2516291673878226
3.533051604784901
3.702081200205225
4.03901701717066
4.001393534363869
3.8265854755396567
4.181390904552316
3.9989699626620308
3.6143694458867563
3.8715006851376366
3.647368358901741
3.327819531114783
3.4790795706241737
2.873140679513133
3.146286370662105
2.584962500721156
3.351953074246375
3.084962500721156
3.584183719779189
1.0
3.4745049881054295
3.084962500721156
3.202819531114783
3.5585186130489057
2.688721875540867
3.4182958340544896
3.139572261986723
3.848723202015638
4.014932868169142
3.2575004135020675
4.081590953311968
3.1542221846835217
3.0286393118385755
3.084962500721156
3.378783493486176
3.189898095464287
3.378783493486176
2.8423709931771093
3.189898095464287
3.553763114472245
2.7773627950641697
3.797467632984004
3.7192945256669785
4.001629167387823
3.8561983328100946
3.332095398660169
3.521640636343319
3.851971775562728
3.983812634549844
3.3656365760772857
3.7140121543713693
3.625
3.2033650875091753
1.0
3.75
3.2516291673878226
3.1916116417513782
3.294663586209604
3.202819531114783
3.503258334775645
3.5503407095463873
3.772055208874201
3.1820058147602133
2.8423709931771093
3.1898980954642875
3.7321588913645702
3.381620107948735
2.8150724101159437
3.5
3.1916116417513782
4.009019990354803
3.039148671903071
2.974937501201927
3.238901256602631
0.9912642605354287
3.1395722619867223
3.3248629576173565
2.950212064914747
3.2927701939369904
3.182005814760214
3.7454064259382482
2.6556390622295662
3.0849625007211556
2.411602217974672
3.632557040147423
3.5417435206018593
3.3263604079526936
3.182005814760214
3.511085408180426
3.3414460711655214
3.506890595608519
3.5599000019230838
3.02228695549263
3.54133864473653
3.6507086885128914
3.5360409258397825
2.3082708345352607
3.3927474104487847
1.2806721295208872
4.008107588735919
3.72491954026129
1.0
2.5220552088742005
3.4613201402110083
3.503258334775645
3.8398227820087545
3.804582217613529
3.733660689688185
3.472905595320056
3.9509745525187356
3.4677201004744997
3.9357322822116454
3.2402239289418517
3.671581588126284
3.8231742248581675
3.2359263506290334
2.8150724101159437
3.4086949695628417
3.4992275471326932
3.562895543566397
3.3685477764837577
3.8209664159078547
1.3520301017579528
2.9689185639620974
2.9182958340544896
3.625
3.2402239289418517
3.077819531114783
2.4508257945180882
3.3087513512471665
3.3927474104487847
3.771437029461126
3.8139173755942384
4.191538480306433
3.7855610028241515
4.092862473505214
3.7192945256669785
1.584962500721156
3.09306920777189
3.337175341123077
3.0269868333592873
3.43162356584743
3.209147917027245
2.939829017466402
3.5465935642949384
3.6209360647507713
4.055334673156628
2.9708400131019843
3.350209029099897
3.1068905956085184
3.2608281712244547
2.9852281360342516
3.5383105956150054
3.056564762130954
2.8962915290459277
3.827554659468925
3.955073129258471
0.5916727785823275
3.7148697866030833
3.1018812234760182
3.2516291673878226
0.6685644431995964
4.050619604379542
4.020030150755276
3.898058963527145
3.5877829003544557
3.4713544870139277
3.9368855832571805
3.948826571126662
0.9182958340544896
3.602062537454822
3.9600186992955453
3.8794804601768815
3.7034651896016455
2.5654483718208256
3.833175911936759
2.85845859334435
3.418295834054489
3.182005814760214
3.121928094887362
1.0
2.751629167387823
3.4565647621309536
1.207518749639422
2.9182958340544896
3.7144093452479408
3.378783493486176
3.8164280318460246
3.7614063297218427
2.8553885422075336
3.402910079649727
3.9021748142117274
1.2917601481809735
3.189898095464287
3.6572682296173893
3.6639097655573916
3.1971597234241487
3.573660689688185
3.523231428797621
1.1878736510814467
2.8553885422075336
1.8353779675913162
1.9732285161344476
3.202819531114783
3.3248629576173574
3.039148671903071
3.32323142879762
3.4632805178108104
3.5383105956150054
3.536886723742167
3.373557262275185
4.088757540505165
3.9555802001779754
3.9102329406731853
3.8793179402024314
3.4556501805795428
3.2359263506290334
3.3232314287976203
4.0923416078152055
4.100852954827238
4.115612088430803
3.2946635862096043
2.6031579868726
3.128085278891395
4.139045582074411
3.516027641266231
2.6384600665861564
3.7417292966721747
4.018248922871386
3.511080496244278
3.989898095464287
3.9155803954675137
3.180832987205441
3.9134007456613777
4.112039283189997
3.8889855681238807
4.112816985868095
4.10296745232454
4.16946658876064
4.170102588751779
4.166968829929551
4.081210631887771
3.8114605475663934
3.454822399946607
3.8352585782581614
2.873140679513133
2.584962500721156
4.095224960598053
4.095224960598053
4.089319375678229
4.089319375678229
4.10935797951973
4.10935797951973
4.090746824397054
4.090746824397054
4.090746824397054
4.090746824397054
4.090746824397054
4.096399168064646
4.096399168064646
4.096399168064646
4.096399168064646
4.100002022202998
4.100002022202998
4.100002022202998
2.0
3.238901256602631
3.2359263506290334
3.9814678722160544
2.7321588913645702
3.9987198443698873
3.698068512058838
3.555533151426996
1.5197284615795614
3.558518613048906
3.305645006352999
3.849223912390625
3.2402239289418517
2.7395722619867224
2.9852281360342516
3.5724312513221195
3.9464902460327034
3.077819531114783
4.107706940640146
2.0
3.1555650133297184
0.48217919020227284
0.5665095065529053
0.6402064333604701
1.1540157730728
1.014097655573916
0.8014698931335287
0.8112781244591328
1.0529815751302694
1.3372449392958772
1.4182958340544896
1.1451104143815827
3.2359263506290334
3.3927474104487847
3.721928094887362
3.238901256602631
3.4273334938982654
3.733660689688185
3.56199961153114
3.319079570624174
3.703372256837154
3.7717254013921333
3.826874881864637
2.8962915290459286
3.334209459448048
3.5841837197791886
3.506890595608518
3.463280517810811
3.32323142879762
3.084962500721156
3.8404553172497953
3.459491160199153
3.572431251322119
3.9791409204610484
2.230268711784188
3.3248629576173574
2.688721875540867
4.009134590379753
3.447401504705915
3.629219686524096
4.006720834246031
3.6069367321753214
3.569773835029478
3.8758145836939115
3.7855610028241515
3.4144413036949723
4.061667362671987
3.1464393446710153
3.1068905956085184
1.0
2.8553885422075336
3.418295834054489
3.202819531114783
3.7893511042483286
2.1887218755408666
3.202819531114783
3.7407713918234875
3.625
3.6069367321753205
3.2663326399706225
1.0
3.3232314287976203
3.5659573209491744
3.392747410448785
3.366091329119192
3.480083695187448
0.7732283485249176
3.0269868333592873
3.204986855772667
3.7871439606981383
1.4329283087286118
4.165730550412264
2.0
4.099049040689267
4.174451818096899
2.0
3.854915886263288
2.8037016960573484
4.135027921419446
1.5
3.8954164126526183
3.972862125564226
4.061350032944981
4.019422162456501
1.584962500721156
4.100006075328018
4.119407158209235
1.0
1.0892300788425848
2.8218881955261788
3.2359263506290334
0.6402064333604701
4.094529853300014
1.5
4.154536022381624
3.8339265590910987
3.965964048449777
4.117564550377562
3.8795025548010296
3.0269868333592873
2.9232314287976204
3.238901256602631
3.4841837197791885
3.763965742824082
3.8324465164966006
3.238901256602631
0.9141828384352135
3.238901256602631
3.1898980954642866
3.5351745656359026
3.327819531114783
3.238901256602631
3.4992275417233563
3.1916116417513782
3.2806390622295662
3.182005814760214
3.6225797618424918
3.9191034933914484
3.0269868333592873
4.060463045515108
3.8082708345352594
3.7960980029962537
3.967861757701885
4.066094522209667
3.850115045148206
3.9464437537352706
3.6527294870343847
3.197159723424149
4.169335038969187
2.0
3.202819531114783
3.6933452188924916
3.189898095464287
4.109611674551907
4.140371945080552
2.321928094887362
2.0344239887474087
4.107331835381245
2.0
4.086194641822219
2.0
3.641537724055616
3.414527264502953
4.1107063544267985
4.061529662478641
2.0
0.9055872616982603
4.122773474824926
2.0
4.084581630138041
1.5
3.584962500721156
3.373557262275185
3.180832987205441
3.2359263506290334
3.6841837197791882
2.7534343861887853
3.7487914677777425
4.149008184640344
2.0
3.591706639315895
3.1535717384775817
3.3787834934861767
3.482883585353941
3.3709505944546683
2.8423709931771093
2.688721875540867
3.8997861918354366
3.1395722619867223
3.0269868333592873
0.0
4.018513516827788
3.3868392966712704
3.2359263506290334
4.078580417768991
3.484183719779189
4.139190330123237
1.0
3.8936532427640964
3.257756064128517
2.188721875540867
3.4513099897106634
4.117837712640472
2.0
4.096275340035111
2.0
3.2359263506290334
3.506890595608519
3.4193819456463714
3.3248629576173574
3.53257325750262
3.7983131987296486
3.640223928941852
0.9055872616982603
4.0867498592874
2.0
0.8394734356069651
4.112818935153123
3.8869111484069894
4.1283468297326245
2.0
4.120416325922697
2.0
4.099097914730105
3.653660689688185
2.6258145836939115
4.117220302166862
2.0
3.871111164026695
4.075208434405308
4.095727745980312
2.0
3.7966458728980044
4.080088062670938
2.0
4.087362360810453
2.0
1.9143029514736247
3.511085408180427
3.4371932086075945
3.43162356584743
3.327819531114783
3.32323142879762
1.0
3.408694969562842
3.381620107948735
3.7154560610774223
3.4846843152781375
4.118754047888269
4.128898506445647
1.5
2.751629167387823
4.0963441793924735
1.5
4.094293904093701
4.151233376451645
2.0
3.511085408180427
2.732914563979398
2.9852281360342516
4.127749617502833
3.7257858519508456
2.0
3.3038331020407403
2.8731406795131336
3.7216117239699007
3.0849625007211556
3.8951330510168702
4.00994416709793
3.9544425746945726
3.911377559078347
3.9677886080734295
3.9677886080734295
3.9634007638583886
3.9634007638583886
3.9597718014603154
3.9597718014603154
2.0
4.105755788154398
3.6591477159281327
3.3956388075276673
0.0
3.2041196965341943
2.950212064914747
3.125
1.9182958340544893
4.000645159871708
4.0077781332043205
1.0
3.2402239289418526
3.0220552088742
3.6572682296173897
3.125
3.8004606907969465
2.8150724101159437
3.7289934696627918
3.4072682296173893
2.5073801024236357
3.896317566756574
1.584962500721156
3.7870428120319044
3.6469666682736497
4.027185256687395
3.2927701939369904
3.2841837197791888
3.5806787032913716
1.6143308351592656
3.5368867237421666
3.939006494661598
2.0
3.8987114513339525
2.321928094887362
2.625814583693911
2.8553885422075336
3.0849625007211556
3.925410635240724
3.5726236638951625
3.5068905956085183
3.085055102756477
3.6400505160888965
4.023382914624721
2.0
3.955567814090825
2.5220552088742005
4.104286629459122
4.149714384294601
2.2516291673878226
2.952819531114783
3.5362434129830604
4.093703211197232
3.4713544870139286
3.9517890110921674
3.521640636343319
3.95789766133373
0.0
0.7345299214394703
0.7578534921839994
3.6320488277869583
3.5766176449086657
2.224601752714581
2.224601752714581
3.8996973240840793
1.584962500721156
3.776492554584251
3.9427350098914884
3.923074189428569
3.8854561672701773
3.534219021180341
3.7941049456316014
4.127999797923028
1.584962500721156
3.863563917650059
3.6714055834424975
4.0953545155009525
3.1692486956952335
3.8789134537554357
1.584962500721156
3.9251402984575963
2.7516291673878226
4.160950203649908
3.1808329872054406
4.153806424211173
3.288320189106
3.6595365985012456
3.057476076289932
3.0269868333592873
3.5664280318460246
3.939006494661598
3.0086949695628418
3.716570323111605
3.292481250360578
3.7627335525736805
3.5521796970665482
3.718309360223418
4.039102270863601
3.9689668268583174
1.5
4.054778482249606
3.0269868333592873
4.0382717789784754
2.0
3.0269868333592873
2.9232314287976204
3.30827083453526
4.045367127775115
4.0191182387378035
2.65282575549396
2.413088436425758
3.748394345536403
3.5775343630988568
3.6168746059562227
3.1971597234241487
3.7834651896016465
1.0
3.620936064750772
3.9591832288337003
3.6693360192553452
3.7190319064749713
4.085574690102231
3.9172294745571885
3.1898980954642866
3.2733494559629492
3.734521664779752
3.9436642160947972
2.0
2.9689185639620974
0.6193821946787638
0.7345299214394703
0.8795064608120066
3.2359263506290334
1.0389205950315936
1.5744174271404585
3.9122725791761255
3.584303179346712
3.249460279921617
4.177525246885395
3.5575801226914128
3.2689289124151832
3.378783493486176
3.9683554234172482
2.0
3.6902603909683838
3.5817475629608078
3.30827083453526
3.323231428797621
3.627763553007399
3.084962500721156
4.0811307838171675
4.074851709614553
3.125
4.095621816049668
2.7192945256669794
4.116838518710206
3.9324670924202647
3.3787834934861767
3.6258145836939115
3.576617644908665
3.5039824091702343
2.822579761842491
3.4613201402110083
3.0900327766014795
4.092690598227156
3.375
1.164234675795332
3.841168438834598
2.6020659746615777
3.9402810576889786
2.0
3.9627739386807654
4.148826504724907
3.5535088547976788
3.2961483747476232
4.074332447714228
1.584962500721156
3.897270088223654
3.8466984052234454
2.2516291673878226
3.32323142879762
1.1451104143815827
4.064723697484876
3.5726236638951634
3.3464393446710154
4.116599380695386
4.130963324124196
4.130963324124196
4.13231578867122
1.0
3.647982081552806
2.0
3.7360069464476564
3.556656707462823
3.64696666827365
3.332918760802451
4.116707662469687
4.096957702558184
3.4864405016961446
1.0
3.9667839472720177
3.996925707105069
3.996925707105069
3.996925707105069
3.996925707105069
4.002578422965715
4.002578422965715
3.8477925923549527
3.8477925923549527
3.8477925923549527
3.8477925923549527
1.584962500721156
3.337175341123077
3.106890595608519
3.317640005966217
2.5073801024236357
3.7582890779432683
3.3086949695628416
1.0219280948873624
1.439254017211876
3.9255827776560324
3.0441104177484006
4.114846993072907
3.0849625007211556
3.572431251322119
2.8423709931771084
3.198186431313851
3.260828171224455
3.641249800455479
3.2516291673878226
2.8553885422075336
2.2312702546075758
1.584962500721156
4.156080879531008
4.091396448125621
2.0
1.626688849701832
3.501397825434103
3.842370993177108
3.5883543471732335
3.563247423975141
4.095085572998873
3.9729283957969717
3.9775081643180883
3.7104355005135816
4.110475056455057
3.9339100855493716
3.9812284787736005
3.084962500721156
1.0
1.650022421648354
3.486448667168353
3.501397825434103
3.30827083453526
3.2516291673878226
3.735281416219837
3.403989446485262
2.688721875540867
3.944548827786958
3.7970851333950875
3.197159723424149
2.9852281360342516
3.0269868333592873
3.375
2.918295834054489
3.2516291673878226
3.0269868333592873
3.4569744267451354
3.1898980954642875
3.350209029099897
3.4273334938982645
3.489022055454727
3.031116172456019
2.3301850352385234
2.087057091371189
3.0220552088742005
3.7232314287976207
3.628072996388509
4.105006318278269
4.107683130957862
1.584962500721156
3.346439344671015
3.375
3.348798912202497
3.522711955680758
3.4104172527605203
1.0
