Shannon_Entropy
4.085017035158308
4.120873585176719
3.4810715907266814
3.080500530640267
3.8758279109810765
2.8709505944546683
2.8553885422075336
3.4613201402110083
3.9776513130795754
2.7052290027422967
4.12021667298172
4.135854117494122
1.584962500721156
1.6960884128159108
1.584962500721156
3.3660913291191914
3.417693960242673
2.8553885422075336
0.9927744539878083
4.045382683601133
3.640319531114783
3.9164421050399065
2.751629167387823
3.2516291673878226
3.128884070537635
2.5073801024236353
3.797220167136409
3.776953212919452
4.007817259864221
3.1978578475539834
3.3446983751597124
3.3688840705376353
3.7257847211692625
3.0850551027564768
2.321928094887362
3.0130709291038453
3.5726236638951634
3.5814447879326115
3.6143694458867563
3.9523928589810606
3.327819531114783
3.79595859334435
2.952819531114783
3.238901256602631
4.071854365656767
3.9579064293665427
3.8872143980165865
1.584962500721156
3.050301855434981
3.039148671903071
2.918295834054489
3.76273355257368
3.9705820931448534
3.0565647621309533
3.3660913291191923
3.8214419452073276
1.0
3.9537590113462904
3.6496734471867405
3.7879812237868613
3.381580488309164
3.8000446184790095
3.2516291673878226
3.8847776520297486
2.9689185639620974
3.9539684039196077
2.751629167387823
2.8150724101159437
4.114950891904244
3.418295834054489
3.4858259278490094
3.238901256602631
3.3248629576173574
3.503997527334848
2.9559130951758243
3.3248629576173574
3.1279868068776753
3.146286370662105
3.9552918860179607
3.8653481156610803
3.7722069188795837
3.6145272645029523
3.8230680085678443
3.7398928964793154
3.391386469985718
3.8470851333950873
3.5238963865818054
3.7700974660187097
3.3927474104487847
3.182005814760214
2.866247897312731
3.246439344671016
3.606936732175322
3.238901256602631
3.2841837197791883
3.4642346527265664
2.0419460322060456
3.4906015629507228
3.2516291673878226
3.408694969562842
2.7550576199383072
3.9111418037386727
2.0
2.688721875540867
3.337175341123077
3.202819531114783
3.2516291673878226
3.366091329119192
3.125
3.506890595608519
3.30827083453526
4.026993868886929
3.2359263506290334
3.4548223999466066
3.25
3.584962500721156
3.6421498816369033
3.238901256602631
3.6133373140453067
3.0269868333592873
2.4508257945180882
4.06692878554455
3.919450391950642
3.9457818692380373
4.0488617053324045
3.5617480476936563
2.8553885422075336
2.9852281360342516
2.8553885422075336
3.182005814760214
2.1358202430877555
3.4594316186372973
3.577819531114783
3.327819531114783
3.7254805569978675
2.9182958340544896
3.5766176449086653
3.2516291673878226
3.6902603909683833
3.5616073922012146
3.077819531114783
3.0860486123130375
3.3086949695628416
3.039148671903071
2.625814583693911
3.327819531114783
3.3735572622751846
3.3248629576173574
3.2390979179887864
3.4613201402110083
3.4790795706241737
2.74894004700543
3.986454374903004
2.8553885422075336
3.6423714487439014
3.914866303883101
3.6887218755408675
3.6902603909683833
2.5566567074628237
2.6464393446710157
1.584962500721156
2.682588730501833
3.584962500721156
2.688721875540867
3.373557262275185
3.3232314287976203
3.688388283228294
3.3816201079487347
3.197159723424149
3.821102114475682
3.341446071165522
3.327819531114783
2.8150724101159437
2.556656707462823
3.031116172456019
3.3232314287976203
3.5035391228040247
3.2359263506290326
3.384183719779189
3.136863709607318
3.829741775363136
3.919965095937672
3.4713544870139286
3.3576439260128503
3.7556266947226717
2.9852281360342516
3.694385682587763
2.8423709931771093
3.25
2.584962500721156
2.0
2.121928094887362
2.0
2.747167197306934
1.584962500721156
3.635916372204615
3.25
3.263933429485634
3.327819531114783
3.0565647621309537
3.783465189601647
3.469544356972731
3.43162356584743
3.366091329119192
2.94770277922009
3.6954612381885594
3.0220552088742005
3.411602217974671
3.876082738409113
3.281036112553423
3.468576629687865
3.81688908867089
3.7160354845996237
2.521640636343318
3.7957721009952157
2.858278308418045
3.957295873840569
3.4833966428273686
3.518196301885718
3.8880816205457944
3.842882484187673
2.8553885422075336
4.053418132076077
3.0062389286533895
0.7345299214394703
0.0
3.9652098969506673
2.8221819586428727
3.1820058147602133
3.534219021180341
2.9312089489103235
3.2033650875091753
3.8532717444769076
2.9852281360342525
3.4086949695628417
3.238901256602631
3.7219280948873616
3.986728498859767
3.9372877664360835
3.7089660826946225
3.2364405016961446
4.006436738245532
4.012627541483233
3.7417292966721747
3.5368867237421666
3.2733494559629497
3.084962500721156
3.8787912611280673
3.8573068568981284
3.378783493486176
3.8248629576173565
3.8962673062204423
2.950212064914747
3.576617644908665
3.503258334775645
3.4992275471326932
3.6689869584530608
0.7345299214394703
3.3248629576173574
0.5916727785823275
2.7773627950641693
3.1018812234760182
3.146286370662105
3.2516291673878226
3.4992275471326932
3.521640636343319
3.4204662447883143
3.521640636343319
3.6550455468258045
3.309718983324437
3.352135539906906
3.7736843762620227
0.9933927290103626
3.3086949695628416
3.6841837197791887
3.0640917816300157
3.238901256602631
3.202819531114783
3.8471282101364253
3.734521664779752
3.327819531114783
3.6335059949783677
4.018531739524458
1.584962500721156
3.381580488309164
3.578864088188097
3.4713544870139277
3.446439344671015
1.325131845251537
2.2418059136593236
2.3128517888981834
2.4641122512299956
3.0276327405541132
2.818528274614447
2.854096964759388
3.408694969562842
3.3034651896016465
3.5878587982995085
3.239097917988786
2.287783719941071
3.303701696057348
3.8693312611115185
3.765319531114783
3.0269868333592873
3.3927474104487847
2.8731406795131336
2.8581184630979695
3.085055102756477
3.0220552088742
3.180832987205441
3.4548223999466066
2.9834585933443494
3.5590795706241742
3.2483650467509038
3.401422890801963
3.378783493486176
3.452819531114783
3.589275070710713
1.0
1.1400677626718572
1.2916919971380596
1.0408520829727552
3.605388542207534
3.7614457889184734
3.327819531114783
2.7364405016961446
3.5931390622295662
3.5068905956085183
3.640223928941851
2.8150724101159437
3.457867131472585
3.704349428956052
3.7805008806790994
3.2359263506290334
2.7272486062639207
3.630985019785137
3.788315506383026
3.721928094887362
3.1361691618696645
3.3232314287976203
3.251629167387823
3.741089939493023
1.0
3.427601311512056
3.1105780147890165
3.3787271036564657
3.9096743265455456
3.373557262275185
3.7970851333950875
4.080187811845645
3.405319794905355
4.1320372803472
4.136015600568611
4.131324401317667
4.1325334747147
4.133819695818257
4.132576245889583
4.132714165083605
4.136598040280827
4.075852269980944
4.0723142908781575
2.7534343861887853
3.5875986337223496
3.7024260409909386
2.789898095464287
2.9182958340544896
4.051277869757234
3.564685267402771
3.621928094887362
4.038932576640629
3.085055102756477
3.32323142879762
3.1556390622295662
3.327819531114783
3.323231428797621
3.7559113286549377
3.8498460871756595
3.3908054820769817
3.948505667902822
3.7230741894285684
3.5585186130489053
3.5892750707107126
3.886913787195982
2.0
3.813837915840181
3.6077352526221036
3.9606950331015263
1.5
3.378783493486176
3.085055102756477
3.327819531114783
3.546439344671015
2.8150724101159437
2.6612262562697895
3.0269868333592873
2.866247897312731
3.202819531114783
2.6612262562697895
3.8171147686576625
3.527248734674801
3.397968058613955
3.6273826146722308
3.4444138295776114
3.503258334775645
3.3371753411230776
3.1384600665861555
3.885200798080292
3.085055102756477
3.2810361125534233
3.101881223476018
3.762590564862086
3.816694836781784
2.584962500721156
3.3711045993081328
3.56610893983748
3.4841837197791885
3.8143719431796272
3.4816615121017556
3.654759610557884
3.739572261986723
2.950212064914747
4.02576083766059
3.625
3.472163460365541
3.576617644908665
3.4677201004744997
3.0849625007211556
3.678934703923797
3.7034496725335564
3.9236137724315743
3.4565647621309536
3.6133373140453067
3.189898095464287
3.9702768973020595
3.9575521017591058
3.180832987205441
3.378783493486176
3.7183093602234187
3.821759674244168
3.46818194698418
3.2516291673878226
4.010059427014038
3.5800503514647364
3.9032923783396343
3.7213001304457305
2.965583935727781
3.8393151975502953
3.195947226387471
3.9517837760578347
3.782122224145306
3.7692735783067737
3.8678980513017183
4.014367788503793
3.8441065448145375
3.2185426022572146
3.66259315265356
3.532573257502619
2.60845859334435
3.902869521871549
3.2516291673878226
3.5464393446710156
3.6525182662886326
3.3735572622751855
3.6011703467917076
3.446439344671015
3.4604180636454753
3.189898095464288
3.0957952550009344
3.6635327548042538
3.8054982305663323
3.947296318069097
3.0269868333592873
3.1751231351134614
3.699513850319966
3.796217602590055
3.277613436819116
3.340199876515856
4.043272814124357
4.1341214678918545
4.1341214678918545
2.4056390622295662
4.05386723008315
4.052259411926019
4.052259411926019
3.534131539991245
3.185258552389472
2.9139770731827523
2.950212064914748
2.8962915290459277
3.802269546470171
2.663465189601647
3.781255225550237
3.121928094887362
3.660661363131719
3.43601192903618
3.6560976520711486
3.2267309150571264
3.5724312513221195
3.084962500721156
3.27280432733462
3.1898980954642875
3.969050350704969
2.2359263506290326
3.09306920777189
4.011978891953206
4.050315473130394
2.0
1.4854752972273344
2.8553885422075336
3.784941827437642
3.7287244452691404
3.373557262275185
3.46954435697273
4.002245588306534
3.9497524009285514
3.9222727945389124
3.197159723424149
2.5169435668654394
3.614369445886757
3.4219280948873623
3.730807591090693
3.9981103708582864
2.610577243331642
2.321928094887362
2.7898657820928925
2.0
3.663532754804254
3.219528282299548
3.856564762130954
3.7639413803488417
3.7543778423340197
3.1336120387998636
3.8401568604088587
3.6841837197791887
3.182005814760214
3.991533708697157
3.3787834934861767
3.6293135232359854
3.8314018453921714
3.2913928761709625
3.5585186130489053
3.188721875540867
2.6887218755408666
1.7055872616982601
2.137543147136472
3.1556390622295662
3.6897037321995474
1.5916727785823275
1.0389205950315936
3.535174565635903
3.9046392984924516
3.350209029099897
3.4992275471326932
3.2516291673878226
3.202819531114783
3.7782129458410005
3.982471469598615
3.6966380020874072
2.692380602454975
3.9765276284779723
4.0278083561646305
3.5464393446710156
3.557605347445475
3.697845823084412
3.5944656369614516
3.57380851290449
3.4273334938982645
2.865576855207248
4.0631449409815765
3.9402545228664216
3.3342094594480476
3.182005814760214
4.010769768051859
3.723060444113732
3.7261040245003367
3.442862165155466
2.7773627950641697
2.7806390622295662
3.6732696895151076
3.5506551812150384
3.651609497059027
3.0306390622295662
3.373557262275185
3.8404025467025056
3.182005814760214
3.286629486786195
1.207518749639422
1.0892300788425848
0.7228578977329688
3.2806390622295662
0.8166890883150209
3.378783493486176
3.4677201004745006
3.1105780147890156
3.085055102756477
3.7693287100782
3.176110251517254
3.764735178725505
2.8582783084180448
3.841096866085959
3.25
3.901542745248758
3.238901256602631
4.154046286775731
3.1751231351134614
2.8073549220576037
3.855585038447958
3.182005814760214
2.9232314287976204
3.680089353694807
3.6980685120588386
3.1462863706621045
3.5110854081804264
3.238901256602631
3.128085278891395
3.238901256602631
3.0306390622295662
3.101881223476018
3.5068905956085183
3.4039894464852614
3.1395722619867223
3.506890595608519
3.266332639970623
3.238901256602631
3.007196489685618
3.084962500721156
2.973557262275185
2.931208948910323
3.7865221495303647
3.919870703677736
4.16367452751669
3.3967586219749273
4.180730151578958
3.3927474104487847
1.0892300788425848
3.3787834934861767
3.503258334775645
3.180832987205441
3.3263604079526936
3.734521664779752
3.9048632454520096
3.6143694458867563
3.0849625007211556
2.6644977792004614
3.247902831020748
2.998235849570533
3.220120045087164
3.1018812234760182
3.039148671903071
0.8343470230852538
1.190219472434763
3.7114515012916294
3.1555650133297184
3.8487900978344443
3.9177782415657183
2.464126672585782
3.9872327241406076
3.8481080974376694
3.96632972127429
3.253801390571587
2.1556390622295662
1.5
1.714829795691937
3.521640636343319
3.5110854081804264
3.32323142879762
3.1018812234760182
3.456564762130954
3.517894147619623
3.5224563854734416
3.334679141051595
2.7329145639793975
3.932989341694589
3.6349899593310995
3.76334248827185
3.4262096139809795
3.2516291673878226
3.1808329872054406
3.780394654123194
3.8221819586428727
3.7148697866030833
1.9219280948873623
3.378783493486176
3.7131193458885665
3.1068905956085184
3.2516291673878226
3.292770193936991
2.495602923729013
3.541743520601859
2.5654483718208256
3.471354487013928
3.522711955680758
3.3221793455166666
4.1137949090261
3.381580488309164
3.471354487013928
3.180832987205441
1.207518749639422
4.0203672796296965
2.855388542207534
3.3735572622751846
3.4548223999466066
3.2359263506290326
2.835237745312118
2.739572261986723
3.726474118254375
3.4328173151210217
3.6017792181866795
3.9346609061575015
3.721928094887362
3.661166503080562
3.202819531114783
3.4225108928657995
3.2516291673878226
3.7294461949052566
3.039148671903071
0.8795064608120066
2.8553885422075336
3.238901256602631
3.4992275471326932
2.692380602454975
3.8980685120588383
2.7037016960573483
2.6887218755408666
2.8553885422075336
3.6611665030805614
3.2516291673878226
3.484183719779189
1.0
3.708048150071232
3.2149657632612736
3.7692735783067732
3.3660913291191927
1.584962500721156
1.207518749639422
0.5450897174754095
1.4182958340544896
2.3927107555998033
2.489078069213552
3.53194120554666
3.6695767463163933
3.084962500721156
3.763558599134237
2.689246428509158
3.3248629576173574
3.381580488309164
3.188721875540867
3.981252649040877
3.3087513512471665
3.9603202553942918
2.5849625007211565
3.7004397181410926
3.169925001442312
3.3263604079526945
3.5849625007211565
3.4251185503571393
3.882814277103395
3.8078744810097436
2.8731406795131336
3.8984010757350966
4.015319531114783
3.418295834054489
3.375
3.0220552088742005
3.4613201402110083
3.350209029099897
3.36030597770208
3.187601311512056
3.2516291673878226
3.653660689688185
3.203701696057348
3.6892464285091577
3.350209029099897
3.182005814760214
3.2709424217485368
3.8401440498143025
4.041804558065932
4.006541969349885
2.688721875540867
3.5395454741006134
3.6974578610361126
2.8423709931771093
3.4613201402110083
1.0
0.6500224216483541
0.9988455359952018
1.248763681109561
0.5304060778306042
3.180832987205441
2.952819531114783
2.4158851502640757
1.4516607643577668
3.3927474104487847
2.8150724101159437
2.910992253015046
0.5907239186406502
3.084962500721156
3.337175341123077
3.6644977792004623
2.7516291673878226
3.78336536363971
3.763965742824082
3.239097917988786
3.7849418274376423
3.3248629576173574
3.25
3.3248629576173574
3.6504103051739905
3.859358785954168
3.0269868333592873
3.418295834054489
3.745982672374456
3.8314018453921714
3.7254805569978675
3.2516291673878226
3.993705303653105
3.4632805178108104
3.128085278891395
3.9193819456463705
3.189898095464287
3.2464393446710154
3.3927474104487847
3.98319563424773
3.4565647621309536
3.577819531114783
3.572469458770136
3.337175341123077
3.155565013329718
3.2359263506290334
1.2884926890861643
1.4627552262645034
3.292770193936991
3.348798912202497
2.4416298737872246
3.7684540239739306
1.595461844238322
3.653495561774944
3.375
1.058277043226334
3.323231428797621
3.521640636343319
3.3735572622751846
3.6219280948873624
3.202819531114783
3.09306920777189
3.824252831282987
1.650022421648354
3.368042422572716
3.2405282602167116
3.0849625007211556
3.3921472236645345
3.373557262275186
3.4817145729860726
3.2359263506290334
3.125
2.9232314287976204
3.971160176469933
3.630412660873998
3.60693673217532
3.281036112553423
3.09306920777189
2.6235166412180155
1.207518749639422
3.588710641914682
3.6314018453921713
3.884829508503261
3.963434842048526
3.4435137534498526
3.486440501696145
3.5160276412662292
3.039148671903071
1.4627552262645034
1.8230264907128848
3.373557262275185
3.3320953986601696
3.3735572622751846
3.4556501805795423
2.9312089489103235
2.8553885422075336
2.610577243331642
3.2359263506290334
3.924180543526771
2.2841591278514217
3.182005814760214
3.4965849669398734
3.2806390622295662
3.236857303422074
3.643074189428569
3.3433546214047736
3.0269868333592873
3.0269868333592873
3.5836045962283958
4.20622349156515
3.6835423624332306
3.813467299293728
3.3248629576173574
3.9963843160385064
4.199492904520331
3.938721875540868
3.797812156528825
3.8801799226757367
4.065117661376963
3.2516291673878226
3.2608281712244547
0.6402064333604701
3.4613201402110083
2.4116022179746714
2.7898980954642876
3.182005814760214
3.5670402169265785
3.084962500721156
3.405822250285691
3.5342190211803413
2.610577243331642
1.4345491399952024
3.4992275471326932
3.2927701939369904
3.418295834054489
3.531630646367962
3.5068905956085183
3.4474015047059146
2.952819531114783
3.084962500721156
3.169925001442312
0.9182958340544896
3.7264741182543752
3.4613201402110083
3.6235087968145354
3.197159723424149
3.8238816375185887
3.27280432733462
3.5383105956150054
2.9182958340544896
3.2639334294856344
3.3464393446710154
3.238901256602631
3.736006946447657
2.8423709931771084
3.7004397181410926
3.6143694458867563
3.0220552088742005
2.8150724101159437
3.4529677465719057
3.25
3.1416192081839784
4.134456475966043
2.0
1.573402452417767
3.426367488473226
3.5110854081804264
3.041446071165522
3.2516291673878226
2.9689185639620974
3.0130709291038453
2.125814583693911
3.427333493898264
3.5318531651180973
1.2916919971380596
3.084962500721156
3.182005814760214
3.086048612313038
3.139572261986723
3.8443845322359156
3.5
3.2729055953200556
3.1761102515172537
3.874495090437456
3.1751231351134614
3.6539967386657093
3.319079570624175
3.319773835029478
4.05617463006964
3.368042422572715
3.896439344671015
3.6168746059562227
3.2806390622295662
3.9781365882567736
2.8553885422075336
3.667913944000622
3.3077516472406154
3.678934703923797
3.1556390622295662
3.4948016186888133
2.7773627950641693
3.4790301730294653
3.7110130897752795
3.9292292966721747
3.25
3.006238928653389
3.5
2.7534343861887853
4.049119219731588
3.238901256602631
3.488525294897748
0.863120568566631
0.9664516287472262
1.4885252948977485
1.6087001655198914
0.9444885341662053
3.238901256602631
3.6402239289418516
1.7381493331928664
1.7295739585136223
1.8423709931771088
1.6258145836939115
0.0
3.9779168746936358
3.6143694458867563
3.391892644680931
3.4992275417233567
3.7532696895151068
1.1981174211304033
3.0269868333592873
3.2516291673878226
3.721928094887362
2.3082708345352603
2.751629167387823
2.8553885422075336
2.835237745312118
3.5319412055466586
3.6314018453921717
3.919580364586466
3.024397470347699
2.75
3.770942421748537
3.645807587127715
3.3660913291191923
3.516126767019874
3.778536562896871
3.1068905956085184
2.918295834054489
2.8662478973127308
2.355388542207534
3.056564762130954
3.454822399946607
3.4556501805795423
3.084962500721156
3.182005814760214
3.2866294867861954
3.5
3.188721875540867
2.873140679513133
3.646439344671015
3.732444601324706
3.5724312513221195
3.3927474104487847
3.378783493486176
2.7773627950641693
3.461320140211008
2.98345859334435
3.327819531114783
3.4841837197791885
3.3371753411230776
3.2516291673878226
3.7324446013247066
3.189898095464287
3.625
3.653756708287001
3.0220552088742
3.392147223664534
2.8553885422075336
3.640223928941851
3.7556266947226717
3.006238928653389
2.8553885422075336
3.795619478609754
3.084962500721156
0.9780155566622414
1.0949143184120975
1.1401156785146092
3.337175341123077
3.085055102756477
3.6168746059562227
3.896291529045928
3.9790978911348045
4.0514621540398
2.6258145836939115
3.239097917988786
3.461320140211008
3.7998737308597996
3.6619328723735824
3.9338752036553326
3.175123135113461
3.413088436425757
4.028945504703025
3.546439344671015
2.7534343861887853
3.029452044030914
2.8729055953200557
1.30130726617641
1.3727069617019705
3.2806390622295662
3.806198332810095
2.9182958340544896
3.9824142031435534
3.7340910019875206
3.5
2.923231428797621
4.106820339340544
3.7615935110056293
3.4026862710360795
4.010221342852542
3.6521147627546076
3.501952761720621
4.074885392988319
3.493660689688185
3.499987298572778
3.577819531114783
3.039148671903071
3.521928094887362
3.2195282822995477
3.5766176449086653
3.3927474104487847
3.800697657532258
3.2464393446710154
3.2359263506290334
2.125814583693911
2.3611009574381296
0.9463729359854419
3.056564762130954
3.625
3.106890595608519
3.3248629576173574
3.0850551027564768
3.6897037321995474
3.373557262275185
2.7395722619867224
3.327819531114783
2.866247897312731
1.0892300788425848
1.1674367232867007
3.381580488309164
3.292770193936991
3.3787834934861767
3.76429908806447
3.7639657428240816
3.7586949695628413
3.321928094887362
3.0105709342684834
3.2389205950315936
3.9782365577772216
3.459147917027245
3.4468074086707277
3.9781951418723835
3.5766176449086653
3.7076821183651427
3.6844751382368663
4.0231806282030345
3.4528786893420307
3.638252707130774
3.484183719779189
3.981652707960913
3.085055102756477
4.009930367601056
3.5554141844097327
3.3221793455166666
3.0220552088742005
3.2359263506290326
3.525939943986514
3.75
3.3087513512471656
3.386605346668081
3.0
2.7773627950641693
1.7924812503605778
2.8553885422075336
2.941712060039786
3.0664280318460246
2.981788992601135
3.858876575099363
3.6635327548042538
1.6143308351592656
3.238901256602631
3.3921472236645345
3.175123135113461
3.0220552088742
3.73782019804216
3.327819531114783
3.506890595608519
3.2359263506290326
3.75
3.534219021180341
3.7201755214643453
3.4833978397761456
3.0104340890333376
3.418295834054489
3.3927474104487847
3.733660689688185
1.7028195311147831
1.207518749639422
0.9826817324242788
2.7026831892554917
2.267374198381464
3.085055102756477
2.6800365325772657
3.734885540886845
3.452819531114783
3.506890595608519
3.3735572622751846
3.086048612313038
3.1898980954642875
2.751629167387823
2.6235166412180155
0.0
3.084962500721156
3.108694969562842
3.4613201402110083
3.452819531114783
3.2516291673878226
3.4646578242114794
2.6455933144511468
2.5220552088742005
3.799642175814981
3.238901256602631
3.4632805178108104
3.238901256602631
3.642371448743902
2.8553885422075336
3.6901165175936654
3.3927474104487847
3.94300442216639
3.690260390968384
3.4039894464852614
2.5492553971685
0.7345299214394703
0.7653636126766978
3.5726236638951634
3.1820058147602133
3.378783493486176
3.503258334775645
3.274362744717651
3.5032583347756456
3.902679737686644
3.0269868333592873
3.3680424225727155
3.30827083453526
3.454822399946607
3.9996898120077886
2.8553885422075336
3.6370624995963414
3.0221488141852504
3.2231579275383835
3.285027323797204
2.940676218814983
1.6258145836939115
3.0647125106479174
3.285880503486005
3.397975540030535
3.419452060129558
3.0505907454596355
0.6143694458867568
2.6612262562697895
2.899397470347699
3.3365916681089782
2.7534343861887853
3.0565647621309537
2.792481250360578
3.085055102756477
3.086048612313038
3.1395722619867223
3.506890595608518
2.6644977792004614
4.149781865013207
3.4613201402110083
3.2267309150571264
3.243735757336199
2.8553885422075336
2.9182958340544896
3.2516291673878226
3.084962500721156
3.0062389286533895
2.6235166412180155
3.180832987205441
3.503258334775645
0.8180959929710641
3.8577154327921876
3.73782019804216
4.032735347622839
2.8962915290459277
2.931208948910323
2.8962915290459286
3.1841837197791887
3.0269868333592873
2.6887218755408666
3.0269868333592873
3.2464393446710154
3.4091529802653824
3.8418714902795115
3.4316235658474303
3.1105780147890165
3.579925461200055
3.7979026896829473
2.584962500721156
3.30827083453526
3.484183719779189
3.292770193936991
2.8962915290459277
3.471354487013928
3.587858798299509
3.0269868333592873
1.4409328021013377
3.5741647430225747
3.683856189774724
3.3787834934861767
3.418295834054489
3.697808707044463
3.5160276412662297
3.3248629576173574
3.782089642372744
3.6143694458867563
2.9689185639620974
3.3248629576173574
0.6685644431995964
1.207518749639422
0.9444885341662053
3.7417292966721747
3.446439344671015
4.009984919476383
3.6841837197791887
3.4817145729860726
2.8962915290459277
3.03914867190307
3.5726236638951634
3.447680589849663
3.2359263506290334
3.2516291673878226
3.3263604079526936
2.918295834054489
3.070847093622518
3.5243728207539826
3.849745444868004
3.945088371639052
0.7742433029172697
0.8343470230852538
3.0849625007211556
1.0408520829727552
3.128085278891395
3.281036112553423
1.2916919971380596
3.1395722619867223
3.4548223999466066
3.2516291673878226
2.918295834054489
3.6994705707972515
3.9139097655573916
3.521640636343319
4.013192217447346
3.760017277849653
3.180832987205441
1.041105052766031
2.8225797618424915
3.3660913291191923
3.084962500721156
3.3371753411230776
3.327819531114783
3.9696073391174043
3.189898095464287
3.327819531114783
3.7216117239699003
3.6339740759971577
3.933375143139157
3.521640636343319
3.180832987205441
3.085055102756477
3.5532470324098178
3.238901256602631
2.692380602454975
3.323231428797621
2.4137995646056805
3.1751231351134614
3.7034651896016464
3.75
3.238901256602631
3.2998963911678905
0.9798687566511528
0.7703437707962479
3.4072682296173893
3.5368867237421666
2.875
1.1211460945412073
1.6675897585466835
1.6774212838293647
2.199979326716487
1.450467463408549
0.7228578977329688
3.5970851333950877
3.5931935551635137
3.5633879376095567
0.8343470230852537
3.7034651896016464
2.873140679513133
3.202819531114783
3.572469458770136
2.815922063835166
3.5035391228040247
3.1751231351134614
3.266332639970623
3.349275070710713
2.818593377029732
2.797396159014561
2.9780948881692613
3.145271862902178
3.2359263506290334
3.3927474104487847
3.2516291673878226
3.419381945646371
3.7264741182543752
3.0849625007211556
3.3232314287976203
2.8553885422075336
2.9735572622751847
3.2516291673878226
3.105672184271432
3.375
3.106890595608519
3.346439344671015
2.751629167387823
3.125
2.815922063835166
3.2359263506290334
0.39124356362925566
3.189898095464287
2.751629167387823
3.4316235658474303
3.8693312611115185
3.077819531114783
3.202819531114783
3.6143694458867563
3.2516291673878226
3.4072682296173893
2.7192945256669794
3.3927474104487847
2.4996981431844145
3.188721875540867
2.5849625007211565
3.182005814760214
3.679687439279554
3.3248629576173574
3.2639334294856344
3.6732696895151076
3.392747410448785
3.452819531114783
3.253660689688185
2.556656707462823
3.688721875540867
3.584962500721156
2.872905595320056
1.4345491399952024
0.8166890883150209
3.0269868333592873
2.8553885422075336
3.084962500721156
3.25
2.915195993795242
3.0269868333592873
3.2516291673878226
3.238901256602631
3.7256507561120937
3.0269868333592873
3.2516291673878226
1.145235779471061
2.8584585933443494
3.5695488277869583
3.1709505944546685
2.965957320949175
3.7509368473228477
3.4104172527605203
3.628085278891395
3.7201755214643453
3.48582592784901
2.8962915290459277
2.625814583693911
3.039148671903071
2.8553885422075336
3.756795811071915
3.175123135113461
3.653756708287001
2.873140679513133
3.5304930567574826
2.6258145836939115
3.879290202489547
3.9909724019122823
3.4634651896016457
3.2359263506290334
3.238901256602631
3.796894919507588
3.843856189774724
3.6790470120677385
3.9336822354185825
3.7370242754249494
3.960376089614565
3.7852587347399456
3.4846843152781375
3.4472624994412104
3.3927474104487847
3.164208047583994
3.2927701939369904
3.703465189601647
3.668384446476143
3.202819531114783
3.2359263506290326
3.0849625007211556
3.5220552088742005
2.751629167387823
3.5225715891363594
3.5841837197791886
3.2359263506290334
3.195185826097171
3.5575801226914123
3.9324017572170415
3.655045546825804
3.2961483747476232
3.1898980954642875
3.9689792071523238
3.6507595587786232
3.994459859804026
3.4613201402110083
3.240223928941852
2.7329145639793975
4.075465404044493
3.6612262562697886
3.182005814760214
3.0269868333592873
3.334209459448048
3.614369445886757
3.5464393446710147
3.924425764120619
3.039148671903071
1.584962500721156
3.0269868333592873
2.7534343861887853
2.8962915290459277
3.6978458230844122
3.81873834444947
3.197159723424149
3.6424896731661263
3.5383105956150054
1.584962500721156
1.0408520829727552
0.9444885341662053
3.7066427348701514
3.526395750480918
1.584962500721156
3.077819531114783
3.4634651896016466
3.7381493331928652
2.836591668108979
3.5465942457551543
3.277613436819115
3.603856189774724
2.688721875540867
3.327819531114783
3.496104175266961
3.25
3.762818395221641
0.8569957178540346
0.9366673818775626
2.931208948910323
1.4182958340544896
0.8475846798245739
3.2810361125534233
1.1451104143815827
3.481714572986072
3.0269868333592873
3.9732682257081016
3.8430833559368964
3.6555911387156415
3.642149881636903
3.2068954597146964
2.7752519319125417
1.0892300788425848
3.0151349310252122
3.0139041060677036
3.487550063744797
3.311080496244278
3.345489138790323
1.0
3.106890595608518
3.740601562950723
1.086312840741288
1.7028195311147831
1.1897319168207328
3.625
3.238901256602631
3.334679141051595
1.3100562489182659
0.9141828384352135
3.6143694458867563
3.3660913291191914
2.792481250360578
3.2806390622295662
3.232101804845414
4.077405980753161
3.8529447884056247
4.051833741766501
4.1179766992336395
1.207518749639422
0.6685644431995964
2.950212064914747
0.8180959929710641
3.106890595608518
3.337175341123077
3.039148671903071
1.4609640474436811
3.0306390622295662
3.0220552088742005
3.860216304152969
1.584962500721156
1.3778903318832145
3.5280643115840493
3.09306920777189
3.368042422572715
4.004364184708142
3.9332080733223167
3.006238928653389
4.1715322417021445
3.501397825434103
3.240223928941852
1.207518749639422
3.049452072789394
3.1898980954642875
3.2673757978160416
3.0521405224954283
3.0269868333592873
3.7735572622751845
3.039148671903071
3.09306920777189
3.8365916681089787
3.09306920777189
3.03856233607563
3.8302370690488257
3.2402239289418517
3.0220552088742005
3.721162659369415
2.9689185639620974
2.8962915290459277
2.8665871058289594
3.5039975273348474
3.0220552088742
0.9463729359854419
3.238901256602631
3.2516291673878226
1.4966407621868583
3.180832987205441
2.6644977792004614
3.914855231673945
3.9562733121050786
3.802887388672703
3.4086949695628417
3.6996987351738495
3.1464393446710153
3.746439344671015
2.9744870651207918
3.4193819456463714
3.3231428049945433
3.085055102756477
4.005374502031342
2.7806390622295662
3.946099775355825
3.0220552088742005
3.7326091817564695
1.584962500721156
2.9689185639620965
3.9154242623620825
3.7352828720530686
3.9241613513654254
1.584962500721156
2.8553885422075336
3.0565647621309533
2.5220552088742005
3.238901256602631
2.8962915290459277
3.0901998765158556
2.950212064914747
3.439936470397808
3.0220552088742005
1.6143308351592656
0.5665095065529053
4.093115583781247
3.5817475629608078
4.083849135897456
4.131633328237597
3.4547012441673464
4.1241892083479605
3.9266110917290566
4.110280881531254
2.625814583693911
3.124664819533709
0.8274087988556427
0.7732283485249176
2.036038109406783
3.1841837197791887
3.039148671903071
3.452819531114783
3.493660689688185
2.6062389286533896
2.783735328622078
2.688721875540867
3.381580488309164
0.5907239186406502
3.5092750707107125
3.4713544870139277
3.503258334775645
2.918295834054489
3.0220552088742
4.049340100283267
2.8522170014624826
1.7884504573082893
3.0220552088742
3.4039894464852614
3.7201755214643453
2.9182958340544896
4.067287462527177
4.147995662019314
3.1246648195337094
0.9182958340544896
1.501952761720621
1.5443814577244939
3.8757315032041877
2.349601752714581
3.5465935642949384
3.25
3.6897037321995474
2.8150724101159437
3.5464393446710156
3.8561746300696407
4.010281273161823
3.00623892865339
4.087647592435899
3.7526383739632223
3.084962500721156
3.86904571174324
3.693887846729895
4.016283580676733
3.829986855772667
3.381778244882831
3.651237499630057
3.039148671903071
3.2477426785812735
3.1207505427313436
3.427333493898264
3.7378201980421593
3.202819531114783
3.182005814760214
3.202819531114783
3.4357554339416274
2.5032583347756456
1.584962500721156
3.8042292966721747
3.854818213150928
3.3927474104487847
3.2516291673878226
3.695501148817395
3.5706590410139483
3.058813890331201
3.1039099102823635
3.6424896731661263
0.6998428398862386
3.1808329872054406
2.5366042580855375
3.238901256602631
3.4817145729860726
3.084962500721156
3.085055102756477
0.8166890883150209
3.521640636343319
2.8423709931771093
3.6178096843744547
3.1015087558678776
3.4992275471326932
3.1556390622295662
3.4841837197791885
2.918295834054489
3.3688840705376357
3.4494691635002
3.2516291673878226
2.2841591278514217
4.159500228507296
0.8683927290103626
1.2916919971380596
0.6402064333604701
3.2359263506290334
3.077819531114783
2.7898980954642876
3.2729055953200556
2.7272170014624826
2.610577243331642
2.8553885422075336
3.370950594454668
2.897717971861213
3.077819531114783
3.4992275471326932
3.5
2.950212064914747
3.8453509366224354
3.182005814760214
3.2359263506290334
1.450467463408549
3.09306920777189
3.4316235658474303
3.521640636343319
3.9261456294523187
3.7775671571169283
4.062059832413735
2.4193819456463714
1.584962500721156
3.8559049224696933
3.875140402286536
3.652518266288633
4.067122046833541
4.078197337752807
3.8374386544447616
4.071453341727385
3.7110046910580805
3.2319461881351823
3.6061563243186
3.8334266411498823
3.3464393446710154
3.91800367551636
4.073823599173738
4.054709783853498
4.057273442860487
1.584962500721156
3.085055102756477
2.449311833026446
0.8112781244591328
4.133226976660735
4.135265365896549
2.0
3.3913864699857186
3.567040216926579
3.0850551027564768
3.863990726009528
3.60341234326019
3.7772774737093466
2.6258145836939115
3.188721875540867
3.4713544870139286
3.0220552088742
3.2195282822995477
3.239097917988786
3.4318497041442484
3.7908200076382492
3.0269868333592873
3.077819531114783
3.446439344671015
3.7192945256669794
3.4841837197791885
3.2494602799216175
3.8403471164197516
2.7272170014624826
3.638530469124291
3.1037016960573482
3.0220552088742
3.5306390622295662
3.401422890801963
3.949943337985638
3.6206770859418693
3.9608540238369683
3.5383201891060003
3.0565647621309537
3.238901256602631
2.873140679513133
3.5944825065194204
3.203365087509175
3.983014003266001
3.8790795706241736
3.5368867237421666
3.877855862115187
3.703465189601647
2.7192945256669794
3.239097917988786
4.0354429464569606
3.652422500730673
3.7774444381599674
3.371653522439334
3.908441711798928
3.9660342902324826
3.5726236638951634
1.9182958340544893
3.2516291673878226
3.642774150698464
3.6635327548042547
1.3250112108241772
3.32323142879762
3.292770193936991
3.854142210061432
3.6292196865240958
3.084962500721156
3.418295834054489
3.1395722619867223
2.8553885422075336
2.8962915290459277
4.15763792797299
3.6556390622295662
3.636842188131012
4.0406974191047205
3.821039781962855
3.99844945921767
3.788390995107059
3.5068905956085183
0.5304060778306042
2.8423709931771093
3.5068905956085183
3.418295834054489
1.0408520829727552
0.9463729359854419
3.9237469008516834
4.150011136599116
3.6536606896881847
1.0
3.6168746059562227
3.403989446485262
3.5
2.8553885422075336
3.8018021420566726
3.3735572622751846
2.7773627950641693
3.6978458230844113
2.524397470347699
1.4182958340544896
1.0892300788425848
3.337175341123077
2.8655768552072485
2.792481250360578
3.5280643115840498
3.716908108113272
3.5
3.2402239289418513
3.40582225028569
3.238901256602631
2.8962915290459286
3.567031495157584
3.4992275471326932
3.748994803525096
3.378783493486176
3.810081020521731
2.7719023720385585
3.238901256602631
3.378783493486176
3.4104172527605203
0.9798687566511528
2.934724899124217
2.3182975702780197
3.327819531114783
1.2086489509530647
0.9463729359854419
3.085055102756477
3.4642346527265664
0.8743095546405661
3.084962500721156
3.2402239289418517
3.0269868333592873
3.3339790585856814
3.4314134569803283
2.8225797618424915
3.106890595608519
3.2359263506290326
4.113685849778024
4.030493056757482
3.5383201891060003
3.188721875540867
3.039148671903071
3.182005814760214
3.2841837197791888
2.9232314287976204
3.0286393118385755
3.0168756957665637
3.4713544870139286
3.9453515646935577
3.507712913596131
0.9182958340544896
0.9933927290103626
1.4885252948977485
3.0269868333592873
3.9561983328100943
4.11368387221582
3.077819531114783
4.068468880768625
2.8731406795131336
4.086297123824663
1.1873868015167897
3.085055102756477
3.3248629576173574
3.7306869530999127
3.7127101462707492
3.6814653813585045
3.0503018554349812
2.7688538376159997
3.5032583347756456
3.0269868333592873
3.5932696895151075
3.41379956460568
3.530963873657757
3.238901256602631
3.2663326399706225
3.774923080521556
3.238901256602631
0.951994081908783
2.9852281360342516
2.8553885422075336
2.8073904508767225
3.202819531114783
3.5739348962840563
2.7534343861887853
2.950212064914748
1.6960736118322672
2.311278124459133
2.6896137183446633
2.4137995646056805
3.0145585281641596
3.1411418184180606
4.151792155914255
2.0
3.373557262275185
2.8962915290459277
3.188721875540867
1.207518749639422
3.66657866648708
3.50897425033838
3.572469458770136
3.039148671903071
3.0841837197791886
3.182005814760214
3.077819531114783
3.627542017127577
3.4992275471326932
2.499698143184414
3.303701696057348
3.2359263506290334
2.1174924611847548
3.182005814760214
3.125
3.3908054820769813
3.7371377900594407
3.350209029099897
3.546439344671015
3.70203613560686
2.6258145836939115
3.4817145729860726
3.3034651896016465
3.0487837733338554
2.7534343861887853
3.7473310193514995
3.418295834054489
3.3492750707107124
2.863826390090816
2.9278479786685376
3.7287244452691404
3.202819531114783
4.130052571185354
1.584962500721156
4.133911877905774
1.5
3.4565647621309536
2.9689185639620974
3.7201755214643453
3.180832987205441
3.378783493486176
4.1308888553082355
4.133355765115611
2.0
1.207518749639422
2.923231428797621
3.4058222502856905
3.056564762130954
0.48217919020227284
2.7773627950641693
0.5235878925732217
0.7717313035490734
3.226730915057127
3.0849625007211556
3.6625732651509115
3.1307179879273748
4.132425173803896
1.5
3.2516291673878226
1.2389012566026305
1.584962500721156
3.558518613048906
1.2086489509530647
4.1417742472864045
2.321928094887362
3.521640636343319
3.182005814760214
3.4632805178108104
3.715932185515029
3.6402239289418516
3.4992275471326932
3.4005788397313514
3.6898916687500076
3.238901256602631
3.238901256602631
3.2516291673878226
3.5655957039963786
3.3927474104487847
3.0286393118385755
2.688721875540867
2.8073549220576037
2.8962915290459286
3.5766176449086653
1.6729055953200562
2.4508257945180882
4.13184842665274
2.0
4.131403882788704
2.0
3.4474015047059154
0.0
1.3342094594480487
0.7732283485249176
3.09306920777189
1.971346433249389
2.0023769990305276
2.8954238702803154
3.2658813699600984
3.681727678869737
2.419470570797252
3.048603730213371
2.5654483718208256
2.8150724101159437
3.2587417586554226
3.2810361125534233
3.337175341123077
2.7395722619867224
1.6258145836939115
1.2917601481809735
3.2927701939369904
2.584962500721156
3.4548223999466066
0.9933927290103626
3.681880802803402
2.8553885422075336
3.180832987205441
2.6612262562697895
2.9182958340544896
2.8423709931771084
3.4430190302453973
3.5
2.725480556997868
2.0
3.2516291673878226
3.189898095464288
3.5724312513221195
3.4992275417233567
3.5
3.2516291673878226
3.821520773344194
1.0408520829727552
3.7622673906514947
0.0
2.5220552088742005
3.6897037321995465
1.0476747992754052
0.7345299214394703
3.3927474104487847
3.2806390622295662
0.9912642605354288
3.180832987205441
3.452819531114783
3.418295834054489
3.180832987205441
3.337175341123077
3.4992275417233563
4.131991006316837
4.140557786928409
3.106890595608519
3.0269868333592873
3.6572682296173897
3.2516291673878226
0.8166890883150209
0.7732283485249176
0.8166890883150209
0.5489544344250401
3.2402239289418517
3.9056390622295662
3.0565647621309537
3.1307179879273748
3.53506623731377
3.6572899523639886
3.475909377088532
3.530493056757482
4.048109823309611
3.182005814760214
0.9912642605354287
3.0286393118385755
3.2494602799216175
3.3927474104487847
0.5680792983231685
2.7773627950641693
3.239097917988786
3.16823289333881
2.8553885422075336
3.4251185503571397
1.1451104143815827
0.9933927290103626
2.625814583693911
3.4613201402110083
3.0269868333592873
2.988316710610012
0.6685644431995964
1.9591479170272446
2.188721875540867
3.456564762130953
3.3927474104487847
3.2608281712244547
3.4072682296173893
1.1657840518150733
3.8974076197009206
3.439690181241735
3.4548223999466066
3.910663702890589
3.375
3.2402239289418513
3.511085408180427
4.096928382969472
2.5521796970665482
4.023957057876215
3.0130709291038453
3.202819531114783
3.4316235658474303
0.6500224216483541
4.132565941300855
1.9219280948873623
3.1018812234760182
3.452819531114783
3.452819531114783
4.138489865079279
4.140286436569234
4.094894319088561
1.9219280948873623
2.7192945256669794
2.9077516472406155
0.9912642605354288
4.134994820850892
1.9219280948873623
3.5032583347756456
3.2402239289418517
3.2845227801732815
3.375
3.4058222502856896
3.2195282822995477
3.9896468164738828
3.9303513639399266
3.7144093452479403
2.584962500721156
4.2010989892310375
4.112408483941234
4.115092079822629
4.072381128752385
2.584962500721156
1.0408520829727552
3.7360490959785393
3.2210972500579564
3.987971059089857
3.59306920777189
3.7671834678914604
0.8683927290103626
3.1556390622295662
3.3735572622751855
3.3927474104487847
3.039148671903071
3.125
3.40582225028569
4.132192363018788
1.5
4.13076722251317
2.0
3.085055102756477
3.09003277660148
2.664497779200461
3.384183719779189
3.2359263506290326
4.132145903996456
1.5
3.930609649595924
0.8815673347061914
3.0220552088742
3.084962500721156
4.130621136490509
2.0
3.0306390622295662
3.653660689688186
1.3710919195669404
2.8553885422075336
3.418295834054489
3.0
4.130777819203678
2.0
3.452819531114783
4.14235244461246
4.136996088458616
3.8294001194341725
4.100123990118031
2.0
1.6691803368667308
1.4744860712379169
0.9182958340544896
4.106845492430334
4.144868390541395
3.9103391906916927
4.103666064914633
2.0
3.584962500721156
0.7345299214394703
3.327819531114783
0.7732283485249176
3.2195282822995477
0.6402064333604701
3.4841837197791885
3.3244998138788864
4.112997562960809
3.32323142879762
3.689703732199547
3.0086949695628418
3.6168746059562227
4.117452885709722
4.167726742286806
3.9164341410056505
2.6258145836939115
3.238901256602631
2.0
3.48345859334435
3.7184539577019207
4.064355842182755
1.0
3.6714055834424975
3.679596201603432
2.7898980954642876
3.543430146781296
1.0
4.191071650376417
3.9601962475835393
3.2516291673878226
3.923062571993714
3.439936470397808
4.017346096338869
4.1643752578390405
3.994555239328847
3.799873730859799
4.160063651115844
4.091589241904561
4.132315126296843
2.321928094887362
4.19336317726904
1.584962500721156
4.1321553769434445
2.0
1.2210477851797181
1.543751954420502
4.192051105310058
3.969408139677256
3.8013774524295485
3.879681669330299
3.6653100283182436
3.9804489645794945
3.720907084111332
4.046330056449021
3.3660913291191914
4.060543360000512
3.7927104453512217
3.6094963344256965
3.7632432303768706
3.9959556187093876
4.089889603490045
4.08659964743257
3.965322330809923
3.9856364055995614
3.79334985785422
4.129234002351917
3.64715300291237
4.099296193651239
2.321928094887362
4.060989189245207
3.914280434066441
3.9512685905648266
4.157917632954844
0.9933927290103626
3.0269868333592873
3.30827083453526
1.584962500721156
3.5032583347756456
3.5963039770751077
1.0
1.275162982784857
3.5075908633484874
3.9889021943415215
3.2866294867861954
3.782796341217104
3.207707064470474
3.180832987205441
3.536886723742166
3.3371753411230776
2.4137995646056805
3.375
3.68479950349199
3.8184539577019208
2.9852281360342516
3.5535088547976788
3.9679064258314183
3.246439344671016
3.827998108979806
3.5706490237615602
2.4056390622295662
3.393127173448318
3.8745470846998917
3.5261918808318176
3.875959163396364
3.3660913291191914
4.091216888469981
3.5017278575596236
3.8505013226548757
3.68887241100352
3.776637494673416
3.4594911601991534
3.6424346494648048
3.3758145836939115
1.0
3.632192121571194
4.137582472892631
4.13923799390362
4.081392972507717
4.134040449465064
4.042314269626375
4.021067475473497
1.584962500721156
4.170662154089219
4.180736390427059
4.125401667514078
4.144776188022328
4.131436503844477
4.1662937570337775
4.166968829929551
1.584962500721156
3.1018812234760182
3.6923697099697166
2.8453509366224368
3.7021461372851645
3.6159994301936997
3.99689001858355
3.003701696057348
3.965737186837599
3.7315654973581616
1.0
2.8150724101159437
3.9138417207874916
3.566468890752879
2.317950827656989
1.896240625180289
3.463280517810811
3.188721875540867
2.8553885422075336
3.593657665390962
3.536886723742167
3.6143694458867563
3.0269868333592873
2.6031579868726
3.8349308171230314
3.98834261304474
3.5766176449086653
2.8553885422075336
3.953553804197735
3.754441845713346
3.5883543471732335
3.299896391167891
3.182005814760214
0.6193821946787638
3.4713544870139286
3.532573257502619
3.6178096843744547
0.7907669479360189
3.9921988418478795
3.572469458770136
2.8731406795131336
3.8147072025113107
3.524980592184736
2.973557262275185
2.8974076197009206
3.689534758412825
3.5503407095463877
3.7181390622295662
3.887659700579654
3.708966082694624
3.5351745656359026
3.9673252964202645
3.7871640651672913
2.7534343861887853
3.6069367321753205
3.6402239289418516
0.0
3.0220552088742005
3.766859659401506
0.951994081908783
1.4689955935892813
3.734521664779752
3.0269868333592873
3.9995023246678705
2.952819531114783
3.4209585933443494
3.997949639391765
4.0778655452049
3.8486141821588276
3.974269761557581
3.9045208893200822
4.024611026283103
3.85586569475248
3.0220552088742
3.0503018554349817
3.3232314287976203
3.6168746059562227
2.918295834054489
3.6695767463163933
3.4292750707107125
3.4817145729860717
3.6793951065171857
3.4104172527605203
2.792481250360578
2.8159220638351665
2.9852281360342525
3.323231428797621
2.946439344671015
3.2841837197791888
3.804582217613529
3.046381112945884
3.6841837197791882
3.3464393446710154
3.3927474104487847
3.3464393446710154
1.207518749639422
2.355388542207534
4.179392488184773
2.686278124459133
2.792481250360578
3.0841837197791886
3.3927474104487847
3.6066338100379283
3.238901256602631
3.414441303694973
3.039148671903071
3.274397470347699
3.927975300790612
3.4613201402110083
3.1084585933443494
3.939523729385382
3.077819531114783
3.381580488309164
3.681880802803402
3.0306390622295662
1.6258145836939115
2.133937566094917
3.0220552088742
3.5220552088742005
3.3927474104487847
3.2516291673878226
3.0269868333592873
3.4992275417233567
3.8575724956710453
4.003506399586221
4.1656604388846565
3.0220552088742
3.2516291673878226
3.2359263506290334
2.9852281360342525
3.4130884364257565
2.9056390622295662
2.984234164652489
3.039148671903071
3.238901256602631
1.6729055953200562
3.7622673906514947
2.9312089489103235
3.490601562950723
1.319035274338866
3.375
3.0220552088742
3.715018266288633
3.202819531114783
3.533051604784901
3.7566072685236542
3.6714352006067656
3.903357594307248
3.9105193101634033
3.9491320864628983
4.092097920610005
2.899397470347699
3.4316235658474303
3.6234651896016463
3.4992275417233563
3.876838815934793
2.7534343861887853
3.084962500721156
3.6644977792004623
3.708093391577498
3.678439190827718
2.9655839357277802
3.3414460711655214
3.3248629576173574
3.189898095464287
3.0850551027564768
0.46816664055233254
4.211617258588339
4.101548947726006
3.493660689688185
3.603856189774724
3.75
3.2516291673878226
3.4316235658474303
2.9182958340544896
3.577819531114783
3.3086949695628416
3.6845608142862893
3.327819531114783
2.688721875540867
3.30827083453526
3.127986806877675
3.923251796980338
3.084962500721156
3.4058222502856896
2.6258145836939115
3.521640636343319
1.584962500721156
2.789898095464287
2.9182958340544896
3.077819531114783
2.8423709931771084
3.0269868333592873
4.010023387889491
3.831401845392172
3.9146816756603187
3.7034651896016464
3.887323668662831
3.041625614369223
3.5790611335129814
2.859880977513952
2.699513850319966
3.1496734471867414
3.238901256602631
3.6158175946759337
3.503258334775645
3.418295834054489
3.681880802803402
3.6416041678685924
3.2516291673878226
3.323231428797621
3.867633890971212
3.9479203828697456
3.693887846729895
3.264658893053756
2.52473261568954
2.224601752714581
2.8927021732601896
3.062907291846956
3.101942183652427
3.2464393446710154
3.1639259066646215
3.524451097020573
1.0
4.127397539342279
2.292481250360578
3.8355965343902825
3.897818514957006
2.952819531114783
2.8423709931771093
3.452819531114783
3.327819531114783
3.3841837197791884
3.5013978254341027
2.7192945256669794
3.10845859334435
3.643389201264574
3.155565013329719
3.770586316406279
3.849032273233205
3.539043153839821
3.412671531196755
3.350209029099897
2.8553885422075336
3.077819531114783
3.6887218755408675
3.155221528859512
3.2810361125534233
2.6887218755408666
2.6258145836939115
2.05632607578088
1.8634245733568182
3.615265044851479
3.5395722619867227
2.454641182225234
3.0060252447977795
3.151363669197544
3.284001448099093
3.319681927779457
3.0860486123130375
2.8962915290459277
3.3841837197791884
2.8423709931771093
3.418295834054489
3.006238928653389
3.782089642372744
2.5366082543914996
2.6612262562697895
3.536886723742167
3.065957320949175
3.2876878900165245
3.180832987205441
3.3248629576173574
1.282516713430642
3.1116368707098765
3.608512968290146
3.5577277787393187
3.238901256602631
3.377278130987436
3.675310868912364
4.091622411276601
3.7679582777191776
3.125
3.323231428797621
3.788754913993502
3.702819531114783
3.904989312039942
3.6034123432601906
3.5220552088742005
4.118509161070997
3.4273334938982645
3.024397470347699
3.375
4.0508488138480505
3.286629486786195
3.373557262275185
3.795088586397733
3.3274847819558424
3.238901256602631
3.3323157886712202
2.950212064914747
2.973557262275185
3.521640636343319
3.0860388152612774
1.4299111709758698
2.8731406795131336
4.1571376062075105
4.090542490519082
4.050911773353366
3.3423709931771093
2.355388542207534
3.7201755214643453
3.4548223999466066
2.8553885422075336
3.180832987205441
3.530493056757482
3.9590943713503313
2.6535442970305683
3.5849625007211565
3.7064901095630907
3.819548827786958
3.4841837197791894
3.2464393446710154
3.424174352300441
2.8150724101159437
3.323231428797621
3.513784724225434
3.238901256602631
3.0850551027564768
3.2927701939369904
2.5654483718208256
3.3680424225727155
3.0269868333592873
3.221097250057956
1.1451104143815827
3.9209256095091747
3.834962500721157
3.202819531114783
3.0219280948873624
3.189898095464287
3.085055102756477
3.051601636871704
3.3660913291191914
3.6753108689123644
3.8282375018429557
3.236857303422074
3.456564762130953
3.507751647240615
2.7192945256669794
3.584303179346712
3.039148671903071
3.6619328723735824
1.3397555113512256
1.5510981710072647
1.573402452417767
2.8337552796916596
2.41379956460568
3.11414991176117
2.929705102090794
3.120411165279266
2.353533948577482
3.106890595608518
4.117863760826951
4.087120463964259
4.039131948496002
2.793345194191516
3.631401845392172
3.5220053024636813
2.751629167387823
3.4316235658474303
3.82611079802474
3.5843031793467115
3.752186922522533
1.2806721295208872
3.9874907954618433
4.027947592890468
4.0154708134851544
3.493660689688185
3.323231428797621
3.43162356584743
3.4816615121017556
4.106509219702283
3.580050351464737
3.689703732199547
3.6143694458867563
3.3248629576173574
3.246439344671016
3.827847541878579
3.7201755214643453
4.086785965671393
3.5562012808079033
3.5585186130489057
3.337175341123077
1.4716022614097979
3.630275354881978
3.5110854081804264
3.6074753914554893
2.811278124459133
3.378783493486176
3.3232314287976203
3.6312929881819005
3.7052290027422963
3.5849625007211565
3.824533406881911
3.6647170014624826
3.974625697209562
2.973557262275185
3.507380102423635
3.3822912796384696
3.765319531114783
3.327819531114783
3.4193819456463714
3.180832987205441
3.5841837197791886
3.189898095464287
3.084962500721156
3.3927474104487847
3.0220552088742
2.792481250360578
1.3520301017579528
3.1556390622295662
3.3927474104487847
2.9312089489103235
3.368042422572716
3.6143694458867563
4.010594706768657
0.9952632106202361
0.48217919020227284
3.050301855434981
3.8072375388465236
1.584962500721156
3.182005814760214
3.057476076289932
3.5275182662886326
3.7173358371354923
4.0302127797510625
4.001393534363869
4.175594250275207
4.017023477345962
3.995247837140896
3.9546897964751233
3.371653522439334
3.752724333969496
3.857695438932668
0.9182958340544896
3.417837797403416
3.0850551027564768
3.084962500721156
3.1279868068776753
3.538310595615006
2.7773627950641693
2.8073549220576037
3.0220552088742
3.3927474104487847
3.1751231351134614
3.9450467285125397
4.010814129789926
4.115868728010488
3.0219280948873624
3.238901256602631
3.202819531114783
3.452819531114783
3.006238928653389
3.292770193936991
3.5680843243447145
2.7773627950641697
3.8975870361235367
4.145386436055139
4.057883762216614
3.521640636343319
3.861586702691808
3.988071662865368
3.9121687482660237
3.2033650875091753
1.584962500721156
3.7254805569978675
3.373557262275185
3.1464393446710153
3.2359263506290326
3.3239348962840563
3.202819531114783
3.914399096097086
3.7639657428240825
3.202819531114783
3.1556390622295662
3.202819531114783
3.838039816898156
3.3758145836939115
2.9182958340544896
3.7775182662886326
2.3553885422075336
3.238901256602631
3.589275070710712
4.013659975941055
3.056564762130954
2.7773627950641693
3.039148671903071
2.9282129458410013
3.375
0.8166890883150209
3.2927701939369904
3.1068905956085184
3.182005814760214
3.3021390820667533
3.383465189601647
3.481714572986072
3.2267309150571264
3.7454064259382482
2.6556390622295662
3.452819531114783
2.610577243331642
3.632557040147423
3.56610893983748
3.3263604079526936
3.182005814760214
3.511085408180426
3.3414460711655214
3.6168746059562227
3.539148671903071
3.02228695549263
3.5424273721520843
3.6507086885128914
3.5217216165616274
2.275556325750651
3.0269868333592873
3.378783493486176
1.158938532350277
4.012675417831593
3.725070520364181
1.0
3.378783493486176
3.7080481500712317
3.084962500721156
3.760313697312511
2.682588730501833
3.446439344671015
2.8553885422075336
2.584962500721156
3.8936606896881854
3.8307686387275544
3.810792603366686
3.2516291673878226
2.7773627950641697
3.7192945256669785
3.472905595320056
3.970422410781626
3.4677201004744997
3.9201943284960037
3.3248629576173574
3.4829175854050423
3.680028209424149
3.9148878739532385
3.5
2.8423709931771093
3.905844073348014
3.472324891678629
3.8087833960290265
3.188721875540867
3.419381945646371
3.084962500721156
2.9312089489103235
3.6168746059562227
3.678685875997338
2.4772170014624826
3.0269868333592873
3.827847541878579
3.8042292966721747
3.4104172527605203
4.166745007278786
4.138495581078711
3.7192945256669785
2.0
3.521640636343319
3.375
3.0306390622295662
3.350209029099897
2.625814583693911
3.1898980954642866
3.403989446485261
3.2516291673878226
3.6753108689123644
3.467585764910526
3.0503018554349812
3.378783493486176
2.952819531114783
3.521640636343319
4.082923846511063
3.008694969562842
3.2841837197791888
3.1018812234760182
3.6211755429194716
3.139572261986723
2.584962500721156
3.521640636343319
3.0306390622295662
3.555533151426996
3.4987312949428833
3.750692056141461
3.9609804148432146
3.3927474104487847
0.6840384356390417
3.7603136973125104
3.7086233813723566
0.6685644431995964
4.124325112509306
3.9089762539854904
3.577349185723742
3.4713544870139277
3.9362643555857075
3.948504384857724
0.9182958340544896
3.1158340921632197
3.085055102756477
3.6301203477506627
3.9153744320139188
3.8865877974034166
3.6086949695628414
3.9931902262852033
3.260828171224455
3.5068905956085183
0.9182958340544896
2.973557262275186
3.6901165175936654
1.1451104143815827
2.8729055953200566
3.7181390622295662
3.8789280318460246
3.736987930635821
3.7171796967135164
3.0269868333592873
3.74095017687433
3.978333581185264
3.0220552088742
1.2494602799216177
3.4613201402110083
3.8441065448145375
3.606936732175322
3.661226256269789
3.6714055834424966
3.6151713102472964
3.03856233607563
2.8731406795131336
1.3520301017579528
1.1847501590603489
2.8553885422075336
1.9699607677716733
2.349601752714581
3.350209029099897
3.572469458770136
2.1174924611847548
3.175123135113461
2.751629167387823
3.32323142879762
4.058574362636609
3.5032583347756456
1.0
4.090219202815191
3.9555802001779754
3.9102329406731853
3.87804025007337
3.596039033895927
3.4262096139809795
2.663532754804255
3.0269868333592873
3.327819531114783
4.0923416078152055
4.100852954827238
4.115990610042289
3.2946635862096043
2.78845045730829
4.1563591797526165
2.599581230646064
3.7636467706769263
4.032589261802176
3.743969488943089
4.083033645248768
3.900363192914777
4.116051587237143
4.112488917091904
4.10296745232454
4.169577032875277
4.170102588751779
4.166968829929551
4.082606506986897
4.072691695540982
4.095224960598053
4.095224960598053
4.089319375678229
4.089319375678229
4.10935797951973
4.10935797951973
4.090746824397054
4.090746824397054
4.090746824397054
4.090746824397054
4.090746824397054
4.096399168064646
4.096399168064646
4.096399168064646
4.096399168064646
4.100002022202998
4.100002022202998
4.100002022202998
2.0
3.1086949695628423
3.4548223999466066
3.2135132560090716
3.334209459448049
3.9814678722160544
2.931208948910323
4.011978891953206
1.0
3.74894004700543
3.59448250651942
3.0306390622295662
2.8073904508767225
0.0
1.4932133643654213
1.319035274338866
3.6897037321995474
3.965290445257775
3.4841837197791885
3.197159723424149
3.2195282822995477
4.07206186277107
3.2195282822995477
4.107706940640146
2.0
3.265583322887733
2.7068905956085185
3.084962500721156
1.584962500721156
0.48217919020227284
0.5665095065529053
0.5907239186406502
1.1540157730728
0.9055872616982603
0.8166890883150209
0.7793498372920851
0.8112781244591328
1.3372449392958772
1.4182958340544896
3.2516291673878226
1.207518749639422
3.616348566075164
3.5068905956085183
3.3927474104487847
3.6539967386657093
3.2359263506290334
3.4357554339416274
3.965077584342486
3.500391409323409
3.2516291673878226
3.383272672738775
3.7280495852876605
3.1961547809328676
4.0281379199009235
3.334209459448048
3.5585186130489053
3.7004397181410926
3.4548223999466066
3.4332696895151082
3.6368421881310122
3.180832987205441
2.8553885422075336
3.084962500721156
3.9634046239036067
3.303701696057348
3.378783493486176
3.2516291673878226
2.950212064914747
3.378783493486176
3.4858259278490102
2.469670487371862
3.653756708287001
3.238901256602631
3.966987896400644
2.230268711784188
3.3082708345352603
4.159342168949675
3.6582341512584025
3.9915848877679734
3.5175594295963433
4.070838956023837
3.493660689688186
3.1068905956085184
1.0
3.056564762130954
3.8541632888566606
3.8561962982193805
3.802845594909779
2.161978179679554
3.337175341123077
3.7407713918234875
3.7254805569978675
3.7024715122197476
3.04642419731627
3.1841837197791887
1.0
3.4182958340544896
3.327819531114783
2.355388542207534
3.5465935642949384
3.665355074667611
3.506890595608519
2.6887218755408666
3.1751231351134614
2.840223928941852
3.5220552088742005
3.501629167387823
0.9112392226370906
3.403989446485261
3.2639334294856344
3.1541733929459275
3.5749194184377915
1.4247346189316263
4.165730550412264
2.0
4.136092968316856
2.0
3.894326432756559
2.963215692534584
4.135027921419446
1.5
4.042767111929468
4.081724839557296
4.029097312036621
1.584962500721156
4.100351663171606
4.121753157723132
1.0
2.8553885422075336
1.0389205950315936
2.9708400131019848
3.4613201402110083
0.6402064333604701
4.094529853300014
0.9182958340544896
4.154401547722638
4.105254373496306
3.2806390622295662
2.9232314287976204
3.4182958340544896
3.2728043273346206
3.182005814760214
3.4182958340544896
2.973557262275185
3.5535088547976788
3.8330709070912787
3.83793141051342
3.238901256602631
3.182005814760214
2.688721875540867
3.0220552088742
1.0834189322427712
3.6841837197791887
3.0269868333592873
3.1556390622295662
3.0220552088742
3.5160276412662297
3.0269868333592873
3.2464393446710154
3.4548223999466066
3.546439344671015
3.4817145729860717
3.3656365760772866
3.2806390622295662
3.202819531114783
3.837743290398091
3.108694969562842
3.924534762707879
4.064120875873711
3.8082708345352594
3.7960980029962537
3.9709362936820494
4.074604519956793
4.051162109260507
3.7392280594486556
3.180832987205441
3.625814583693912
4.169335038969187
2.0
3.197159723424149
3.6556390622295662
3.555414184409733
4.149778306732237
2.321928094887362
2.103014169158281
4.107331835381245
2.0
1.3520301017579528
4.086194641822219
2.0
3.6606613631317186
3.3913820596702946
4.106290504194602
4.053257103835133
2.0
0.7732283485249176
4.122773474824926
2.0
4.084581630138041
1.5
3.734521664779752
3.373557262275185
3.452819531114783
3.2359263506290334
2.8553885422075336
3.180832987205441
2.7516291673878226
3.7777471629109445
3.9434651896016466
3.077819531114783
4.154206180157586
2.0
3.872570822688113
3.373557262275185
3.5655929275041833
3.578136588256774
3.967071254781266
1.0
4.018928520429001
3.505861737991006
3.3921472236645345
4.073802685068276
1.0
4.139300548870842
1.0
3.8936532427640964
3.3656365760772866
2.1492553971685
3.4042715900718337
4.117837712640472
2.0
4.096275340035111
2.0
3.381580488309164
3.4992275471326932
3.3918926446809317
3.32323142879762
2.4116022179746714
3.5086217800361656
3.189898095464287
3.823837603168986
3.640223928941852
0.9055872616982603
3.456564762130953
4.0867498592874
2.0
0.7483265504380476
4.112818935153123
4.1268004821309
2.0
4.118733644275555
2.0
4.099485088661945
3.671405583442497
2.6258145836939115
4.117220302166862
2.0
4.116537911051142
4.095727745980312
2.0
4.087463357960249
2.321928094887362
4.08925615437441
2.321928094887362
1.6804820237218405
3.5219280948873624
3.4711586184179364
3.646845529315215
3.7160160623359073
1.0
3.551428065028506
3.319079570624174
3.7052290027422963
3.47280162692475
0.0
4.129843703962899
1.5
4.090168154079672
1.5
4.094902803307031
4.151233376451645
2.0
2.495602923729013
3.4713544870139286
3.182005814760214
2.221251836004466
2.7272170014624826
4.1105092185713055
2.0
3.3038331020407403
2.8731406795131336
3.6897037321995474
2.4508257945180882
3.2359263506290334
3.8951330510168702
4.00994416709793
3.9511943630832222
3.905730062780248
3.9677886080734295
3.9677886080734295
3.9634007638583886
3.9634007638583886
3.9597718014603154
3.9597718014603154
2.0
4.100143605614347
0.0
3.6564051392425045
1.0
3.301314136744441
3.057476076289932
2.8325608750566906
3.1018812234760182
1.9182958340544893
4.005992656654529
4.006645691747998
1.0
3.25
3.3248629576173574
2.5495234595978316
3.7709424217485377
3.284183719779189
3.828884888242155
2.7719023720385585
3.7864071322362514
3.4955749604956092
2.872905595320056
3.0130709291038453
2.660129752633257
3.963313368349873
1.584962500721156
3.240223928941852
4.211633955740156
3.2516291673878226
3.463710641914682
3.4585663756578335
2.8553885422075336
1.6143308351592656
3.215841172683753
3.6069367321753205
3.939006494661598
2.0
3.8987114513339525
2.321928094887362
3.1307179879273748
2.8553885422075336
3.0900327766014795
3.0850551027564768
3.418295834054489
3.961320140211008
3.5726236638951625
3.378783493486176
3.375
3.9471591793529006
2.0
3.960082434687883
2.5220552088742005
4.156274847411521
3.4764695474602716
3.6542637259970228
4.088272268996414
2.8731406795131336
3.4713544870139286
3.528884070537635
3.9847878414362934
3.086048612313038
3.521640636343319
3.95789766133373
0.9182958340544896
0.7345299214394703
0.7578534921839994
3.0849625007211556
3.408694969562842
3.408694969562842
3.6320488277869583
3.5766176449086657
2.237516816236266
2.224601752714581
3.2516291673878226
3.8996973240840793
1.584962500721156
3.776492554584251
4.175979760502437
3.636842188131012
3.3787271036564657
2.8385895708554587
4.129110839111593
4.001748410828105
4.09811920608038
3.1916116417513782
3.8789134537554357
2.0
3.9260947493515417
4.14432904634891
3.419381945646371
4.160124263973461
3.74191290557996
3.1746742319786425
3.1898980954642875
3.125
3.6427741506984646
3.939006494661598
4.010534687976776
3.5477251641326255
3.814206114743191
4.053469353690409
3.9689668268583174
1.5
4.049905906633958
3.039148671903071
4.033192424156573
2.0
3.077819531114783
3.736006946447657
3.2575004135020675
2.952819531114783
3.5421176810056703
2.8423709931771093
3.337175341123077
4.06480967943579
4.01193036000739
3.654394112273626
3.880941503741393
4.021810967335368
0.9709505944546686
3.752600468355706
3.9532068163114027
3.735427060321094
3.7669647877917973
3.5810760119146066
4.07993701652045
3.9172294745571885
3.327819531114783
3.311844101310204
3.8035088547976783
3.9436642160947972
2.321928094887362
2.8553885422075336
3.386842188131012
3.308694969562842
0.6193821946787638
0.7345299214394703
0.9945637531514427
3.5
1.0389205950315936
1.2957378005380122
3.984183719779188
3.584303179346712
3.084962500721156
2.8150724101159437
4.177516853534607
3.6210506647325458
3.2673757978160416
3.5068905956085183
3.977726098944241
2.0
3.770942421748537
3.533344921547774
3.3841837197791884
3.7294461949052566
3.797228888024213
3.2359263506290326
3.8252517372886503
4.0811307838171675
4.069938659866077
3.239097917988786
3.238901256602631
4.079242848207636
2.85845859334435
4.116711757501172
3.378783493486176
3.1395722619867223
4.021884978007544
3.5780564832443083
3.9039818205809045
3.7887549139935026
3.182005814760214
3.5790611335129814
3.0130709291038453
3.546439344671015
2.688721875540867
3.0900327766014795
4.099728729528483
3.350209029099897
1.0789177955027143
3.2516291673878226
3.874132976176198
0.0
2.580898748376088
2.6022170014624826
3.9402810576889786
2.0
3.9627739386807654
4.148303308703453
3.6556390622295662
3.764735178725505
3.1556390622295662
4.073788276380211
1.584962500721156
3.9381107455645514
2.2516291673878226
3.381580488309164
4.0670787403591575
0.0
3.084962500721156
3.636842188131012
3.3320953986601687
4.116599380695386
4.130963324124196
4.130963324124196
4.13231578867122
1.584962500721156
3.647982081552806
2.0
3.89139256273523
3.5814447879326115
3.6695767463163937
3.332918760802451
4.123504100996955
4.092224652610571
3.5892750707107126
1.584962500721156
3.9662415220947445
3.996925707105069
3.996925707105069
3.996925707105069
3.996925707105069
4.002578422965715
4.002578422965715
3.8477925923549527
3.8477925923549527
3.8477925923549527
3.8477925923549527
1.584962500721156
3.4821272067338294
3.381580488309164
3.4567475629608078
2.8221819586428727
3.766169917835722
3.452819531114783
3.650013373778756
1.2100285140347624
1.3520301017579528
3.9474015047059154
3.648511114409896
4.119898594191865
3.0
3.433269689515108
3.642371448743902
3.175123135113461
3.1634093770885316
3.27280432733462
3.605388542207534
3.180832987205441
3.240223928941852
3.749941238143319
1.584962500721156
4.1605035768307195
1.584962500721156
4.09429357274065
2.0
1.5589385323502774
3.501397825434103
3.827819531114783
3.5552690446481168
3.6771391048504616
4.095085572998873
3.9686504599382224
3.9775081643180883
3.3927474104487847
1.584962500721156
3.7104355005135816
4.110475056455057
4.098030090799561
1.584962500721156
1.650022421648354
3.6711499390701863
3.605388542207534
3.3464393446710154
3.951043970563244
2.610577243331642
3.4800836951874485
2.699513850319966
3.917626443873359
3.4613201402110088
2.8962915290459286
3.850715778845018
3.438721875540867
3.6029100796497273
3.0269868333592873
2.872905595320056
3.503258334775645
2.918295834054489
2.918295834054489
3.238901256602631
3.182005814760214
3.450028875448466
3.9183559895078512
3.489022055454727
3.1375375112660513
2.9139770731827523
1.584962500721156
1.5510981710072647
2.3577174691301486
2.2785384694480966
3.3248629576173574
3.7417292966721747
3.6313883471435844
3.09306920777189
4.109255209025446
2.7321588913645707
1.584962500721156
4.107683130957862
1.584962500721156
3.2210972500579564
3.4992275471326932
3.4830741894285695
3.5424812503605785
3.419381945646371
1.584962500721156
3.315977716456259
