Shannon_Entropy
1.9508257945180885
2.4634582986483036
1.4591479170272446
1.8676338909712125
1.8423709931771084
2.064042639445697
2.463458298648303
2.349601752714581
2.349601752714581
1.7924812503605778
1.9473387961875537
1.8423709931771086
1.789929075309999
2.1280852788913944
2.4092672522514684
2.4056390622295662
2.1887870678023824
1.9657678078192218
2.125814583693911
2.224601752714581
2.5
1.7295739585136223
1.676737030052133
2.0349409139562287
2.2608203181716595
2.603074189428569
2.5967916319816364
1.789929075309999
2.125814583693911
2.4137995646056805
2.049452072789394
1.7489992230622806
1.6767370300521325
2.049452072789394
1.8937666738014507
2.0349409139562287
1.4591479170272448
1.8676338909712125
1.6171895725927152
1.57797720011724
1.8776205033895346
1.789929075309999
1.7924812503605778
1.771782221599798
2.0874628412503395
2.1916116417513782
1.8702538164316223
1.8702538164316223
2.125814583693911
1.6140054628542202
2.1179631753145163
2.2890179898186576
1.8919954870390203
2.0349409139562287
2.202819531114783
2.049452072789394
1.9877733714879842
2.0349409139562287
2.0
2.125814583693911
2.3192407046368486
2.2608203181716595
2.217021885879718
1.786040671505737
1.75
1.8676338909712125
2.078491674029184
2.077819531114783
1.4591479170272446
1.93012496531497
1.867633890971212
1.9473387961875537
1.4591479170272448
2.0566416671474372
2.125814583693911
2.3854738558287614
1.789929075309999
1.4833557549816874
2.219240704636849
1.965596230357602
2.289017989818658
1.8109294169317733
1.8402855730017518
1.4591479170272446
2.063458298648303
1.9274512249645188
2.5073801024236357
2.4801063542388926
1.896240625180289
2.0874628412503395
2.0708097626670687
1.532914563979398
1.8339272176418302
2.049452072789394
1.7924812503605778
2.1440239107574226
2.1735572622751853
1.9764892117991657
1.8702538164316223
1.867633890971212
2.125814583693911
1.7055872616982601
1.7924812503605778
2.473851389610045
1.896240625180289
2.292481250360578
1.8429794031805924
2.3208020839342964
1.8322628970242685
1.3609640474436813
2.1814963295286756
1.7709505944546688
2.1179631753145163
2.146465798504072
1.8676338909712125
1.867633890971212
2.322756958897399
1.8919954870390203
1.789929075309999
1.9852281360342514
2.098579861712074
1.6258145836939115
1.8676338909712125
1.7924812503605778
1.9237949406953985
1.867633890971212
1.7295739585136223
1.6858157091530304
1.7201755527081777
2.0
1.5002723456084084
2.41379956460568
1.867633890971212
2.615804531940251
2.0874628412503395
1.6171895725927152
1.9238561897747248
2.395998870534841
2.125814583693911
2.349601752714581
2.9288516166521186
2.2516291673878226
2.6468968275521574
2.049452072789394
2.1633347891038204
2.4634582986483036
2.353533948577482
2.353533948577482
1.6691803368667308
1.6188386818320677
1.8695128824978458
1.4056390622295665
1.789929075309999
2.1416195253341384
1.4591479170272448
2.1837548319239213
2.049452072789394
1.7924812503605778
2.5967916319816364
1.893766673801451
2.5073801024236357
2.0202442071537563
1.3787834934861753
1.867633890971212
2.049452072789394
2.125814583693911
1.8676338909712125
2.260820318171659
2.049452072789394
1.7924812503605778
2.349191770915039
1.8676338909712125
1.9898980954642875
2.146465798504072
1.7464657985040721
1.867633890971212
1.867633890971212
1.7709505944546688
1.807354922057604
1.8572349601244693
2.125814583693911
1.8009709569877816
1.9211854965885542
2.279799131837405
1.8676338909712125
1.676737030052133
2.5073801024236357
2.049452072789394
2.353533948577482
1.822815600352516
1.9591479170272446
2.1258145836939115
2.125814583693911
1.9852281360342514
1.6577427265048887
1.896240625180289
2.049452072789394
2.606238928653389
2.353533948577482
2.153291231890481
1.8676338909712125
1.8740217065543314
2.2890179898186576
2.049452072789394
1.8676338909712125
2.555913095175825
1.7924812503605778
2.4137995646056805
2.049452072789394
1.4591479170272448
1.676737030052133
2.049452072789394
1.7295739585136223
1.6644977792004614
1.676737030052133
1.9358825414799603
2.0980685120588385
1.7634893002931975
2.322756958897399
2.2856005389623073
1.9591479170272446
2.125814583693911
2.472905595320056
2.049452072789394
1.7244078178625923
2.0
2.199687794731328
2.292481250360578
1.8230264907128848
2.5073801024236357
2.049452072789394
1.4985565877025644
2.049452072789394
1.9211854965885544
1.4591479170272446
2.0985798617120746
2.1607047528877827
1.6644977792004614
2.049452072789394
1.8676338909712125
2.322756958897399
1.885377505769539
2.1179631753145163
2.011920928594794
1.7841591278514217
1.9398844292635018
2.078491674029184
1.8810947601100745
2.1405180562767114
2.049452072789394
1.867633890971212
1.867633890971212
1.561278124459133
1.9473387961875537
1.6171895725927152
1.8322488896002305
2.2492870686521593
1.93012496531497
1.8676338909712125
1.6858157091530304
2.4056390622295662
2.606238928653389
1.6767370300521325
2.1440239107574226
1.8676338909712125
1.676737030052133
2.353533948577482
2.049452072789394
2.646782221599798
1.7924812503605778
1.484684315278138
2.049452072789394
2.1735572622751858
1.867633890971212
2.125814583693911
2.0345967698902103
1.8676338909712125
1.8617022325423545
2.5956475948986433
2.5
2.1800365325772657
1.8026771823757157
1.8676338909712125
1.6140391722983354
2.5073801024236357
1.5487949406953985
1.75
2.049954741862505
2.049452072789394
2.125814583693911
2.279799131837405
2.292481250360578
1.9508257945180885
1.867633890971212
2.0015419333359277
1.7527152789797047
1.7448425317532439
2.199687794731328
2.349601752714581
2.1416195253341384
1.4304606556668427
1.6644977792004616
1.7019011889093374
2.1179631753145163
2.1739731346044096
1.7381493331928661
1.875
1.4911148500551858
2.272499455586694
2.0349409139562287
2.199687794731328
2.292481250360578
2.0
2.049452072789394
2.049452072789394
2.0930692077718898
1.789929075309999
2.125814583693911
1.8676338909712125
1.896240625180289
2.1280852788913944
2.064042639445697
1.7924812503605778
2.33012496531497
1.7819755379351712
1.612197222702993
1.950212064914747
1.9591479170272446
1.6644977792004614
1.945035565875688
1.867633890971212
2.5871347239049203
1.3843521404620467
1.4145502335655722
1.896240625180289
1.822815600352516
1.5394847569315018
1.676737030052133
2.463458298648303
1.5566567074628228
1.9591479170272446
1.8919954870390203
2.219240704636849
1.8423709931771086
2.117344207977935
1.8799649487271108
1.4591479170272448
2.4634582986483036
2.219240704636849
2.049452072789394
2.125814583693911
1.6767370300521325
1.6767370300521325
2.2492870686521593
2.078491674029184
2.0874628412503395
2.125814583693911
1.7924812503605778
1.896240625180289
1.789929075309999
1.6858157091530304
1.867633890971212
2.199687794731328
2.049452072789394
2.0626292251414347
2.125814583693911
1.8423709931771084
1.789929075309999
2.1179631753145163
1.789929075309999
2.125814583693911
2.260820318171659
2.128085278891394
2.1887870678023824
2.5580510765444573
2.1370171249466274
2.0294069451656007
1.7295739585136223
1.9091717851902883
1.8676338909712125
2.0294069451656007
2.049452072789394
1.8552419173638843
2.33012496531497
1.7924812503605778
1.789929075309999
2.205109900073869
1.8423709931771084
2.260820318171659
2.049452072789394
2.3208020839342964
1.4591479170272446
2.0580531366523855
2.4404040177209283
1.8676338909712125
1.9877733714879842
1.8442161038173164
1.9774610668819972
2.0
1.7924812503605778
2.5580510765444573
2.049452072789394
2.499544305608131
2.049452072789394
1.7743974703476992
1.6858157091530304
1.8423709931771084
1.6858157091530304
2.049452072789394
1.4591479170272448
2.403677461028802
2.077819531114783
1.8423709931771084
2.040223928941852
2.1440239107574226
1.6171895725927152
2.260820318171659
1.9528195311147831
1.4591479170272448
2.1967916319816365
1.896240625180289
2.258846120761488
1.896240625180289
2.1394371271994794
2.0349892602919413
2.3483943455364034
1.9751060324573733
2.040223928941852
2.049452072789394
1.9591479170272446
1.950212064914747
2.3192407046368486
2.002910079649727
2.292481250360578
1.8676338909712125
2.3355055565170972
2.3244093931715555
1.8702538164316223
1.9211854965885542
2.463458298648303
1.7735572622751854
1.7924812503605778
2.1967916319816365
1.8024212838293647
1.6858157091530304
2.3918309455325977
2.0349409139562287
1.9056390622295665
2.125814583693911
2.1735572622751853
1.9015064025015063
2.0985798617120746
1.7924812503605778
1.6258145836939115
2.0985798617120746
1.7381493331928664
2.4137995646056805
1.9473387961875537
1.5536577842963508
1.9211854965885544
1.7924812503605778
2.292481250360578
1.789929075309999
1.6451276618033936
1.8676338909712125
1.7233083338141042
1.7854752972273344
1.6729055953200562
1.6457113704075788
1.6858157091530304
2.292481250360578
2.049452072789394
1.7394098952052532
2.049452072789394
1.789929075309999
2.074164743022575
2.153291231890481
1.760495029766198
2.1179631753145163
2.0349409139562287
2.4137995646056805
2.4137995646056805
2.4137995646056805
2.2823333564765975
2.2823333564765975
2.556656707462823
2.556656707462823
2.556656707462823
2.556656707462823
1.789929075309999
1.789929075309999
1.789929075309999
1.789929075309999
1.789929075309999
2.4137995646056805
2.4137995646056805
2.4137995646056805
2.556656707462823
2.556656707462823
2.556656707462823
2.556656707462823
2.2823333564765975
2.2823333564765975
2.556656707462823
2.556656707462823
2.556656707462823
2.556656707462823
1.789929075309999
1.789929075309999
1.789929075309999
1.789929075309999
1.789929075309999
2.4137995646056805
2.4137995646056805
2.4137995646056805
2.556656707462823
2.556656707462823
2.556656707462823
2.556656707462823
1.789929075309999
1.789929075309999
1.789929075309999
1.789929075309999
1.789929075309999
1.9591479170272446
2.258096028412048
2.3627402784989338
1.780672129520887
2.049452072789394
1.6171895725927152
1.7924812503605778
1.8676338909712125
2.260820318171659
1.3520301017579528
2.353533948577482
1.9211854965885544
1.789929075309999
1.7381493331928664
1.3787834934861753
1.676737030052133
2.049452072789394
2.0
2.5967916319816364
1.75
2.0602489763846963
1.867633890971212
2.2608203181716595
1.8676338909712125
2.0
2.1179631753145163
1.9591479170272446
1.9392365361682793
2.0349409139562287
1.8676338909712125
2.4404040177209283
1.8676338909712125
2.102187170949333
2.049452072789394
2.124668671345875
2.049452072789394
2.080500530640267
2.199687794731328
2.049452072789394
1.6644977792004614
2.049452072789394
2.353533948577482
2.199687794731328
2.359879028736861
1.676737030052133
1.867633890971212
2.292481250360578
2.05632607578088
1.867633890971212
2.1440239107574226
1.6858157091530304
2.5073801024236357
1.8763576394898522
2.5580510765444573
1.9669171866886992
2.146782221599798
2.4904918456875818
2.3942811477133943
2.040223928941852
2.279799131837405
2.349601752714581
2.049452072789394
1.7924812503605778
2.71465044054105
1.789929075309999
1.6511972890007982
2.646782221599798
1.4056390622295665
2.260820318171659
2.353533948577482
1.6143308351592656
2.0379154119304594
1.7924812503605778
2.33012496531497
1.5485806065228545
1.8676338909712125
2.0131324651707385
1.789929075309999
2.1416195253341384
2.4092672522514684
1.7709505944546688
2.0349409139562287
2.049452072789394
2.292481250360578
2.125814583693911
2.125814583693911
1.3921472236645345
2.4634582986483036
2.771782221599798
1.896240625180289
2.353533948577482
2.125814583693911
2.3627402784989338
2.292481250360578
2.6197489654321893
2.125814583693911
1.4591479170272448
2.0
1.789929075309999
2.205109900073869
2.1711395066729176
1.867633890971212
1.75
1.8676338909712125
1.7924812503605778
2.125814583693911
2.0
1.8676338909712125
2.3192407046368486
2.41379956460568
2.049452072789394
2.4014473774842418
2.1280852788913944
1.8676338909712125
1.7247564826032797
2.248529327128576
1.9102699414555262
2.0349409139562287
2.049452072789394
1.676737030052133
2.0741647430225756
1.8423709931771086
1.573402452417767
2.0
2.33012496531497
2.1978233455538234
1.8676338909712125
1.9506562355966124
2.1916116417513782
2.279799131837405
1.867633890971212
1.4355205042826666
2.049452072789394
2.049452072789394
2.1179631753145163
1.7295739585136223
2.125814583693911
2.049452072789394
1.6171895725927152
2.292481250360578
2.1887870678023824
2.3895565292240044
2.0985798617120746
1.8676338909712125
1.2987949406953985
2.125814583693911
1.3787834934861753
1.6143308351592656
1.7924812503605778
1.7345216647797512
1.9877733714879842
1.6858157091530304
2.3208020839342964
2.5073801024236357
2.1179631753145163
2.353533948577482
1.8676338909712125
2.0294069451656007
2.0609640474436812
1.8748587169101305
2.282538271168185
1.896240625180289
2.353533948577482
1.8676338909712125
2.197159723424149
1.867633890971212
1.676737030052133
1.789929075309999
2.049452072789394
1.8676338909712125
2.056020968057881
2.291620193427939
1.75
1.93012496531497
1.9399824743635556
1.4056390622295665
1.867633890971212
2.473851389610045
1.8676338909712125
1.8810947601100745
1.6171895725927152
1.610577243331642
2.472905595320056
2.646782221599798
1.6171895725927152
1.867633890971212
1.8565647621309542
2.292481250360578
1.7080136683823508
1.867633890971212
2.7048275862262883
2.353533948577482
2.353533948577482
1.7924812503605778
1.7924812503605778
1.789929075309999
2.060262039120377
1.8423709931771086
1.9591479170272446
2.443983891233451
2.125
2.125
2.1814963295286756
1.9473387961875537
1.6258145836939115
2.29597512699001
1.8676338909712125
1.6767370300521325
2.1173442079779345
1.8810947601100745
2.1887870678023824
1.9582291686698783
2.4092672522514684
1.9732285161344474
2.353533948577482
2.199687794731328
1.4488156357251847
2.081496329528675
2.606238928653389
2.128085278891394
1.867633890971212
1.8676338909712125
2.2556143083370057
2.292481250360578
2.5967916319816364
1.5058231002082845
2.125814583693911
1.789929075309999
2.078491674029184
1.867633890971212
2.1416195253341384
2.146465798504072
2.7395722619867224
2.396782221599798
2.125814583693911
2.102187170949333
2.5967916319816364
1.8676338909712125
2.011920928594794
2.125814583693911
2.077819531114783
2.1475859896374034
1.9473387961875537
1.8542858719872461
1.5529018256258937
1.8919954870390203
2.049452072789394
2.292481250360578
1.9990298316961874
2.064042639445697
2.022106112739839
2.2783518117113117
1.7924812503605778
1.6171895725927152
2.5559130951758244
1.7924812503605778
2.0349409139562287
1.6577427265048887
1.867633890971212
1.8676338909712125
2.049452072789394
1.867633890971212
2.2192407046368485
2.2890179898186576
2.063458298648303
1.75
1.7130788426267936
2.125814583693911
1.8171245697587872
2.125814583693911
2.208196592277087
1.561278124459133
1.8464393446710154
1.7924812503605778
1.8423709931771088
1.6644977792004614
2.049452072789394
1.7924812503605778
2.6623556225752485
2.049452072789394
2.049452072789394
1.858066360087193
2.544876086303668
1.75
2.292481250360578
2.049452072789394
2.125
1.75
2.0
2.3227569588973984
2.1837548319239213
1.867633890971212
1.6171895725927152
2.1179631753145163
1.4591479170272446
1.8083897058078202
2.125814583693911
1.8230264907128848
1.7295739585136223
1.4488156357251847
1.4591479170272448
1.867633890971212
2.440404017720928
2.199687794731328
1.7381493331928661
2.049452072789394
1.4591479170272446
2.1179631753145163
1.867633890971212
1.6644977792004614
2.125814583693911
2.2192407046368485
2.556656707462823
2.125814583693911
1.6171895725927152
2.521782221599798
1.9519647874121275
2.1422669145872657
1.7693118081047832
1.9508257945180885
2.440404017720928
1.7924812503605778
2.199687794731328
2.049452072789394
2.125814583693911
1.867633890971212
2.0349409139562287
2.049452072789394
1.7028195311147831
2.7942385860214767
2.6756981353679867
2.2890179898186576
1.4854752972273344
2.049452072789394
2.049452072789394
1.8853775057695388
1.8676338909712125
2.4404040177209283
1.6858157091530304
2.049452072789394
1.8676338909712125
2.521782221599798
1.6858157091530304
1.9558917782837364
1.789929075309999
1.789929075309999
1.7841591278514217
2.040223928941852
1.856564762130954
2.1280852788913944
1.879964948727111
1.8676338909712125
2.125814583693911
1.896240625180289
1.6258145836939115
1.8423709931771084
2.17868426995577
1.8423709931771084
1.8230264907128848
1.8810947601100747
1.8676338909712125
1.8676338909712125
1.9591479170272446
1.5394847569315018
2.049452072789394
1.775523493673489
2.077819531114783
2.1464657985040723
2.125814583693911
1.8751310486364097
1.6893917467430877
1.75
2.1739731346044096
1.867633890971212
1.5394847569315018
2.128085278891394
1.7924812503605778
2.1607047528877827
2.0349409139562287
2.049452072789394
1.7527152789797045
2.5
2.474601752714581
1.9591479170272446
1.7924812503605778
1.7055872616982601
2.1739731346044096
2.049452072789394
2.292481250360578
1.991076059838222
1.676737030052133
2.292481250360578
1.789929075309999
2.0
1.8676338909712125
1.9814963295286754
2.0985798617120746
1.6632953937102577
1.8676338909712125
1.6858157091530304
1.4488156357251847
2.0
2.353533948577482
2.217021885879718
2.157912166762854
1.676737030052133
1.7381493331928664
1.6644977792004614
2.1416195253341384
1.9508257945180885
1.8676338909712125
2.077819531114783
1.8423709931771084
1.5916727785823275
1.780672129520887
1.5216406363433184
1.8799649487271108
2.1462406251802895
1.867633890971212
2.1887870678023824
1.7489992230622806
1.896240625180289
1.676737030052133
2.284564952251346
1.6053859366744923
1.5306189948485172
2.049452072789394
1.789929075309999
1.6171895725927152
2.5073801024236357
2.1887870678023824
2.063458298648303
1.9591479170272446
2.0300872246321315
1.6171895725927152
1.9696964835242619
2.254447578972094
1.7924812503605778
2.278351811711312
1.8423709931771084
2.125814583693911
2.1532912318904804
1.9591479170272446
2.100388101863302
1.972402555403382
2.0609640474436812
1.789929075309999
2.1179631753145163
2.049452072789394
2.292481250360578
1.8810947601100747
1.6767370300521325
2.049452072789394
2.199687794731328
1.8676338909712125
1.7295739585136223
2.119240704636849
1.7924812503605778
1.8676338909712125
2.375
1.780672129520887
1.9331806828254807
1.867633890971212
2.049452072789394
1.7884504573082893
1.9746017527145814
2.322756958897399
1.7841591278514217
2.049452072789394
1.789929075309999
2.5
2.116299605701696
1.9091717851902885
1.8322488896002305
1.7924812503605778
1.9751060324573733
1.676737030052133
2.125814583693911
2.0112675700127736
1.9591479170272446
1.789929075309999
2.125814583693911
2.199687794731328
2.5633811485511995
2.4137995646056805
2.049452072789394
2.0
2.403677461028802
2.260820318171659
2.1887870678023824
1.4604846813131116
1.8958079609312743
2.199687794731328
2.2569089895583545
1.789929075309999
2.3627402784989338
1.789929075309999
2.2485731395538666
2.125814583693911
1.8423709931771086
1.8676338909712125
1.7924812503605778
1.7924812503605778
2.049452072789394
2.4634582986483036
1.8676338909712125
2.292481250360578
1.867633890971212
2.0349409139562287
1.945530556036326
1.8230264907128848
2.3627402784989338
2.049452072789394
1.867633890971212
2.116299605701696
2.146465798504072
2.146465798504072
2.146465798504072
2.146465798504072
2.146465798504072
2.146465798504072
2.146465798504072
2.146465798504072
2.146465798504072
2.146465798504072
2.146465798504072
2.146465798504072
2.146465798504072
2.146465798504072
2.146465798504072
2.146465798504072
2.146465798504072
2.146465798504072
2.146465798504072
2.146465798504072
2.202819531114783
2.1739731346044096
1.7796971577705327
2.049452072789394
1.6644977792004614
2.049452072789394
1.8676338909712125
1.4294732983598406
2.049452072789394
1.7924812503605778
2.440404017720928
1.7841591278514217
1.867633890971212
1.9508257945180885
2.292481250360578
2.13831831092668
2.5566567074628237
1.676737030052133
2.1784857337562045
2.1179631753145163
2.049452072789394
2.219240704636849
1.8050416913014387
1.822815600352516
2.181899057917561
2.4634582986483036
2.077819531114783
1.780672129520887
2.278351811711312
1.9254106352407234
1.7574839898128802
1.965596230357602
2.119240704636849
2.0741647430225756
1.8751310486364097
1.7924812503605778
1.9591479170272446
1.5422715299821268
1.998778124459133
2.599728581767422
1.8676338909712125
1.8676338909712125
2.2132982820604443
2.2132982820604443
1.867633890971212
1.867633890971212
2.2132982820604443
2.2132982820604443
1.867633890971212
1.867633890971212
1.5304930567574826
1.780672129520887
1.5394847569315018
1.676737030052133
2.874885305323195
1.9591479170272446
1.8676338909712125
1.950212064914747
2.1179631753145163
1.75
1.6691803368667308
2.064042639445697
2.049452072789394
1.950212064914747
2.322756958897399
2.375
2.0349409139562287
2.049452072789394
2.064042639445697
2.199687794731328
1.8676338909712125
2.4404040177209283
2.1440239107574226
2.353533948577482
2.2096909728231857
1.4606617768920682
2.1887870678023824
2.049452072789394
2.403677461028802
2.098579861712074
2.1416195253341384
1.9211854965885544
1.7924812503605778
1.8676338909712125
2.25
1.9473387961875537
2.1735572622751853
1.9669171866886992
1.6171895725927152
1.849723217536747
1.896240625180289
1.4591479170272448
2.125814583693911
1.789929075309999
2.1258145836939115
1.9591479170272446
2.049452072789394
2.049452072789394
2.049452072789394
1.6171895725927152
1.8810947601100747
1.75
1.7924812503605778
1.676737030052133
2.3227569588973984
2.049452072789394
2.049452072789394
1.676737030052133
2.353533948577482
1.75
2.1179631753145163
2.8872103113389795
1.789929075309999
2.6062389286533896
2.292481250360578
1.896240625180289
2.2516291673878226
2.1258145836939115
1.6893917467430877
2.1440239107574226
2.125814583693911
2.357476225406986
2.049452072789394
2.2312702546075753
2.0814963295286755
1.7924812503605778
1.9877733714879842
1.9473387961875537
2.4634582986483036
1.7924812503605778
2.606238928653389
1.8746619273846248
1.8919954870390203
1.6140054628542202
1.9698524347637507
2.0349409139562287
1.4591479170272446
2.482509163888911
2.1440239107574226
2.094856783548739
1.867633890971212
1.789929075309999
2.292481250360578
1.676737030052133
2.353533948577482
2.1429146733542535
1.8210319581338212
1.9877733714879842
2.4137995646056805
1.867633890971212
1.6043855712075719
1.4488156357251847
2.049452072789394
2.049452072789394
2.292481250360578
2.0349409139562287
2.375
1.8389205950315937
1.6140054628542202
2.049452072789394
1.8799649487271108
2.125814583693911
1.6893917467430877
1.8676338909712125
2.064042639445697
2.0349409139562287
2.196791631981637
1.8676338909712125
1.9211854965885542
1.7464657985040721
2.1638909867280645
1.780672129520887
2.125814583693911
1.780672129520887
1.9591479170272446
1.9504809632118367
2.556656707462823
2.125814583693911
2.521782221599798
1.6644977792004614
1.9591479170272446
1.896240625180289
2.278351811711312
2.125814583693911
1.822815600352516
2.3627402784989338
1.4488156357251847
1.7924812503605778
2.4404040177209283
1.676737030052133
1.4591479170272446
2.0
2.1179631753145163
2.196957186327418
2.292481250360578
2.292481250360578
1.8676338909712125
1.7924812503605778
1.6171895725927152
2.049452072789394
2.260820318171659
2.33012496531497
1.7924812503605778
1.8676338909712125
2.128085278891394
2.0349409139562287
1.7924812503605778
1.9732285161344474
1.789929075309999
2.125814583693911
2.021276427932233
1.7895263323230748
2.2096909728231857
2.000080876099379
1.896240625180289
2.6062389286533896
2.463458298648303
1.6143308351592656
1.6577427265048887
1.9056390622295665
2.3627402784989338
2.2890179898186576
1.9877733714879842
2.0349409139562287
1.6644977792004614
1.6143308351592656
1.8498687225851778
1.1728873879480268
1.4524332672602374
2.463458298648303
2.049452072789394
2.349601752714581
1.9877733714879842
1.867633890971212
2.440404017720928
1.6171895725927152
1.8676338909712125
2.125814583693911
2.1416195253341384
1.9015064025015063
2.521782221599798
1.9125056054120886
1.9877733714879842
2.1967916319816365
2.8150724101159423
1.867633890971212
1.6704443779638738
2.2096909728231857
1.8676338909712125
2.440404017720928
2.2516291673878226
2.1416195253341384
2.0349409139562287
2.049452072789394
2.125814583693911
2.049452072789394
2.091917186688699
1.6858157091530304
1.8423709931771084
2.606238928653389
1.9528195311147831
1.6691803368667308
2.0814963295286755
2.0
1.9591479170272446
2.1735572622751853
1.7924812503605778
1.8146917507993539
2.3627402784989338
2.5073801024236357
2.463458298648303
2.219240704636849
2.049452072789394
1.650022421648354
1.6258145836939115
1.7924812503605778
1.676737030052133
1.676737030052133
1.9877733714879842
2.0814963295286755
2.049452072789394
2.199687794731328
1.6171895725927152
1.867633890971212
1.8073549220576042
1.7841591278514217
1.9473387961875537
2.0300872246321315
2.0294069451656007
2.049452072789394
2.125814583693911
2.049452072789394
2.049452072789394
2.056007579312328
1.9628150414142904
2.284564952251346
2.0
2.199687794731328
2.049452072789394
1.9852281360342514
2.1179631753145163
1.7295739585136223
2.1372609141059775
1.4949188482339508
2.4634582986483036
1.9814963295286754
2.359879028736861
2.349601752714581
2.038760752862686
2.0
2.353533948577482
1.8799649487271108
1.8804820237218407
1.9528195311147831
2.077819531114783
1.9301249653149701
1.7120954362128464
2.3244093931715555
1.4591479170272448
2.359879028736861
2.125814583693911
1.4056390622295665
2.3942811477133943
2.260820318171659
2.049452072789394
2.353533948577482
2.260820318171659
2.1843170282144424
1.9990298316961874
1.4591479170272448
2.1280852788913944
2.292481250360578
1.7884504573082896
1.676737030052133
2.049452072789394
1.4591479170272446
1.7924812503605778
1.6644977792004614
1.7924812503605778
2.125814583693911
1.676737030052133
2.2200683022340693
2.1426643555488485
2.0119209285947934
2.1967916319816365
1.9591479170272446
2.260820318171659
2.1887870678023824
2.125814583693911
1.7924812503605778
1.7004397181410922
2.353533948577482
2.0814963295286755
2.4017032636186313
1.4591479170272448
2.049452072789394
1.5279721499853838
1.8676338909712125
1.8919954870390203
2.2608203181716595
1.6171895725927152
1.5709505944546687
2.202819531114783
1.9732285161344474
1.867633890971212
2.049452072789394
2.1258145836939115
1.8676338909712125
2.1416195253341384
2.125814583693911
2.649089394749299
2.463458298648303
1.8676338909712125
2.463458298648303
2.278351811711312
1.780672129520887
1.93012496531497
2.0349409139562287
1.7743974703476992
1.6707145064847897
1.3323527944563267
1.9814963295286754
2.0
1.9591479170272446
2.3068905956085186
2.049452072789394
1.8676338909712125
1.8676338909712125
2.260820318171659
2.6756981353679867
2.1040437177782714
2.199687794731328
2.521782221599798
1.6691803368667308
2.125814583693911
1.875
1.789929075309999
1.5394847569315018
1.6577427265048887
1.789929075309999
2.125
2.077819531114783
2.349601752714581
2.219240704636849
2.440404017720928
2.463458298648303
1.8676338909712125
1.4591479170272446
2.3720946377956236
1.5487949406953985
2.353533948577482
1.7534343861887849
1.5487949406953985
1.914341183612352
1.4056390622295665
1.9898980954642875
1.676737030052133
2.0
2.049452072789394
1.7924812503605778
1.789929075309999
2.128085278891394
1.6893917467430877
1.8676338909712125
2.25
2.322756958897399
1.8423709931771084
2.4137995646056805
1.8024212838293647
2.146782221599798
1.6430741894285696
1.7450972181704332
2.3082708345352603
1.676737030052133
2.521782221599798
1.6644977792004614
2.646782221599798
2.2890179898186576
1.6644977792004614
1.8423709931771084
2.049452072789394
2.199687794731328
1.5628066316931741
2.292481250360578
2.049452072789394
2.353533948577482
1.7709505944546688
1.7924812503605778
1.9972264631946568
1.949137865273585
2.049452072789394
1.8676338909712125
1.8182626942811975
2.125814583693911
2.040223928941852
2.25
1.8810947601100745
2.177694271103767
1.867633890971212
1.4591479170272446
1.870253816431622
2.0119209285947934
1.8085947862963574
2.474601752714581
1.9591479170272446
2.224601752714581
1.8676338909712125
1.8810947601100747
1.950212064914747
1.6644977792004614
2.049452072789394
2.260820318171659
1.4488156357251847
1.75
2.217021885879718
2.125814583693911
1.8423709931771086
1.867633890971212
2.125814583693911
1.8810947601100745
2.292481250360578
1.6644977792004614
1.6171895725927152
1.9591479170272446
2.2608203181716595
1.8676338909712125
1.8676338909712125
2.1887870678023824
1.8676338909712125
2.25
2.375
2.224601752714581
1.789929075309999
2.125814583693911
1.7924812503605778
1.4591479170272448
2.021782221599798
2.04445108611554
1.760495029766198
2.260820318171659
2.080500530640267
2.161541933335928
2.0107919747790985
1.8919954870390203
1.867633890971212
1.6858157091530304
1.4591479170272446
2.023219672335508
1.573402452417767
2.5967916319816364
1.867633890971212
1.8073549220576042
1.8073549220576042
1.8073549220576042
1.8073549220576042
1.8073549220576042
1.8073549220576042
1.8073549220576042
1.8073549220576042
1.8073549220576042
1.8073549220576042
1.8073549220576042
1.8073549220576042
1.8073549220576042
1.8073549220576042
1.8073549220576042
1.8073549220576042
1.8073549220576042
1.8073549220576042
1.8073549220576042
1.8073549220576042
1.8073549220576042
1.8073549220576042
1.8073549220576042
1.8073549220576042
1.8073549220576042
1.8073549220576042
1.8073549220576042
1.8073549220576042
1.8073549220576042
1.8073549220576042
1.8073549220576042
1.8073549220576042
1.8073549220576042
1.8073549220576042
1.8073549220576042
1.8073549220576042
1.8073549220576042
1.8073549220576042
1.8073549220576042
1.8073549220576042
1.8073549220576042
2.049452072789394
2.33012496531497
1.9669171866886992
2.049452072789394
2.252007782600493
2.049452072789394
2.125
2.049452072789394
1.6143308351592656
2.199687794731328
2.049452072789394
1.9211854965885544
2.0349409139562287
1.9528195311147831
2.125814583693911
2.0985798617120746
2.375
1.9473387961875537
2.3305576533947314
2.5967916319816364
2.2608203181716595
1.6858157091530304
2.049452072789394
2.25
2.049452072789394
1.9591479170272446
1.4591479170272448
1.7295739585136223
1.879964948727111
1.8676338909712125
2.1607047528877827
1.9211854965885542
2.146782221599798
2.440404017720928
2.440404017720928
1.7924812503605778
2.389310912792836
2.3068905956085186
2.119973094021975
2.125814583693911
2.292481250360578
2.049452072789394
2.2810361125534233
2.463458298648303
1.867633890971212
2.0349409139562287
1.9192407046368487
1.75
1.6577427265048887
2.119240704636849
1.760495029766198
1.896240625180289
2.0
1.8423709931771084
1.521958985917474
1.6258145836939115
2.556656707462823
1.6171895725927152
2.1887870678023824
2.3594559773258243
2.049452072789394
2.1003685170827624
2.039148671903071
2.039148671903071
2.2485658984470915
1.9473387961875537
2.129567987418323
1.9211854965885542
1.870092014790334
1.6858157091530304
2.049452072789394
2.128085278891394
1.780672129520887
1.7924812503605778
2.278351811711312
2.3942811477133943
1.7924812503605778
2.125814583693911
2.049452072789394
2.5967916319816364
2.5580510765444573
2.2200683022340693
2.0157404324930677
2.0387607528626854
2.1837548319239213
1.6858157091530304
2.078491674029184
1.7924812503605778
1.9211854965885544
2.349601752714581
1.8676338909712125
2.2492870686521593
1.789929075309999
1.5943609377704338
2.359879028736861
2.077819531114783
1.7566565886789294
1.8423709931771084
2.038760752862686
2.260820318171659
2.292481250360578
2.375
2.0
1.8676338909712125
1.6858157091530304
2.353533948577482
2.049452072789394
2.125814583693911
1.7819755379351712
2.125814583693911
1.8676338909712125
1.6437467252491234
1.7924812503605778
2.125814583693911
1.7534343861887849
2.0300872246321315
1.9508257945180885
1.9437800820898188
1.8810947601100745
2.125814583693911
1.789929075309999
1.4591479170272446
2.1887870678023824
1.8799649487271108
2.556656707462823
2.771782221599798
1.760495029766198
2.260820318171659
1.7924812503605778
2.260820318171659
1.6644977792004614
1.9399824743635556
2.212503842372268
2.049452072789394
2.4137995646056805
1.7550152700007615
1.531019685865786
2.125814583693911
1.7924812503605778
2.4092672522514684
2.125814583693911
2.463458298648303
1.8339272176418302
1.6858157091530304
2.463458298648303
1.7381493331928664
1.6858157091530304
1.7924812503605778
1.8676338909712125
1.4591479170272446
1.5486241546053248
1.789929075309999
1.4911148500551854
2.161666470700147
1.8702538164316223
2.040223928941852
2.490541871940574
2.1739731346044096
2.353533948577482
2.220068302234069
2.049452072789394
1.6143308351592656
1.4355205042826666
2.353533948577482
1.7004397181410922
1.8676338909712125
2.572647712834306
1.4949188482339508
2.049452072789394
1.789929075309999
1.6644977792004614
2.4225797618424916
1.8676338909712125
1.9473387961875537
1.9877733714879842
1.789929075309999
2.403677461028802
2.1416195253341384
1.870253816431622
1.8702538164316223
2.353533948577482
1.9473387961875537
1.6258145836939115
2.4404040177209283
1.896240625180289
2.292481250360578
2.0349409139562287
1.9993073294931034
2.049452072789394
1.2987949406953985
2.202819531114783
2.217021885879718
1.6767370300521325
2.1179631753145163
1.8676338909712125
1.9877733714879842
1.7841591278514217
1.93012496531497
1.950212064914747
2.078491674029184
1.8542858719872461
2.3627402784989338
2.271782221599798
1.6858157091530304
2.049452072789394
2.049452072789394
2.146465798504072
1.7055872616982601
2.125814583693911
1.6171895725927152
1.617189572592715
2.7571740585819353
2.499544305608131
2.260820318171659
1.7924812503605778
1.4591479170272448
1.3921472236645345
1.676737030052133
1.6858157091530304
2.353533948577482
1.789929075309999
2.049452072789394
2.349601752714581
2.130926080730337
2.064042639445697
1.789929075309999
1.676737030052133
2.217021885879718
2.102187170949333
2.1179631753145163
2.064042639445697
2.292481250360578
1.789929075309999
1.676737030052133
1.867633890971212
2.25
2.375
2.049452072789394
1.9814963295286754
1.8676338909712125
1.6802596603683218
1.9319088506255881
1.896240625180289
1.6893917467430877
2.1258145836939115
2.0349409139562287
2.049452072789394
2.292481250360578
1.914341183612352
2.1258145836939115
1.8939488417088026
2.0705934438130758
2.181899057917561
1.7924812503605778
2.049452072789394
2.279799131837405
1.676737030052133
1.6644977792004614
1.9502120649147467
2.646782221599798
1.8676338909712125
1.6171895725927152
2.1258145836939115
1.657742726504889
1.4949188482339508
2.049452072789394
2.119240704636849
2.049452072789394
1.75
1.871636832693604
2.3942811477133943
1.7758589482446405
2.292481250360578
2.1280852788913944
1.7924812503605778
1.8676338909712125
1.7947367178034825
2.292481250360578
1.7924812503605778
1.8423709931771084
1.295461844238322
1.676737030052133
1.950212064914747
2.396782221599798
2.306256857196538
2.25
1.9416470146081055
2.2492870686521593
2.1967916319816365
2.078491674029184
1.6322683996633867
2.1405180562767114
2.022106112739839
2.353533948577482
2.125814583693911
2.125814583693911
1.8676338909712125
1.40667412562122
1.8320067278320251
2.1464657985040723
1.683178379400694
2.1173442079779345
1.4591479170272448
1.7263472243434208
1.8796951114470148
1.9852281360342514
2.1837548319239213
1.8423709931771088
2.5566567074628237
1.676737030052133
1.676737030052133
2.292481250360578
1.8676338909712125
2.084182984933787
2.292481250360578
2.3221793455166666
2.049452072789394
1.7924812503605778
2.049452072789394
1.2516291673878228
1.9591479170272446
1.8676338909712125
1.3516441151533922
2.049452072789394
1.896240625180289
1.6140054628542202
1.9746017527145812
1.9628150414142904
1.6171895725927152
1.8676338909712125
2.0814963295286755
2.2890179898186576
2.260820318171659
2.463458298648303
1.8885105964272466
1.9211854965885542
1.789929075309999
1.8262452584026092
1.7055872616982601
2.0349409139562287
1.3787834934861753
1.4591479170272448
1.867633890971212
1.867633890971212
2.1179631753145163
1.6858157091530304
1.965596230357602
1.4949188482339508
2.218437210664321
1.9591479170272446
1.9591479170272446
1.9591479170272446
2.049452072789394
1.7428035122605507
1.676737030052133
1.9591479170272446
1.9591479170272446
1.9591479170272446
1.9591479170272446
1.9591479170272446
1.9591479170272446
1.9591479170272446
1.9591479170272446
1.9591479170272446
1.9591479170272446
1.9591479170272446
1.9591479170272446
1.9591479170272446
1.9591479170272446
1.9591479170272446
1.9591479170272446
1.9591479170272446
1.9591479170272446
1.9591479170272446
1.9591479170272446
1.9591479170272446
1.9591479170272446
1.9591479170272446
1.9591479170272446
1.9591479170272446
1.9591479170272446
1.9591479170272446
1.9591479170272446
1.9591479170272446
1.9591479170272446
1.9591479170272446
1.9591479170272446
1.9591479170272446
1.9591479170272446
1.9591479170272446
1.9591479170272446
1.9591479170272446
1.9591479170272446
1.9591479170272446
1.9591479170272446
1.9591479170272446
1.9591479170272446
1.9591479170272446
1.9591479170272446
1.9591479170272446
1.9591479170272446
1.9591479170272446
1.9591479170272446
1.9591479170272446
1.9591479170272446
1.9591479170272446
1.9591479170272446
1.9591479170272446
1.9591479170272446
1.9591479170272446
1.9591479170272446
1.9591479170272446
1.9591479170272446
1.9591479170272446
1.9591479170272446
1.9591479170272446
1.9591479170272446
1.9591479170272446
1.9591479170272446
1.9591479170272446
1.9591479170272446
1.9591479170272446
1.9591479170272446
1.9591479170272446
1.9591479170272446
1.9591479170272446
1.9591479170272446
1.9591479170272446
1.9591479170272446
1.9591479170272446
1.9591479170272446
1.9591479170272446
1.9591479170272446
1.9591479170272446
1.9591479170272446
1.9591479170272446
1.9591479170272446
1.9591479170272446
1.9591479170272446
1.9591479170272446
1.9591479170272446
1.9591479170272446
1.9591479170272446
1.9591479170272446
1.9591479170272446
1.9591479170272446
1.9591479170272446
1.9591479170272446
1.9591479170272446
1.9591479170272446
1.9591479170272446
1.9591479170272446
1.9591479170272446
1.9591479170272446
1.9591479170272446
1.9591479170272446
1.9591479170272446
1.9591479170272446
1.9591479170272446
1.9591479170272446
1.9591479170272446
1.9591479170272446
1.9591479170272446
1.9591479170272446
1.9591479170272446
1.9591479170272446
1.9591479170272446
1.9591479170272446
1.9591479170272446
1.9591479170272446
1.9591479170272446
1.9591479170272446
1.9591479170272446
1.9591479170272446
1.9591479170272446
1.9591479170272446
1.9591479170272446
1.9591479170272446
1.9591479170272446
1.9591479170272446
1.9591479170272446
1.9591479170272446
1.9591479170272446
1.9591479170272446
1.9591479170272446
1.9591479170272446
1.9591479170272446
1.9591479170272446
1.9591479170272446
1.9591479170272446
1.9591479170272446
1.9591479170272446
1.9591479170272446
1.9591479170272446
1.9591479170272446
1.9591479170272446
1.9591479170272446
1.9591479170272446
1.9591479170272446
1.9591479170272446
1.9591479170272446
1.9591479170272446
1.9591479170272446
1.9591479170272446
1.9591479170272446
1.9591479170272446
1.9591479170272446
1.9591479170272446
1.9591479170272446
1.9591479170272446
1.9591479170272446
1.9591479170272446
1.9591479170272446
1.9591479170272446
1.9591479170272446
1.7295739585136223
1.9591479170272446
1.9591479170272446
1.9591479170272446
1.9591479170272446
1.9591479170272446
1.9591479170272446
1.9591479170272446
1.9591479170272446
1.9591479170272446
1.9591479170272446
1.9591479170272446
1.9591479170272446
1.9591479170272446
1.9591479170272446
1.9591479170272446
1.9591479170272446
1.9591479170272446
1.9591479170272446
1.9591479170272446
1.9591479170272446
1.9591479170272446
1.9591479170272446
1.9591479170272446
1.9591479170272446
1.9591479170272446
1.9591479170272446
1.9591479170272446
1.9591479170272446
1.9591479170272446
1.9591479170272446
1.9591479170272446
1.9591479170272446
1.9591479170272446
1.9591479170272446
1.9591479170272446
1.9591479170272446
1.9591479170272446
1.9591479170272446
1.9591479170272446
1.9591479170272446
1.9591479170272446
1.9591479170272446
1.9591479170272446
1.9591479170272446
1.9591479170272446
1.9591479170272446
1.9591479170272446
1.9591479170272446
1.9591479170272446
1.9591479170272446
1.9591479170272446
1.9591479170272446
1.9591479170272446
1.9591479170272446
1.9591479170272446
1.9591479170272446
1.9591479170272446
1.9591479170272446
1.9591479170272446
1.9591479170272446
1.9591479170272446
1.9591479170272446
1.9591479170272446
1.9591479170272446
1.9591479170272446
1.9591479170272446
1.9591479170272446
1.9591479170272446
1.9591479170272446
1.9591479170272446
1.9591479170272446
1.9591479170272446
1.9591479170272446
1.9591479170272446
1.9591479170272446
1.9591479170272446
1.9591479170272446
1.9591479170272446
1.9591479170272446
1.9591479170272446
1.9591479170272446
1.9591479170272446
1.9591479170272446
1.9591479170272446
1.9591479170272446
1.9591479170272446
1.9591479170272446
1.9591479170272446
1.9591479170272446
1.9591479170272446
1.9591479170272446
1.9591479170272446
1.9591479170272446
1.9591479170272446
1.9591479170272446
1.9591479170272446
1.9591479170272446
1.9591479170272446
1.9591479170272446
1.9591479170272446
1.9591479170272446
1.9591479170272446
1.9591479170272446
1.9591479170272446
1.9591479170272446
1.9591479170272446
1.9591479170272446
1.9591479170272446
1.9591479170272446
1.9591479170272446
1.9591479170272446
1.9591479170272446
1.9591479170272446
1.9591479170272446
1.9591479170272446
1.9591479170272446
1.9591479170272446
1.9591479170272446
1.9591479170272446
1.9591479170272446
1.9591479170272446
1.9591479170272446
1.9591479170272446
1.9591479170272446
1.9591479170272446
1.9591479170272446
1.9591479170272446
1.9591479170272446
1.9591479170272446
1.9591479170272446
1.9591479170272446
1.9591479170272446
1.9591479170272446
1.9591479170272446
1.9591479170272446
1.9591479170272446
1.9591479170272446
1.9591479170272446
1.9591479170272446
1.9591479170272446
1.9591479170272446
1.9591479170272446
1.9591479170272446
1.9591479170272446
1.9591479170272446
1.9591479170272446
1.9591479170272446
1.9591479170272446
1.9591479170272446
1.9591479170272446
1.9591479170272446
1.9591479170272446
1.9591479170272446
1.9591479170272446
1.9591479170272446
1.9591479170272446
1.9591479170272446
1.9591479170272446
1.9591479170272446
1.9591479170272446
1.9591479170272446
1.9591479170272446
1.9591479170272446
1.9591479170272446
1.9591479170272446
1.9591479170272446
1.9591479170272446
1.9591479170272446
1.9591479170272446
1.9591479170272446
1.9591479170272446
1.9591479170272446
1.9591479170272446
1.9591479170272446
1.9591479170272446
1.9591479170272446
1.9591479170272446
1.9591479170272446
1.9591479170272446
1.9591479170272446
1.9591479170272446
1.9591479170272446
1.9591479170272446
1.9591479170272446
1.9591479170272446
1.9591479170272446
1.9591479170272446
1.9591479170272446
1.9591479170272446
1.9591479170272446
1.9591479170272446
1.9591479170272446
1.9591479170272446
1.9591479170272446
1.9591479170272446
1.9591479170272446
1.9591479170272446
1.9591479170272446
1.9591479170272446
1.9591479170272446
1.9591479170272446
1.9591479170272446
1.9591479170272446
1.9591479170272446
1.9591479170272446
1.9591479170272446
1.9591479170272446
1.9591479170272446
1.9591479170272446
1.9591479170272446
1.9591479170272446
1.9591479170272446
1.9591479170272446
1.9591479170272446
1.9591479170272446
1.9591479170272446
1.9591479170272446
1.9591479170272446
1.9591479170272446
1.9591479170272446
2.125814583693911
2.125814583693911
2.199687794731328
2.0294069451656007
2.125814583693911
2.125814583693911
2.2318858528270784
2.0168205030977906
1.8369179809003278
2.3942811477133943
1.8192407046368488
1.9399824743635556
2.049452072789394
1.8810947601100747
1.762875780033049
2.396782221599798
2.646782221599798
1.5617677112802775
2.049452072789394
2.049452072789394
1.780672129520887
2.049452072789394
1.789929075309999
1.3516441151533924
1.8676338909712125
2.3260943250598176
2.049452072789394
2.375
2.393276898108278
1.6140054628542204
2.038760752862686
2.473851389610045
1.7576710282239203
1.676737030052133
1.9852281360342514
1.7028195311147831
1.5394847569315018
2.125814583693911
1.8219280948873622
1.8676338909712125
2.146782221599798
2.049452072789394
2.584962500721156
2.3901316359794045
1.8423709931771088
1.8919954870390203
1.5487949406953985
2.463458298648303
2.125814583693911
1.6644977792004614
2.040223928941852
2.125814583693911
2.1280852788913944
1.4591479170272448
2.0349409139562287
2.5967916319816364
2.3627402784989338
1.780672129520887
1.9369250380438439
2.289017989818658
1.676737030052133
1.9732285161344474
2.292481250360578
2.125814583693911
2.1353503825268683
1.789929075309999
1.8322488896002307
2.061278124459133
1.676737030052133
1.6767370300521325
2.0
1.9211854965885542
2.125814583693911
2.077819531114783
1.789929075309999
2.646782221599798
1.676737030052133
2.5559130951758244
1.9591479170272446
1.789929075309999
2.1837548319239213
1.789929075309999
1.9591479170272446
2.08746284125034
2.040223928941852
2.0741647430225756
1.707803343297225
2.216917186688699
2.199687794731328
1.6258145836939115
1.8676338909712125
1.867633890971212
2.0294069451656007
1.8676338909712125
2.6756981353679867
1.867633890971212
1.8073549220576042
1.8073549220576042
1.8073549220576042
1.8073549220576042
1.8073549220576042
1.8073549220576042
1.8073549220576042
1.8073549220576042
1.8073549220576042
1.8073549220576042
1.8073549220576042
1.8073549220576042
1.8073549220576042
1.8073549220576042
1.8073549220576042
1.8073549220576042
1.8073549220576042
1.8810947601100747
1.8073549220576042
1.8073549220576042
1.8073549220576042
1.8073549220576042
1.8073549220576042
1.8073549220576042
1.8073549220576042
1.8073549220576042
1.867633890971212
1.8073549220576042
1.8073549220576042
1.8073549220576042
1.8073549220576042
1.8073549220576042
2.049452072789394
2.049452072789394
2.049452072789394
2.049452072789394
2.049452072789394
2.049452072789394
2.1440239107574226
1.7947367178034825
2.1767669742887406
2.4112882853138213
2.049452072789394
2.125
2.1258145836939115
1.896240625180289
2.345647148874768
1.8676338909712125
2.049452072789394
1.4591479170272446
2.0
2.556656707462823
2.353533948577482
2.292481250360578
2.0038561897747247
1.9591479170272446
1.328140720025594
2.353533948577482
1.7924812503605778
2.292481250360578
2.353533948577482
1.8250112108241772
2.278351811711312
2.049452072789394
1.9852281360342514
1.7924812503605778
1.6858157091530304
2.289017989818658
2.602823934169609
1.7924812503605778
1.6858157091530304
1.885377505769539
2.3208020839342964
2.224601752714581
2.322756958897399
1.9473387961875537
1.676737030052133
2.125814583693911
1.6258145836939115
2.2709775789469964
1.789929075309999
2.1739731346044096
2.0
1.6767370300521325
2.0566416671474372
1.4727763826090747
1.789929075309999
2.3627402784989338
2.217021885879718
2.403677461028802
1.8676338909712125
1.6691803368667308
2.292481250360578
1.6858157091530304
2.2516291673878226
1.867633890971212
2.260820318171659
2.3068905956085186
1.547972308328872
1.676737030052133
2.0202442071537563
1.9428945831854865
1.780672129520887
1.8250112108241772
1.5394847569315018
1.6858157091530304
1.5306189948485172
1.9657678078192216
2.1060480954183274
2.473851389610045
1.676737030052133
2.049452072789394
1.8676338909712125
1.914341183612352
2.049452072789394
1.6858157091530304
2.4137995646056796
1.7004397181410922
2.556656707462823
2.401703263618631
2.125814583693911
2.077819531114783
1.8423709931771086
1.4591479170272448
1.867633890971212
1.8423709931771084
2.353533948577482
1.9591479170272446
2.219240704636849
1.6950355658756875
2.038760752862686
2.3942811477133943
2.292481250360578
1.8676338909712125
1.6893917467430877
2.2552419173638842
1.7924812503605778
2.019240704636849
2.5580510765444573
1.867633890971212
2.8729055953200557
1.6858157091530304
1.6171895725927152
2.049452072789394
1.950212064914747
1.871602261409798
2.0
1.6258145836939115
1.7295739585136223
1.5545851693377994
1.75
1.6404974280872369
2.440404017720928
2.063458298648303
1.9008634271278526
1.893766673801451
2.1774212838293647
2.508205900228556
1.9473387961875537
2.199687794731328
2.4404040177209283
1.7924812503605778
1.896240625180289
1.6577427265048887
2.396782221599798
1.789929075309999
1.6854752972273346
2.403677461028802
1.9211796919474975
2.083203170427581
2.199687794731328
2.260820318171659
1.4355205042826666
1.7924812503605778
1.760495029766198
2.5580510765444573
1.8423709931771086
1.8763576394898522
2.3068905956085186
1.6893917467430877
1.5510981710072647
1.4591479170272448
1.75
1.7924812503605778
2.1280852788913944
1.4591479170272448
2.2890179898186576
2.353533948577482
2.049452072789394
2.279799131837405
1.9591479170272446
2.0000808760993793
2.33012496531497
2.440404017720928
2.049452072789394
2.0
1.7924812503605778
1.871602261409798
1.8676338909712125
2.292481250360578
2.125814583693911
2.521782221599798
2.064042639445697
1.8322488896002307
2.049452072789394
2.049452072789394
1.8676338909712125
2.292481250360578
2.353533948577482
1.8676338909712125
1.7924812503605778
1.9591479170272446
1.9849259129823316
2.011920928594794
2.33012496531497
2.260820318171659
1.8810947601100747
1.7841591278514217
1.7924812503605778
1.9473387961875537
1.896240625180289
1.6858157091530304
1.950212064914747
2.199687794731328
2.049452072789394
2.25
1.9751060324573733
1.2516291673878228
2.353533948577482
2.125814583693911
2.049452072789394
2.2890179898186576
2.375
2.125814583693911
1.6171895725927152
1.6858157091530304
2.260820318171659
1.7295739585136223
1.6171895725927152
2.699513850319966
2.0295263323230746
2.0
2.606238928653389
2.739572261986723
2.2096909728231857
2.260820318171659
1.6894822670191825
0.9517256391222422
1.896240625180289
2.219240704636849
1.8617022325423545
2.0985798617120746
2.1179631753145163
1.789929075309999
2.292481250360578
1.5487949406953985
2.077819531114783
2.7395722619867224
1.4591479170272448
1.8250112108241772
2.3959988705348416
2.219240704636849
2.077819531114783
2.4137995646056805
2.125814583693911
2.271782221599798
1.9068905956085185
1.6858157091530304
1.571538790639004
2.292481250360578
1.8676338909712125
2.349601752714581
2.045841640885174
2.049452072789394
1.8919954870390203
2.474601752714581
1.8810947601100747
1.7783283537314114
1.8810947601100747
2.1403358187557617
2.33012496531497
2.353533948577482
1.7924812503605778
2.5
2.0102313415770166
2.1416195253341384
1.7924812503605778
2.125814583693911
1.8676338909712125
1.8931558784658322
2.0349409139562287
2.049452072789394
2.1887870678023824
1.7924812503605778
1.8676338909712125
1.6767370300521325
1.867633890971212
2.049452072789394
1.8423709931771084
1.8702538164316223
2.291620193427939
2.049452072789394
1.650022421648354
2.1280852788913944
2.049452072789394
2.1440239107574226
2.3208020839342964
2.1735572622751853
2.3208020839342964
2.146465798504072
2.022106112739839
1.6858157091530304
2.072905595320056
2.292481250360578
2.049452072789394
1.9591479170272446
1.6858157091530304
1.7723388509380997
1.7534343861887849
2.2516144718101816
2.017801027300537
2.5580510765444573
2.1887870678023824
1.2516291673878228
2.1440239107574226
2.7395722619867224
1.8885105964272468
1.8810947601100747
1.8919954870390203
1.6858157091530304
2.125814583693911
1.6171895725927152
1.676737030052133
2.2890179898186576
1.705616568529474
2.2890179898186576
2.2516291673878226
1.789929075309999
1.5566567074628228
2.1280852788913944
2.353533948577482
2.322756958897399
1.4591479170272446
1.4772170014624826
1.6858157091530304
1.7960885595978366
1.4949188482339508
2.049452072789394
2.374556048381884
2.128085278891394
2.292481250360578
2.33012496531497
2.0349409139562287
2.0349409139562287
2.0349409139562287
1.75
1.670444377963874
2.4056390622295662
1.8676338909712125
2.3959988705348416
1.9473387961875537
2.040223928941852
2.25
1.4949188482339508
2.1967916319816365
2.149026099395914
1.8810947601100747
1.8810947601100747
1.8810947601100747
1.8810947601100747
2.183754831923921
1.789929075309999
2.0
2.005977711423774
2.224601752714581
1.896240625180289
1.867633890971212
1.8449875718557363
2.049452072789394
2.005977711423774
1.3787834934861753
1.9508257945180885
2.0086949695628418
1.6258145836939115
1.7924812503605778
2.473851389610045
2.2492870686521593
2.3942811477133943
2.292481250360578
1.8423709931771086
2.3547213575823878
2.3959988705348416
2.146465798504072
2.353533948577482
1.780672129520887
2.2096909728231857
2.125814583693911
2.473851389610045
2.125814583693911
1.8024212838293647
2.128085278891394
1.8676338909712125
2.063458298648303
1.926868017501744
2.0349409139562287
1.6644977792004614
1.6577427265048887
1.8676338909712125
1.6577427265048887
1.6424239617719751
2.199687794731328
1.8438561897747248
1.4591479170272446
1.7924812503605778
1.2987949406953985
2.5726236638951634
2.3627402784989338
1.6171895725927152
2.049452072789394
1.6858157091530304
2.049452072789394
1.8496017527145814
1.3382689280764646
1.789929075309999
1.7924812503605778
1.789929075309999
2.2797991318374056
1.7924812503605778
2.291620193427939
2.292481250360578
1.4633469381258981
2.551706707534082
2.199687794731328
2.0
1.8676338909712125
1.8676338909712125
2.125814583693911
1.5583766918488835
1.8676338909712125
2.199687794731328
2.217021885879718
2.049452072789394
2.1887870678023824
1.8810947601100747
1.6171895725927152
1.4750996096414135
2.375
2.0349409139562287
2.049452072789394
2.0
2.098579861712074
1.9211854965885542
1.5566567074628228
2.1887870678023824
1.6858157091530304
2.1280852788913944
2.140361163698485
2.3627402784989338
2.353533948577482
2.353533948577482
1.7924812503605778
2.353533948577482
2.3627402784989338
2.33012496531497
2.049452072789394
1.950212064914747
2.1739731346044096
1.6767370300521325
1.789929075309999
2.490541871940574
2.064042639445697
2.077819531114783
1.867633890971212
1.9068905956085187
2.260820318171659
1.7924812503605778
1.4591479170272448
2.292481250360578
2.25
1.9473387961875537
2.011920928594794
2.996630848284676
1.7924812503605778
1.7360411676599221
2.4137995646056805
1.8942738697712644
1.8230264907128848
2.049452072789394
2.0461796919474975
2.1837548319239213
2.319240704636849
2.260820318171659
2.049452072789394
2.049452072789394
2.292481250360578
2.2783518117113117
2.375
1.650022421648354
2.157329519616802
1.847242379574222
1.4591479170272448
2.038760752862686
1.7841591278514217
1.896240625180289
2.128085278891394
1.871602261409798
2.125814583693911
2.0349409139562287
2.125814583693911
2.3244093931715555
1.8243502901308597
2.3627402784989338
1.867633890971212
1.8676338909712125
2.2149798205164815
1.7924812503605778
2.049452072789394
2.077819531114783
2.049452072789394
2.0
1.5394847569315018
1.8676338909712125
1.9877733714879842
1.2516291673878228
2.3220847276178658
2.1416195253341384
2.146465798504072
2.472905595320056
2.270942421748537
2.2091479170272446
2.146782221599798
2.199687794731328
2.349601752714581
1.6171895725927152
1.867633890971212
1.6171895725927152
2.077819531114783
1.6644977792004614
2.474601752714581
2.556656707462823
1.789929075309999
1.7295739585136223
2.359879028736861
1.8073549220576042
1.585197859209209
1.3393656970651264
2.1464657985040723
1.867633890971212
2.4092672522514684
2.077819531114783
2.1416195253341384
1.4591479170272448
1.9473387961875537
1.676737030052133
2.1179631753145163
1.8676338909712125
1.4591479170272448
2.463458298648303
1.780672129520887
2.202819531114783
1.6171895725927152
2.049452072789394
2.128085278891394
2.1179631753145163
2.045841640885174
2.292481250360578
2.2382317274151875
1.8676338909712125
2.029526332323075
1.8676338909712125
2.3627402784989338
2.375
1.8702538164316223
1.676737030052133
1.6171895725927152
2.1464657985040723
1.8676338909712125
1.6644977792004614
1.5709505944546687
2.077819531114783
1.4591479170272446
2.699513850319966
1.7924812503605778
2.33012496531497
2.4634582986483036
1.676737030052133
2.403677461028802
1.7924812503605778
2.125814583693911
1.6787705856438881
1.8182626942811975
2.4404040177209283
1.6644977792004614
1.676737030052133
2.353533948577482
1.867633890971212
2.049452072789394
1.8423709931771086
2.3627402784989338
2.125814583693911
1.856564762130954
2.4404040177209283
1.8799649487271108
1.7841591278514217
2.0
2.2890179898186576
1.8676338909712125
2.3301249653149703
2.049452072789394
2.33012496531497
2.375
1.789929075309999
1.4591479170272448
2.556656707462823
1.9877733714879842
2.0
2.5073801024236357
2.3627402784989338
1.896240625180289
2.292481250360578
1.676737030052133
1.5421585737995238
1.8230264907128848
2.3942811477133943
1.8676338909712125
2.0294069451656007
2.5580510765444573
2.1179631753145163
1.6258145836939115
1.6171895725927152
1.9591479170272446
2.125814583693911
1.6767370300521325
2.278351811711312
2.049452072789394
1.6286457465791397
1.3764513887071874
2.1280852788913944
2.322756958897399
1.8339272176418302
1.8676338909712125
2.260820318171659
2.049452072789394
2.125814583693911
1.8679595208024646
1.8676338909712125
1.7381493331928664
1.701165268424512
1.8676338909712125
1.5487949406953985
2.128085278891394
1.561278124459133
2.1739731346044096
2.199687794731328
1.8676338909712125
2.2890179898186576
2.332878689342031
2.049452072789394
2.040223928941852
1.4591479170272446
2.224601752714581
2.5073801024236357
1.8423709931771084
1.7381493331928664
1.767980985009633
2.049452072789394
1.867633890971212
1.6171895725927152
1.8799649487271108
2.125814583693911
1.2516291673878228
2.078491674029184
1.7924812503605778
1.8423709931771088
1.6258145836939115
2.125814583693911
1.80118414969277
1.9754128972590443
2.125814583693911
2.521782221599798
1.6954618442383218
2.4634582986483036
1.675822057576696
2.049452072789394
1.4591479170272448
1.7295739585136223
2.353533948577482
2.049452072789394
2.202819531114783
2.292481250360578
2.049452072789394
1.867633890971212
1.4949188482339508
2.125814583693911
2.199687794731328
2.260820318171659
2.125814583693911
1.8676338909712125
1.6171895725927152
2.0349409139562287
1.8230264907128848
1.7841591278514217
2.292481250360578
2.3627402784989338
1.4591479170272448
1.8282344370732122
2.078491674029184
2.1179631753145163
2.3227569588973984
2.224601752714581
1.4591479170272448
1.6767370300521325
2.1887870678023824
2.292481250360578
2.359879028736861
1.9628150414142902
1.7295739585136223
1.5510981710072647
2.260820318171659
1.8676338909712125
2.260820318171659
2.3192407046368486
1.9819407868640975
2.049452072789394
2.0349409139562287
2.291620193427939
2.320264662257932
2.270942421748537
1.7924812503605778
1.867633890971212
2.049452072789394
2.0
2.260820318171659
2.1464657985040723
1.7381493331928661
2.473851389610045
1.8638263900908156
2.049452072789394
1.7033848993102918
1.867633890971212
1.6644977792004614
2.353533948577482
2.260820318171659
2.0221061127398396
1.9591479170272446
1.6140054628542202
1.4488156357251847
1.4591479170272446
2.556656707462823
1.8339272176418302
2.0
1.9877733714879842
2.2516291673878226
2.199687794731328
1.8676338909712125
2.049452072789394
1.867633890971212
2.038159681645953
1.2518209528093862
1.5487949406953985
2.0
1.2908520829727552
2.4404040177209283
2.1416195253341384
1.4591479170272448
1.4591479170272446
2.4404040177209283
2.353533948577482
1.8676338909712125
2.1887870678023824
1.7924812503605778
2.2571111337921392
1.7695459925589747
2.1280852788913944
1.7841591278514217
1.9877733714879842
1.9698110652780971
1.8676338909712125
1.780672129520887
1.8922718656836106
1.933816945485606
2.125814583693911
1.789929075309999
2.125814583693911
2.0349409139562287
2.0180817939786855
2.077819531114783
1.7924812503605778
2.049452072789394
1.9508257945180885
2.217021885879718
1.7924812503605778
2.1739731346044096
2.395998870534841
2.1179631753145163
2.0814963295286755
1.5566567074628228
1.8676338909712125
2.3301249653149703
2.064042639445697
2.6062389286533896
2.0349409139562287
1.8676338909712125
2.3627402784989338
2.049452072789394
1.6197491821889043
2.199687794731328
2.049452072789394
1.7924812503605778
1.853688226483452
1.6203352658383443
2.25
2.049954741862505
2.1735572622751853
1.573402452417767
1.9591479170272446
2.1887870678023824
2.1179631753145163
1.8262452584026092
1.6258145836939115
2.1280852788913944
1.6960736118322672
1.789929075309999
2.013110959288765
1.8799649487271108
1.867633890971212
2.1258145836939115
2.1280852788913944
1.6858157091530304
2.4404040177209283
2.5073801024236357
1.9508257945180885
1.867633890971212
1.4591479170272448
2.292481250360578
2.049452072789394
2.5580510765444573
2.183754831923921
1.7924812503605778
2.125814583693911
1.6258145836939115
2.4137995646056805
2.1735572622751853
2.1117374334224666
2.463458298648303
1.5784545358221245
1.5926434756846928
1.9211854965885544
1.7758589482446405
1.8676338909712125
2.4634582986483036
1.8676338909712125
2.106048095418327
2.05632607578088
1.9582291686698783
2.4137995646056805
1.7924812503605778
1.867633890971212
1.7924812503605778
2.049452072789394
2.292481250360578
1.7783283537314114
1.8676338909712125
2.4112898809212457
2.0
1.6893917467430877
2.125814583693911
1.8675416913014387
2.196791631981637
2.077819531114783
2.1739731346044096
1.867633890971212
1.4591479170272448
2.049452072789394
2.3942811477133943
1.6171895725927152
1.8676338909712125
1.7219280948873623
1.8676338909712125
1.7924812503605778
2.292481250360578
1.4591479170272448
2.125814583693911
2.146465798504072
2.125814583693911
2.224601752714581
1.8676338909712125
1.9211854965885542
1.789929075309999
1.867633890971212
2.1711395066729176
2.375
2.0
2.403677461028802
1.4949188482339508
1.4591479170272446
2.1179631753145163
1.746465798504072
1.867633890971212
2.077819531114783
2.040223928941852
1.8814963295286755
2.1739731346044096
1.6644977792004614
2.045841640885174
1.6258145836939115
1.9590775650799215
2.1464657985040723
2.049452072789394
1.7729634000382068
2.319240704636849
1.7924812503605778
2.049452072789394
2.3826831892554923
2.0461796919474975
1.8675769461761949
1.676737030052133
2.403677461028802
1.7295739585136223
1.4591479170272448
1.7735572622751854
2.473851389610045
2.3942811477133943
2.049452072789394
2.049452072789394
2.049452072789394
2.049452072789394
2.049452072789394
2.049452072789394
2.049452072789394
2.049452072789394
2.049452072789394
2.049452072789394
2.049452072789394
2.049452072789394
2.049452072789394
2.049452072789394
2.049452072789394
2.049452072789394
2.049452072789394
2.049452072789394
2.049452072789394
2.049452072789394
2.049452072789394
2.049452072789394
2.049452072789394
2.049452072789394
2.2096909728231857
1.7947367178034825
2.0180817939786855
1.9772145799950187
2.049452072789394
2.125
1.8676338909712125
2.011920928594794
1.867633890971212
2.0
2.292481250360578
2.271782221599798
2.146465798504072
1.867633890971212
2.375
2.1280852788913944
1.4949188482339508
2.2890179898186576
2.038760752862686
1.8676338909712125
2.3192407046368486
2.1179631753145163
2.3627402784989338
2.1280852788913944
1.9655962303576022
2.474601752714581
1.7272486062639207
2.1258145836939115
2.535857775918279
2.1416195253341384
1.8438561897747248
1.789929075309999
1.789929075309999
1.7464657985040721
1.4591479170272448
1.9238561897747248
1.8230264907128848
1.8676338909712125
2.0349409139562287
2.049452072789394
1.8676338909712125
2.25
2.260820318171659
2.3213077948055996
1.6171895725927152
1.75
1.93012496531497
2.0049355947431313
1.6171895725927152
1.6577427265048887
1.647730922119161
1.8676338909712125
2.1280852788913944
2.403677461028802
2.128085278891394
1.7201755527081777
1.7055872616982601
2.2783518117113117
2.3627402784989338
1.6457113704075788
1.9591479170272446
1.7743974703476992
1.5916727785823275
1.676737030052133
1.789929075309999
1.789929075309999
2.474601752714581
1.8423709931771088
2.049452072789394
2.146465798504072
1.6143308351592656
1.6472512000907504
2.1179631753145163
2.202819531114783
1.8919954870390203
2.353533948577482
2.3627402784989338
2.1179631753145163
1.6644977792004614
1.8423709931771084
2.279799131837405
1.8212764279322333
1.6894822670191825
1.789929075309999
1.5709505944546687
2.463458298648303
1.9386790169573507
2.292481250360578
2.3208020839342964
1.896240625180289
2.4137995646056805
1.949137865273585
2.3089934603631135
2.064042639445697
2.125814583693911
1.780672129520887
1.4949188482339508
2.2608203181716595
1.856564762130954
1.8676338909712125
1.867633890971212
1.7924812503605778
2.0349409139562287
1.676737030052133
1.8676338909712125
1.8230264907128848
2.556656707462823
2.128085278891394
2.049452072789394
2.049452072789394
2.584962500721156
2.049452072789394
1.9591479170272446
2.102187170949333
1.8230264907128848
2.049452072789394
2.049452072789394
2.153291231890481
2.0349409139562287
1.789929075309999
1.8676338909712125
1.914341183612352
2.125814583693911
1.6644977792004614
1.8702538164316223
2.556656707462823
2.1179631753145163
1.7924812503605778
1.7841591278514217
1.9508257945180885
1.75
2.0
2.292481250360578
2.0349409139562287
1.8676338909712125
2.0349409139562287
1.789929075309999
1.9669171866886992
1.8322488896002307
1.344230826798806
2.0349409139562287
2.699513850319966
2.292481250360578
1.867633890971212
1.867633890971212
2.0349409139562287
2.038159681645953
2.125814583693911
2.049452072789394
1.867633890971212
1.867633890971212
1.75
2.049452072789394
1.676737030052133
1.4949188482339508
1.8676338909712125
2.125814583693911
1.3787834934861753
2.049452072789394
2.271782221599798
2.078491674029184
2.049452072789394
2.699513850319966
2.614164262105116
2.1735572622751853
2.1179631753145163
1.7841591278514217
2.2184372106643204
1.8129072918469558
1.4926140680171256
1.4591479170272448
2.353533948577482
1.8676338909712125
1.8676338909712125
2.292481250360578
1.930080144111599
2.1887870678023824
1.6171895725927152
2.4137995646056805
1.676737030052133
2.1416195253341384
2.0349409139562287
1.8800955669202004
2.049452072789394
2.3192407046368486
1.9877733714879842
2.646782221599798
2.260820318171659
2.049452072789394
2.049452072789394
2.3227569588973984
2.091917186688699
1.631904586941773
2.049452072789394
1.8676338909712125
1.8676338909712125
1.896240625180289
2.4634582986483036
2.096822633626531
1.6171895725927152
1.6858157091530304
1.8322488896002307
1.867633890971212
1.9508257945180885
2.0349409139562287
2.292481250360578
1.840545648629973
2.5073801024236357
1.6171895725927152
1.9877733714879842
2.5580510765444573
1.8490070880144414
2.199687794731328
2.125
2.040223928941852
2.125814583693911
1.8676338909712125
1.8676338909712125
1.7080986635018058
1.7758589482446405
2.056071893251684
1.7381493331928664
1.8676338909712125
2.032128525239341
2.5073801024236357
2.375
1.6143308351592656
2.353533948577482
2.1464657985040723
1.5510981710072647
2.4137995646056805
2.292481250360578
2.049452072789394
2.3942811477133943
2.3395722619867225
1.8452178053170998
1.2798634625610823
2.278351811711312
2.1735572622751858
1.8230264907128848
2.292481250360578
1.950212064914747
2.4056390622295662
1.8676338909712125
2.270942421748537
2.473851389610045
1.6858157091530304
2.5073801024236357
2.125814583693911
2.040223928941852
2.2096909728231857
1.6893917467430877
2.049452072789394
1.8423709931771084
2.199687794731328
2.292481250360578
2.125814583693911
1.780672129520887
2.199687794731328
2.199687794731328
1.789929075309999
1.5983490981282338
1.3787834934861753
2.125814583693911
2.049452072789394
1.875
1.8676338909712125
1.9591479170272446
2.125814583693911
2.718813859002054
1.9021748142117278
1.7230505277442498
1.7924812503605778
2.202819531114783
1.5487949406953985
2.1179631753145163
2.2103688901945646
1.9591479170272446
1.8423709931771086
1.7924812503605778
2.0683182557028434
1.4591479170272448
2.218684248804048
1.8250112108241772
1.2987949406953985
2.0349409139562287
2.0349409139562287
1.867633890971212
1.842240596410397
1.647730922119161
1.9508257945180885
2.125814583693911
2.040223928941852
2.260820318171659
2.098579861712074
1.8676338909712125
2.5967916319816364
1.6644977792004614
1.4591479170272448
2.463458298648303
1.8676338909712125
2.049452072789394
1.8676338909712125
1.676737030052133
2.260820318171659
2.125814583693911
1.7924812503605778
1.8676338909712125
2.049452072789394
2.125814583693911
2.125814583693911
2.049452072789394
2.125814583693911
2.292481250360578
1.9898980954642875
1.8676338909712125
2.2516291673878226
1.867576946176195
2.2608203181716595
2.3627402784989338
1.7295739585136223
1.8676338909712125
1.789929075309999
2.375
1.4591479170272448
2.1887870678023824
1.9399824743635556
1.8676338909712125
2.0349409139562287
1.2516291673878228
1.9898980954642875
1.789929075309999
1.789929075309999
1.7924812503605778
1.8676338909712125
2.0
1.9473387961875537
1.6644977792004614
1.780672129520887
1.676737030052133
1.650022421648354
1.867633890971212
1.950212064914747
1.9877733714879842
2.292481250360578
2.049452072789394
2.0
2.2717374334224667
2.8319503916046944
2.099601752714581
1.3921472236645345
1.9233773502518647
1.8676338909712125
1.8230264907128848
2.125814583693911
2.049452072789394
2.0349409139562287
2.0566416671474372
2.049452072789394
2.064042639445697
1.7534343861887849
1.8810947601100745
1.7924812503605778
2.078491674029184
2.199687794731328
2.125814583693911
2.0
2.125814583693911
2.1405180562767114
1.8676338909712125
1.7679562867030187
2.2580960284120484
1.6140054628542202
2.403677461028802
1.4355205042826666
2.049452072789394
2.132193283158528
2.1280852788913944
2.125814583693911
2.064042639445697
1.71577067413792
2.292481250360578
1.8675769461761949
2.319240704636849
1.789929075309999
2.129567987418323
1.7924812503605778
1.789929075309999
1.809200032697812
2.00566893830284
2.606238928653389
2.064042639445697
1.9290098114831755
2.396782221599798
1.7961796919474975
1.6644977792004614
2.41379956460568
2.125814583693911
1.8050365325772657
1.7924812503605778
1.789929075309999
1.9444515732449275
1.6858157091530304
2.473851389610045
2.1179631753145163
2.231885852827079
1.9591479170272446
2.219240704636849
1.3516441151533924
1.896240625180289
1.573402452417767
2.1280852788913944
2.1280852788913944
2.098579861712074
2.2312702546075753
1.896240625180289
1.890920993589198
1.9211854965885542
2.260820318171659
1.838758680915008
2.359879028736861
2.4056390622295662
2.260820318171659
2.1179631753145163
2.049452072789394
2.2096909728231857
1.789929075309999
1.8423709931771084
2.0
1.867633890971212
2.1416195253341384
2.1532912318904804
2.25
1.789929075309999
1.4591479170272446
1.4488156357251847
2.125
1.789929075309999
2.4137995646056805
2.0349409139562287
1.8676338909712125
2.1440239107574226
2.049452072789394
1.8676338909712125
1.9211854965885542
2.049452072789394
1.8676338909712125
1.9764892117991657
2.049452072789394
1.8799649487271108
2.1179631753145163
2.292481250360578
1.676737030052133
1.4591479170272448
2.41379956460568
1.7924812503605778
2.127478486418822
1.4116877593742698
2.049452072789394
1.4591479170272448
2.2516291673878226
2.125814583693911
1.4591479170272448
1.8676338909712125
2.375
1.9015064025015063
1.9488835619464984
1.8210319581338212
1.9972264631946568
2.125814583693911
2.2112607364322803
2.044177075148068
2.0487949406953985
1.9898980954642875
2.049452072789394
2.292481250360578
2.1440239107574226
1.6171895725927152
2.3959988705348416
2.57885281588224
1.8423709931771084
1.760495029766198
1.8676338909712125
1.9528195311147831
2.049452072789394
2.0626563480372715
1.5814502106947543
1.4353713907745331
2.440404017720928
2.646782221599798
2.349601752714581
2.5073801024236357
2.125814583693911
2.049452072789394
1.8810947601100745
1.940051016690354
2.0
2.09098996700847
1.5
1.8676338909712125
1.867633890971212
1.4591479170272448
1.4591479170272446
1.8919954870390203
1.7004397181410922
1.676737030052133
1.7924812503605778
2.0
1.8024212838293647
1.6858157091530304
1.9877733714879842
1.7709505944546688
1.8322488896002305
2.0458416408851736
2.3690255736436505
1.8073549220576042
1.610577243331642
2.202819531114783
2.0049355947431313
2.125
1.789929075309999
1.8230264907128848
1.8919954870390203
2.3244093931715555
1.7947367178034825
1.867633890971212
1.4591479170272448
1.6644977792004614
1.780672129520887
1.8810947601100747
2.153291231890481
2.353533948577482
2.25
1.8676338909712125
2.349601752714581
2.1368384363117046
1.789929075309999
1.4591479170272448
2.049452072789394
2.049452072789394
1.879964948727111
1.8676338909712125
2.049452072789394
2.3627402784989338
2.5967916319816364
1.8083754124466327
1.8676338909712125
1.931584071702181
2.1140054628542204
1.8676338909712125
1.8676338909712125
2.8234651896016465
1.9590775650799215
2.049452072789394
2.0402239289418524
2.33012496531497
2.271782221599798
2.5580510765444577
2.049452072789394
2.353533948577482
2.049452072789394
2.216917186688699
2.1735572622751853
2.077819531114783
1.8024212838293647
1.6858157091530304
2.1440239107574226
2.292481250360578
1.789929075309999
2.049452072789394
2.5073801024236357
2.2096909728231857
2.202819531114783
2.292481250360578
2.077819531114783
2.188687540210659
1.867633890971212
2.049452072789394
2.646782221599798
1.9877733714879842
1.6767370300521325
1.822815600352516
1.8676338909712125
2.4404040177209283
2.2608203181716595
1.7381493331928661
2.049452072789394
2.2485731395538666
1.896240625180289
1.676737030052133
1.8589958514447924
2.948557875009137
2.1464657985040723
2.4634582986483036
1.9591479170272446
1.9709505944546686
2.049452072789394
1.9591479170272446
1.9300801441115987
2.279799131837405
2.1280852788913944
2.292481250360578
1.6258145836939115
2.077819531114783
2.2485731395538666
2.202819531114783
2.473851389610045
1.9211854965885544
2.0349409139562287
1.4591479170272448
1.7295739585136223
1.867633890971212
1.4591479170272446
2.049452072789394
2.5967916319816364
1.8676338909712125
2.2608203181716595
2.422579761842491
2.049452072789394
2.0294069451656007
1.75
2.049452072789394
2.2096909728231857
2.040223928941852
2.118169326208569
2.0349409139562287
2.049452072789394
2.112935039619369
1.8073549220576042
1.7924812503605778
2.353533948577482
2.050919982001498
2.125814583693911
1.7004397181410922
1.789929075309999
1.9669171866886992
2.146465798504072
1.676737030052133
2.292481250360578
2.049452072789394
1.789929075309999
2.052361388311789
1.7924812503605778
1.75
1.676737030052133
2.125814583693911
1.6858157091530304
1.6858157091530304
2.2096909728231857
1.9591479170272446
1.867633890971212
1.8892464285091581
1.9591479170272446
1.7295739585136223
1.780672129520887
1.676737030052133
2.056676898728312
2.556656707462823
1.5304930567574824
2.2408503052842828
1.7924812503605778
1.9591479170272446
1.867633890971212
1.9960624156886888
1.6143308351592656
2.4137995646056805
2.260820318171659
1.75
2.292481250360578
1.9751060324573735
2.125814583693911
2.091917186688699
1.6171895725927152
2.1464657985040723
2.049452072789394
2.403677461028802
1.789929075309999
1.6858157091530304
2.3356468993981845
2.0116298903693024
1.9192407046368487
1.9628150414142904
1.867633890971212
1.789929075309999
2.1405180562767114
2.064042639445697
2.440404017720928
2.292481250360578
2.049452072789394
2.199687794731328
1.8676338909712125
2.3208020839342964
1.8676338909712125
1.7295739585136223
2.291620193427939
1.789929075309999
1.6973206585968414
1.9732285161344474
1.4056390622295665
2.2608203181716595
1.896240625180289
1.4591479170272448
2.440404017720928
2.049452072789394
1.6644977792004614
1.8024212838293647
1.7960885595978366
1.6858157091530304
2.007856063692049
1.780672129520887
2.1916116417513782
2.0349409139562287
1.8676338909712125
2.353533948577482
2.125
2.049452072789394
1.789929075309999
1.6644977792004614
2.049452072789394
1.8799649487271108
1.4591479170272448
1.780672129520887
1.9211854965885544
1.8676338909712125
2.199687794731328
1.7925730902686046
1.6140054628542204
1.867633890971212
2.0
2.292481250360578
2.040223928941852
1.9790978911348045
2.007506782206766
2.049452072789394
1.9990298316961874
1.7924812503605778
2.128085278891394
1.2516291673878228
1.2987949406953985
1.7295739585136223
1.8197218324096136
2.219240704636849
1.760495029766198
1.676737030052133
2.125814583693911
2.5073801024236357
1.789929075309999
1.7295739585136223
2.33012496531497
2.1887870678023824
1.6140054628542204
1.6541881272613426
2.3627402784989338
1.789929075309999
2.25
2.5073801024236357
2.2516291673878226
1.789929075309999
2.1280852788913944
2.013006500506917
1.9591479170272446
1.5568179886235365
2.5108995654298583
2.0814963295286755
2.260820318171659
2.049452072789394
1.8810947601100745
1.6858157091530304
2.2608203181716595
1.676737030052133
1.9473387961875537
2.064042639445697
2.771782221599798
2.1179631753145163
1.5262349099495227
1.867633890971212
2.049452072789394
2.353533948577482
1.7126263344471144
1.6597218324096137
2.1179631753145163
2.396782221599798
1.7924812503605778
2.260820318171659
2.1887870678023824
1.789929075309999
2.2389205950315936
1.8810947601100747
2.278351811711312
2.1280852788913944
1.8919954870390203
1.7924812503605778
1.950212064914747
2.2516291673878226
1.4591479170272448
1.676737030052133
2.041814515501815
2.165885150264076
1.978317342830294
1.7924812503605778
2.153291231890481
1.7844051202943896
2.0
1.4591479170272448
1.789929075309999
2.0349409139562287
1.8676338909712125
1.8676338909712125
2.2149798205164815
2.038159681645953
1.676737030052133
2.040223928941852
1.8676338909712125
1.7004397181410922
1.789929075309999
1.4591479170272446
2.353533948577482
1.4591479170272448
2.049452072789394
1.9591479170272446
2.3301249653149703
2.125814583693911
1.7924812503605778
1.9898980954642875
1.8676338909712125
2.1280852788913944
1.6894822670191825
2.375
2.049452072789394
1.789929075309999
1.9487568639309476
2.2608203181716595
1.8676338909712125
2.23345859334435
1.8287330620893165
2.0387607528626854
2.349601752714581
2.125814583693911
1.7924812503605778
2.146782221599798
2.196791631981637
1.4591479170272448
1.650022421648354
1.4591479170272448
1.6171895725927152
1.8676338909712125
1.867633890971212
1.7924812503605778
1.8676338909712125
1.780672129520887
1.8676338909712125
1.7924812503605778
1.6143308351592656
2.0487949406953985
2.375
1.7924812503605778
2.125814583693911
1.789929075309999
2.4634582986483036
2.1440239107574226
1.789929075309999
1.8676338909712125
2.1179631753145163
2.646782221599798
2.039353872167201
2.125814583693911
2.3301249653149703
2.396782221599798
1.4591479170272448
1.8980026608874647
2.458769005990383
1.7295739585136223
1.854285871987246
2.4137995646056805
1.9399824743635556
2.1887870678023824
2.463458298648303
2.217021885879718
1.8676338909712125
1.7295739585136223
2.449311833026445
2.473851389610045
1.7924812503605778
2.41379956460568
2.125814583693911
2.077819531114783
2.699513850319966
2.249287068652159
1.4591479170272448
1.8005536741835049
2.125814583693911
1.9508257945180885
1.7709505944546688
1.789929075309999
1.617189572592715
1.4591479170272448
1.867633890971212
1.867633890971212
2.125814583693911
1.4591479170272448
2.049452072789394
1.9655962303576022
1.867633890971212
1.9015064025015063
1.6171895725927152
2.3798788291629887
2.049452072789394
1.8676338909712125
2.049452072789394
2.292481250360578
2.1887870678023824
2.1812056673346514
2.219240704636849
2.09098996700847
2.521782221599798
2.403677461028802
1.9628150414142904
2.327632809290636
1.9591479170272446
2.0349409139562287
2.0814963295286755
2.260820318171659
1.75
2.0349409139562287
2.125814583693911
2.403677461028802
2.3942811477133943
2.33012496531497
1.822815600352516
1.615477972229571
1.8582154817610799
2.1440239107574226
2.2890179898186576
1.780672129520887
2.077819531114783
1.9669171866886992
2.104739883702101
1.8676338909712125
1.6644977792004614
1.6171895725927152
1.7924812503605778
1.8676338909712125
2.125814583693911
1.9898980954642875
1.8676338909712125
2.1258145836939115
1.676737030052133
1.460607931404737
1.6644977792004614
2.646782221599798
2.1887870678023824
2.25
2.128085278891394
1.8423709931771086
2.049452072789394
1.7924812503605778
1.8702538164316223
2.2132982820604443
2.1532912318904804
2.3050365325772657
2.1638909867280645
1.5744174271404585
1.789929075309999
2.5073801024236357
2.292481250360578
1.822815600352516
2.289017989818658
1.676737030052133
2.292481250360578
2.183754831923921
1.760495029766198
1.7142977509479211
1.7263472243434208
2.125814583693911
2.1280852788913944
2.1739731346044096
2.049452072789394
2.440404017720928
1.4833557549816874
1.8676338909712125
2.049452072789394
1.9182958340544893
2.2200683022340693
1.8073549220576042
2.291620193427939
2.3942811477133943
2.049452072789394
1.8676338909712125
2.049452072789394
2.3627402784989338
1.8676338909712125
1.7924812503605778
1.789929075309999
2.33012496531497
2.440404017720928
1.789929075309999
2.2519194515280385
1.4056390622295665
2.292481250360578
2.1607047528877827
1.6774212838293647
1.867633890971212
1.75
2.125814583693911
2.292481250360578
1.9669171866886992
1.75
2.0402239289418524
1.7924812503605778
1.6858157091530304
1.8423709931771084
2.040223928941852
1.7924812503605778
1.9591479170272446
2.107225713228069
2.077819531114783
2.0294069451656007
1.7924812503605778
1.8219280948873622
1.691141418009583
2.440404017720928
1.4949188482339508
2.403677461028802
1.9986525468781666
2.375
1.4591479170272448
2.125814583693911
2.322756958897399
2.049452072789394
2.3232196723355076
2.353533948577482
1.896240625180289
2.556656707462823
1.7924812503605778
1.867633890971212
2.6062389286533896
1.8751310486364097
1.6858157091530304
2.125814583693911
1.8389205950315937
1.6858157091530304
1.4355205042826666
2.2516291673878226
1.789929075309999
1.6171895725927152
2.771782221599798
1.789929075309999
2.049452072789394
1.8676338909712125
1.676737030052133
1.6143308351592656
2.3905221638730176
2.049452072789394
2.049452072789394
1.9814963295286754
2.217021885879718
2.049452072789394
2.440404017720928
2.3208020839342964
1.8676338909712125
2.375
1.7969371097526867
1.8679653582397107
1.8810947601100747
2.292481250360578
2.125814583693911
1.5566567074628228
2.1735572622751853
2.223219672335508
2.0985798617120746
1.8676338909712125
2.304807090371584
2.278351811711312
2.049452072789394
1.9990298316961874
2.142295219190901
2.2896625540693565
2.199687794731328
2.217021885879718
1.4949188482339508
1.8322488896002307
1.8676338909712125
2.556656707462823
2.049452072789394
1.780672129520887
2.521782221599798
1.9877733714879842
2.2635840859760434
2.116299605701696
2.049452072789394
2.291620193427939
1.789929075309999
1.867633890971212
2.049452072789394
1.9211854965885544
2.0294069451656007
1.676737030052133
2.5566567074628237
1.992778107459939
1.8676338909712125
2.1179631753145163
1.676737030052133
2.1353503825268683
2.049452072789394
1.9232196723355077
2.091917186688699
2.125814583693911
2.1258145836939115
1.7924812503605778
2.049452072789394
2.0349409139562287
2.1179631753145163
2.0804820237218404
1.8128876215181604
1.6858157091530304
2.1607047528877827
2.2516291673878226
2.125814583693911
2.260820318171659
2.291620193427939
2.1416195253341384
2.0349409139562287
2.3208020839342964
1.4591479170272446
1.8322488896002305
2.125814583693911
2.125814583693911
2.199687794731328
2.3874650391531747
2.0524212838293647
1.8810947601100745
2.4137995646056805
2.064042639445697
2.078491674029184
2.4092672522514684
2.1800365325772657
2.1040437177782714
1.9732285161344476
2.353533948577482
1.789929075309999
2.521782221599798
2.292481250360578
2.125814583693911
2.128085278891394
2.1607047528877827
1.8325518169307426
1.9528195311147831
1.6991267693743275
2.049452072789394
2.2890179898186576
1.9669171866886992
2.1464657985040723
2.202819531114783
2.202819531114783
1.8750287233499439
1.75
2.279799131837405
2.181496329528675
2.3942811477133943
1.9211854965885542
2.1179631753145163
1.6171895725927152
1.896240625180289
2.125814583693911
1.9591479170272446
1.8676338909712125
1.6858157091530304
2.403677461028802
1.7924812503605778
2.1179631753145163
1.780672129520887
2.0349409139562287
2.049452072789394
1.7758589482446405
1.4488156357251847
1.8676338909712125
2.2856005389623073
1.4488156357251847
1.8810947601100745
2.049452072789394
1.4591479170272448
2.440404017720928
2.25
2.6227336390297045
2.219240704636849
2.5580510765444573
2.049452072789394
2.125814583693911
2.291620193427939
2.2991040074712537
2.040223928941852
1.4591479170272446
1.9301249653149701
1.7924812503605778
2.33012496531497
2.049452072789394
1.867633890971212
2.353533948577482
2.1711395066729176
2.049452072789394
1.893660689688186
1.789929075309999
2.292481250360578
1.8387586809150083
1.617189572592715
1.7841591278514217
1.9751060324573735
2.0167028044502624
1.8676338909712125
1.9256475703458895
1.789929075309999
2.3301249653149703
2.5073801024236357
1.9591479170272446
1.4591479170272446
2.2782058613237783
2.146782221599798
1.789929075309999
1.8679653582397109
2.2312702546075758
1.9877733714879842
1.8676338909712125
1.8676338909712125
1.4949188482339508
2.1784857337562045
1.9591479170272446
1.8919954870390203
1.4591479170272448
1.5306189948485172
2.125814583693911
2.1179631753145163
1.6858157091530304
2.0815419333359277
2.0814963295286755
1.8423709931771084
2.353533948577482
1.7448425317532439
1.789929075309999
2.125814583693911
2.463458298648303
2.064042639445697
1.789929075309999
1.6171895725927152
2.049452072789394
1.6171895725927152
1.650682408529206
2.219240704636849
2.292481250360578
2.0349409139562287
2.031916230860258
2.5075994056541333
1.7233083338141042
2.1440239107574226
1.7267015328125033
1.85821548176108
1.9473387961875537
2.375
2.606238928653389
2.1638909867280645
1.789929075309999
1.789929075309999
1.295461844238322
2.375
2.3227569588973984
1.9898980954642875
2.2096909728231857
1.5461796919474975
2.2516291673878226
2.291620193427939
1.3787834934861753
2.1416195253341384
1.789929075309999
1.4591479170272448
1.4591479170272448
2.5967916319816364
2.291620193427939
2.049452072789394
2.049452072789394
1.896240625180289
1.867633890971212
2.473851389610045
2.396782221599798
2.353533948577482
1.8810947601100747
2.049452072789394
1.780672129520887
2.292481250360578
1.7924812503605778
1.879964948727111
2.146465798504072
1.789929075309999
2.521782221599798
1.9479560071639488
2.292481250360578
2.092048634278341
2.077819531114783
1.676737030052133
2.049452072789394
1.9473387961875537
2.5073801024236357
2.049452072789394
2.2516291673878226
2.1735572622751853
1.8565647621309542
1.4949188482339508
1.3787834934861753
2.2450240449019394
1.7947367178034825
2.1887870678023824
1.8810947601100747
1.7924812503605778
1.8676338909712125
2.049452072789394
1.789929075309999
1.867633890971212
2.125814583693911
2.219240704636849
2.699513850319966
2.0349409139562287
2.432009071890309
2.292481250360578
1.6171895725927152
1.360964047443681
2.2890179898186576
2.0
2.1739731346044096
2.0
2.0930692077718898
2.125814583693911
1.5943029514736247
2.049452072789394
2.3905221638730176
1.9248240667373948
2.146465798504072
2.47834596772504
2.562292189082415
2.0119209285947934
1.7360411676599226
2.396782221599798
1.657742726504889
2.125814583693911
1.896240625180289
2.125814583693911
1.8676338909712125
1.3787834934861753
2.1179631753145163
1.9254106352407234
2.2609640474436814
1.9508257945180885
1.867633890971212
1.8810947601100745
1.867633890971212
2.0349409139562287
2.3208020839342964
2.396782221599798
1.617189572592715
2.292481250360578
2.0
1.8850931455708966
2.125814583693911
1.8676338909712125
1.3787834934861753
1.7924812503605778
1.789929075309999
2.0294069451656007
1.4591479170272446
2.049452072789394
1.9764892117991657
2.260820318171659
2.319240704636849
1.8423709931771086
2.556656707462823
1.7924812503605778
1.7273966735744792
1.7518834359763853
2.249287068652159
1.8676338909712125
1.867633890971212
1.7924812503605778
2.375
2.2096909728231857
1.8676338909712125
1.9814963295286754
1.676737030052133
2.278351811711312
2.4225797618424916
2.0972133988213417
2.199687794731328
1.311278124459133
1.9591479170272446
2.5073801024236357
1.8676338909712125
1.8676338909712125
1.789929075309999
2.128085278891394
2.403677461028802
1.8919954870390203
1.6577427265048887
1.9591479170272446
2.604667062400097
2.592648109286248
2.3171213920857263
2.248529327128576
1.9068905956085187
2.3030884293055616
2.125814583693911
2.206238928653389
1.7381493331928661
1.8676338909712125
2.3627402784989338
2.3959988705348416
2.014249447301101
2.049452072789394
1.6893917467430877
1.867633890971212
1.867633890971212
2.375
1.7884504573082893
1.789929075309999
1.8676338909712125
2.4092672522514684
1.867633890971212
1.8810947601100747
2.125814583693911
1.7924812503605778
2.260820318171659
2.33012496531497
2.128085278891394
2.403677461028802
2.270942421748537
1.9473387961875537
1.8250112108241772
2.3627402784989338
1.763856189774725
2.25
1.5744174271404585
2.1416195253341384
2.0
1.7464657985040721
1.867633890971212
1.4949188482339508
2.3301249653149703
1.867633890971212
2.125814583693911
2.196791631981637
1.4591479170272448
1.9751060324573733
2.1258145836939115
1.4591479170272446
2.128085278891394
2.3627402784989338
1.8676338909712125
2.0349409139562287
1.676737030052133
2.049452072789394
1.867633890971212
1.8695674068835244
2.049452072789394
1.7381493331928664
1.4591479170272448
2.39649580521319
2.206238928653389
1.7841591278514217
1.789929075309999
1.8389205950315937
2.2890179898186576
1.7154535460473683
2.521782221599798
2.217021885879718
1.6858157091530304
1.7924812503605778
2.049452072789394
1.9877733714879842
2.125814583693911
1.7924812503605778
2.2810361125534233
1.7924812503605778
2.219240704636849
2.5
1.8814963295286755
2.5073801024236357
2.078491674029184
1.7295739585136223
1.8077635764171942
1.789929075309999
1.2516291673878228
2.0
1.7381493331928664
1.753434386188785
2.049452072789394
1.4591479170272448
2.125814583693911
1.650022421648354
1.9399824743635556
1.9990298316961874
1.9591479170272446
2.292481250360578
2.125814583693911
1.9211854965885542
2.077819531114783
1.4591479170272448
1.4591479170272446
1.9591479170272446
1.992778107459939
1.7295739585136223
2.125814583693911
1.6858157091530304
1.789929075309999
2.2096909728231857
1.5024428485031358
2.049452072789394
1.3816448513162094
2.1280852788913944
2.139721832409614
2.049452072789394
1.8423709931771088
1.3516441151533922
1.867633890971212
1.8676338909712125
2.011920928594794
1.9591479170272446
1.867633890971212
2.125814583693911
1.6858157091530304
1.8676338909712125
1.7841591278514217
2.260820318171659
2.049452072789394
2.049452072789394
2.2096909728231857
2.472905595320056
2.128085278891394
1.7295739585136223
1.9276822926042523
2.291620193427939
2.0930692077718898
1.8676338909712125
1.8799649487271108
2.521782221599798
1.9738679001163062
2.463458298648303
1.8676338909712125
1.8676338909712125
2.1280852788913944
2.5566567074628237
2.403677461028802
1.4591479170272448
2.108744411015932
1.822815600352516
1.3787834934861753
1.867633890971212
1.5510981710072647
1.822815600352516
1.8931558784658322
2.1280852788913944
2.2608203181716595
2.3942811477133943
2.353533948577482
2.199687794731328
1.7464353842388933
2.125814583693911
1.4591479170272448
1.7924812503605778
2.199687794731328
1.9138909867280645
1.9764892117991657
1.9732285161344476
1.9751060324573735
2.125814583693911
1.8676338909712125
2.074164743022575
1.4591479170272448
2.219240704636849
1.6858157091530304
2.2051099000738694
2.2485731395538666
2.3267721485152837
2.049452072789394
1.7609624596749829
2.403677461028802
2.5073801024236357
1.870253816431622
2.049452072789394
1.8676338909712125
1.6210661051949176
2.195554605363321
2.09098996700847
1.9657678078192213
2.3482662545706745
2.077819531114783
2.353533948577482
2.353533948577482
2.1316389445469857
1.6171895725927152
1.6171895725927152
1.5394847569315018
2.077819531114783
1.8230264907128848
2.0
1.9591479170272446
1.7944684148604482
1.8322488896002305
2.0814963295286755
2.291620193427939
1.7394541964918901
2.521782221599798
2.25
1.4949188482339508
