Shannon_Entropy
1.5968208051984956
1.3499214199431195
1.543751954420502
1.5537631144722455
1.838758680915008
0.9463729359854419
0.4854607607459134
0.9463729359854419
0.0
0.6722948170756379
0.8475846798245739
1.514185957637955
0.8841837197791889
1.3181494278087345
1.5372952641634292
1.5919171866886992
1.281372527002018
0.8904916402194913
1.224394445405986
1.4429445732025612
1.7332062193464952
1.103307408607834
0.9912642605354288
1.5692016899005172
0.39124356362925566
1.599096205521549
1.6909338059596861
1.7990077544108969
1.898246721962494
1.7900504167841063
1.5474571592060489
1.383866329597683
1.9788086946230647
1.2677702161044204
0.9055872616982603
1.3159669973441042
0.9451696091196163
1.4716022614097979
1.3603059777020794
1.215533232382473
1.3110022671212271
1.0230370655328809
1.2304244196889744
1.34796645396881
1.6469666682736497
1.0476747992754052
1.2158749624422407
1.186278124459133
1.3752793655393791
1.4015101887362598
1.3094873517384964
1.6668127273868607
1.2309595631140104
0.0
1.6113834567195195
0.8034598766312913
1.6143180698290447
0.9463729359854419
1.391662055620835
1.402993418443045
1.5950791344612634
1.8203612224162218
1.1588881438350702
1.1119705078703117
1.612197222702993
1.7227998429797011
1.2901208527411523
1.4716022614097979
0.6343095546405662
1.5605187584273001
0.9980008838722996
1.5490337972561714
1.1981174211304033
0.9975025463691153
1.4466479595102752
1.2567796494470393
1.2319817814011402
1.0540157730728
1.2115696121630875
1.3628504699855937
1.2932019370674834
1.6282202760321465
1.3105673797344795
0.0
1.7925730902686046
1.5198391430437928
1.6244143985316333
1.5654483718208252
0.9463729359854419
0.9709505944546686
1.7960885595978366
1.9685381970127551
0.5665095065529053
0.962280140500009
1.8574814663422343
1.683178379400694
1.6188386818320677
1.5354825551597984
0.7219280948873623
1.8085947862963576
1.6589797521242051
1.6786412049056305
1.6804820237218405
1.7455574250275927
0.4394969869215134
1.103307408607834
1.4466479595102752
1.4609640474436811
1.590468570732828
1.2252357794710609
0.7871265862012691
1.6798229071556268
1.0529815751302694
1.5262478375872606
1.6505565761847156
1.207518749639422
0.9000224216483541
1.609427722600876
1.5492111247114508
1.4784401528810396
1.275162982784857
1.4955380299191112
1.379558855444687
1.3917601481809734
1.4166021167991398
0.0
0.0
1.5166422780956523
1.6627992560224794
1.6282202760321465
0.5489544344250401
1.0892300788425848
1.6573645313354703
1.4256051990169438
1.2220334913046598
0.5916727785823275
1.49692754611459
1.2378869597357536
0.8343470230852538
0.0
0.5689955935892812
1.2866926683547546
0.7732283485249176
1.022420703848328
1.0
1.9292776059351575
1.3498622069862687
1.85821548176108
1.6597218324096137
1.8204381454113916
1.7154746521238278
1.6387838670649262
1.3716407621868583
0.7732283485249176
1.221694907636328
1.022420703848328
1.311278124459133
1.8787956770090577
1.418260181575575
1.5204260414863777
1.9730316649394282
1.2332247882202196
0.9819407868640977
0.5489544344250401
1.7334834339268832
1.5924914175403326
1.3244602933016414
0.8112781244591328
0.4394969869215134
1.272905595320056
0.3809465857053901
1.562688039303908
1.5577277787393193
1.5739889616503064
1.275162982784857
1.6276575936849547
1.6158045319402516
1.2319817814011402
0.0
1.1699698555658615
1.3699740752745009
1.6511972890007982
1.6636046175975006
1.3216069583883467
1.3361602543738118
1.56560173299672
1.3310979448748697
1.6277637415297184
1.456564762130954
1.4154372473067622
0.28639695711595625
1.1221136771091087
1.7638421227824586
1.8267893530537787
1.058277043226334
1.5016144718101818
1.4185644431995963
1.6368421881310118
1.690187572942705
0.5225593745369408
1.5156546557441946
0.7424875695421236
1.6183941088363927
1.2448406699719212
0.7732266742876346
0.0
0.0
0.9912642605354287
1.379558855444687
0.0
1.3378828801986753
1.842240596410397
1.6968428034773932
1.773011489738988
1.3235315761100483
1.6393210497942587
0.5435644431995964
1.6627992560224794
1.5919171866886992
1.0834189322427712
0.8366407419411672
0.0
1.9091717851902883
1.6841857369084339
1.4256051990169438
0.41381685030363374
1.722266311943983
0.5435644431995964
1.9628150414142902
1.4534909080039504
1.1272861724393435
1.1358900852326344
0.0
1.7142977509479211
1.7176228198864123
1.643967098480141
1.4154372473067622
1.6244910799775072
0.41381685030363374
0.37123232664087563
1.0949143184120975
0.3372900666170139
0.5665095065529053
1.6922718656836107
0.9055872616982603
1.4237949406953985
1.8846142455952375
1.7665504966998746
1.4769092849936094
1.4609640474436811
1.736006946447656
1.629426478463768
1.6709505944546688
1.6152502650882519
1.5626880393039078
0.6685644431995964
1.5227119556807576
0.7793498372920851
1.0892300788425848
1.2309595631140104
0.7732283485249176
0.0
2.0530206221435394
1.4814263129521534
1.9232517969803373
1.7709505944546688
1.4955380299191112
1.720616644881894
1.4591625473853986
1.4538506980514574
1.6964317820898214
1.4534909080039502
1.8643193502804003
1.5830293371261939
1.6781936341987846
1.7653094974242587
1.6709505944546688
1.491013870758994
0.8343470230852538
0.6193821946787638
0.41381685030363374
1.2949950747154697
1.1841407621868583
0.747584679824574
2.1337314206421327
1.5811939151955812
1.439254017211876
1.8561962982193794
0.4689955935892812
0.9852281360342515
1.5487949406953985
1.4970151057384782
1.6477309221191607
0.7793498372920851
1.730028486319706
1.37088490928384
1.497385205007079
1.0719280948873624
0.7758612983564362
0.41381685030363374
1.2309595631140104
1.997224320061398
0.5916727785823275
0.9463729359854419
1.6369602933016414
1.3716407621868583
1.436545552091029
1.2917601481809733
1.6369602933016414
0.9463729359854419
1.5867707408723835
1.5141859576379553
1.7273536033721064
1.2419460322060458
1.3032782651297383
1.6635819199522097
0.7793498372920851
1.2554312795575997
1.4256051990169438
1.8987023210363865
1.2361862832554125
1.4051091271048741
1.3446983751597128
1.497385205007079
1.522915303449671
1.4627552262645034
1.4056390622295665
1.2332570395415439
0.5489544344250401
0.9141828384352135
0.6402064333604701
1.1475451506656411
1.2309595631140104
1.533206219346495
0.5887312773389103
1.497385205007079
0.74959525725948
0.0
0.3095434291503252
1.4256051990169438
0.5131851787372753
1.3278754646456608
1.2994705707972523
1.6387586809150083
1.7236031886662118
1.7909273997744424
1.8240460500219924
1.6567796494470395
1.6289033754296505
1.5567796494470394
1.6709505944546688
1.158938532350277
0.41381685030363374
1.5177785016780345
1.4716022614097979
1.4716022614097979
1.7533290512626212
1.117458470184207
1.4689955935892813
1.3784188527203236
1.321606958388347
1.5398070003680888
1.8710191208788398
1.4116877593742698
1.3356184936499524
0.8030717273241024
1.3699740752745009
0.32984607020714635
1.086943753557998
0.6402064333604701
1.6821501304958755
1.6513792982845024
1.3244602933016414
1.2866926683547546
0.5225593745369408
1.311278124459133
0.7642045065086203
0.0
1.4108478748063633
0.26676498780302604
0.0
1.192250860234642
1.0534081504863568
0.41381685030363374
2.0120039313868046
1.0
1.598816797162542
1.0892300788425848
1.704381457724494
0.4394969869215134
1.2210477851797181
1.4320062125405801
0.0
1.6627992560224794
1.1981174211304033
1.4772170014624826
1.2494602799216175
1.5577277787393193
1.683819701242479
1.5590407098181929
0.7345299214394703
1.505849095061444
1.4166422780956525
1.5683182557028439
1.6068322783181097
1.2366407419411674
1.608700165519891
1.2554312795575997
1.7550118241789237
1.757369994377047
0.9612366047228759
1.640381144589324
1.794468414860448
0.8366407419411672
1.7474130395316416
0.0
0.0
1.272905595320056
1.4516607643577668
1.5131342086706439
1.0214554656116666
1.367043929664229
0.7793498372920851
1.271782221599798
1.4166422780956525
2.079866219932571
0.8485481782946158
1.586965670369073
1.4339628303832201
1.0892300788425848
1.9398844292635018
1.5783898247235197
1.773125581013778
1.5016144718101818
1.633551333777253
1.3685225277282065
1.1488348542809166
1.3699740752745009
1.0529407605626346
1.541982284286398
1.3752793655393791
1.4256051990169438
1.014097655573916
1.6388067184095578
1.3752793655393791
1.3108855473118677
0.5907239186406502
0.5916727785823275
1.1386865525783176
0.9182958340544896
1.0896280334641606
1.633551333777253
1.633551333777253
1.633551333777253
1.6321761237537793
0.9819407868640977
1.8162530925512688
1.680155966959864
0.9224779949381434
1.3290960425842888
2.0019808521047113
1.9123508077539726
1.4776944096256033
0.9886994082884974
1.3235315761100483
1.6055581251322295
0.6500224216483541
1.7494939589301068
1.633551333777253
1.622255854132045
1.4762856555827248
0.833872975927971
0.9940302114769565
1.2366407419411674
1.580000754875826
0.0
1.2304244196889744
1.2419460322060458
1.6235166412180149
1.3235315761100483
1.5614870219474737
1.4179493739444216
1.6779842806377734
1.3931271734483175
1.3382689280764646
1.6113834567195195
1.765246528378741
1.8149455891497532
1.1411535278793055
1.2554312795575997
0.808841873546263
1.6310381865233086
1.7296798965037294
0.7793498372920851
0.9967916319816366
1.4294732983598406
0.9182958340544896
0.0
0.8325668802427404
1.3699740752745009
1.3294340029249652
1.4256051990169438
1.5032583347756456
1.3630083113425158
1.9591479170272446
1.4913146570363986
0.0
1.8016094970590273
1.3294340029249652
1.1866483258878036
1.7133792916823751
1.4679291712032845
0.3372900666170139
0.9709505944546686
1.2951979184837379
0.0
0.0
1.1336983823367466
1.2571629874320889
1.2577148214953864
2.0494520727893937
0.9463729359854419
0.9463729359854419
1.5795113260786042
1.6196068993294115
1.442508097190614
1.4180260055608094
1.3792804872910605
