Shannon_Entropy
1.7090111657947302
2.424441975303965
1.808321139047826
0.0
2.1234786725698864
2.349734087940844
2.490395933451287
1.8389205950315937
2.059180687836706
0.4689955935892812
2.2348858145753727
2.438074564811725
2.4719572949894855
2.4817062775743137
0.9463729359854419
2.259083097957089
2.167893719107328
2.4753420809096056
2.4104682884857804
1.979411019776041
2.4189370883802
2.3206082735595066
2.068096693865725
0.4854607607459134
2.3177224818376847
2.309119945215237
2.18950846755862
1.56151018873626
2.5317598090722466
2.023219672335508
1.7656051778883526
2.4286417500459225
1.8328773369500169
2.346042184277248
2.2266523289565594
1.561278124459133
0.8841837197791889
1.653006546428256
2.4176365612811064
2.312367939321885
2.1636473244345327
2.2837209487134813
2.368626181738004
2.5691419899920556
2.5827230088457283
2.0323032427439522
1.5058762556041068
1.6437756649328104
2.0692546024449165
2.605516191543203
2.0141467614227277
2.0373287222870076
2.619555601836841
1.4885252948977485
2.409661068137345
2.2003618866019155
1.6922718656836107
2.5117374334224665
2.8010332553205646
0.9912642605354288
1.5692016899005172
2.4191133005120027
0.39124356362925566
0.4689955935892812
1.8210319581338212
1.8210319581338212
1.874329425616622
1.9715936758374515
2.08282985618071
2.2318867280513808
1.99891573303371
1.6457113704075788
2.5589798067462928
2.022715823275322
2.256276752027749
2.6420830030751588
2.0532635745669556
2.5153510691205123
2.3153434003548825
2.1430332951935727
2.0972444899122604
1.8498687225851778
1.3603059777020794
1.215533232382473
2.0687942075658454
1.3110022671212271
2.7464645644232903
2.2958115616542822
1.7229712791784753
2.1043866573732015
2.3674639245815636
1.6577427265048887
1.7732143550933814
2.5916727785823275
2.7181965880582526
2.2333901696636165
2.3716287152428546
1.2957378005380122
1.207518749639422
1.6627992560224794
1.6163485660751646
1.8904774309701482
2.2621657094152687
1.7527152789797047
1.2304244196889744
1.34796645396881
2.436414669315459
2.4713514709233393
1.8452178053170998
1.8005915111771855
2.1429146733542535
2.312181501478344
2.5662362455041787
1.5465935642949382
2.8885543926885147
1.2158749624422407
1.3346791410515946
2.36910348037298
2.3627343843337187
2.615096688051362
1.9762865966786298
1.9676064223296477
1.6736887464408166
1.7903093997008197
1.7987343707067043
2.5857066974010072
2.5123089436548973
1.8611279134806367
1.6143180698290447
2.182321322410861
2.561211300864365
1.8419171866886992
2.2122492257800817
1.402993418443045
2.563866339507544
2.4924349660447924
2.0865861558952363
2.474924248721073
1.3601488736931509
1.3563703988662144
1.5465935642949382
2.152439983737665
2.139353872167201
2.1535654389463628
2.4689462981346573
2.2830741894285698
2.413562990986787
1.7987949406953985
1.2901208527411523
1.8294732983598407
2.389758003492557
2.077235445408308
2.528378262772749
2.5045181342228293
1.6737949406953985
0.6343095546405662
0.8658566174572235
1.5605187584273001
0.9980008838722996
1.8892464285091581
1.9997566408674696
1.683240358011977
2.0027283226039927
0.9975025463691153
2.037934648348863
1.952024350504391
2.0993603054723997
1.0540157730728
1.8616776594855922
1.3628504699855937
1.9091717851902883
2.145451399311646
1.2932019370674834
2.4079610319175835
2.372086153649881
2.2133161604336076
0.0
2.078491674029184
2.1040437177782714
2.0687942075658454
2.228446105391688
2.4595479299028358
2.2471671973069336
2.1025549500369345
1.5654483718208252
2.3889493216907822
2.4743029514736246
0.9463729359854419
2.2698157169987727
1.7743974703476992
2.1273877651912745
2.7056266578306567
1.565596230357602
1.7534343861887849
0.9709505944546686
2.5935220318541274
2.0418145155018155
2.564579634291882
1.5416892248400094
1.7055872616982604
1.7469152532855432
1.532914563979398
2.177694271103767
2.4156614701917634
2.3011881640024847
2.400041972549493
2.1040437177782714
2.0587462305923774
2.5132573948840577
2.1219022493979436
2.33822191859112
1.9990298316961874
2.016875695766564
2.1642406673220957
1.892161150798107
1.384431504340598
2.3259073938339467
2.4086949695628417
1.66231881450997
1.4488156357251847
2.3919162464160424
2.6280729963885094
2.1566333532404145
1.8085947862963576
2.061513723181141
2.3598106481098773
1.9732285161344474
2.2202895764172954
2.36492792579572
1.6266888497018317
2.5256733260273823
2.258633691197924
2.483997240862472
2.186278124459133
1.5760875253642985
1.5058762556041068
2.276929658423764
2.075074223172834
2.459147917027245
1.8763576394898522
2.218542602257215
2.158379489725165
2.359256433399675
1.8512268158971916
1.4466479595102752
2.217944441199822
1.9208400567041235
0.0
1.9627598117971012
2.1961054356564604
1.970124740700467
1.0529815751302694
2.0833487309035266
2.3165792334294135
2.145253436919877
2.2673668341785036
2.4697535340397483
2.4346375361261794
1.6505565761847156
1.8751310486364097
1.207518749639422
2.482617092008512
2.009503136240296
2.3342564252133498
2.2343783242001254
2.605388542207534
1.8776402831734211
1.945530556036326
1.9772354454083079
2.002443082045921
0.9000224216483541
2.0975923961626832
2.1405180562767114
2.1405180562767114
2.0207277798007865
1.5306189948485172
1.5492111247114508
2.40400975732486
1.9694206545886161
1.4784401528810396
2.0708501495695995
2.4788196543894405
1.3520301017579528
1.9197367178034825
2.49860053069482
2.2322628970242686
2.4139119513005474
1.5058231002082845
2.485508406742333
2.1609640474436813
0.5032583347756457
2.1805577739257878
1.3917601481809734
2.4022921890824147
1.8323895098109495
2.0761549894554676
0.0
2.034709089239382
2.3404514287124565
1.7283333718146277
2.471251836004466
2.504917858661107
2.424230472150298
2.2662649802318
0.0
1.5166422780956523
2.2122028491557018
2.3318237529915216
1.7534343861887849
2.372966377227965
1.8828560636920488
2.4099217378968496
1.9115339911368305
1.6282202760321465
2.114713031115756
1.7382689280764647
0.5489544344250401
2.369696689044702
2.2947720006885386
2.4914599313418173
2.3921530325775926
2.3592564333996746
2.3179508276569885
1.0892300788425848
1.9166422780956522
2.5365766899407323
2.0438096010281543
1.7489992230622806
2.7525842461721624
2.214812224859865
2.375
2.4262927116736352
1.4256051990169438
1.6390630381652402
2.770127275995119
2.859049783789271
1.4733000295584044
0.8343470230852538
2.5998625053956426
2.4615179634873945
1.9730316649394282
1.781937063546704
2.4261444493561783
2.516503889409431
1.9504809632118365
2.1440239107574226
2.4864983643832073
1.953152587415111
2.785370086995359
0.0
1.9728434744438172
1.656174830439973
1.2866926683547546
2.4656044744551613
0.7732283485249176
2.0532359131272915
2.5531652632461412
2.2671178759649178
2.301578993436299
1.6894822670191825
1.0
1.99829757027802
2.3551140003645252
1.8638263900908156
2.4583953217780126
1.6640331805250057
1.860738138021465
2.532521034173334
2.513131786553473
1.746465798504072
1.9007868342468637
2.440223928941852
2.171879780726823
0.7732283485249176
1.871602261409798
1.4849113480322524
2.3238933564675994
1.7734668317945952
1.5465935642949382
2.1049443190073633
2.3715335947907836
2.022157024786955
1.9542678026603597
1.6894822670191825
1.4080429822936391
1.7334834339268832
2.5403601354413774
1.8496017527145812
1.8496017527145814
1.5924914175403326
1.3244602933016414
2.491526221763273
2.4712232976803366
2.3671006757770066
2.4540031740837445
1.9879788990352445
2.626943556755115
2.662570145985585
1.6137129703673825
2.2266523289565594
1.719973094021975
1.5058762556041068
1.871602261409798
0.3809465857053901
2.238875959390825
1.4299111709758698
2.655968102145908
2.465076031862108
1.9948414446449676
1.9698110652780971
1.275162982784857
1.8824373408045867
2.5352694109407437
2.262824692361507
1.2319817814011402
2.0294069451656007
2.176372890435935
2.4071453756241565
1.749636557720882
2.5882911224149203
2.195461844238322
2.253553208956351
2.2609640474436814
1.0
1.2389012566026305
2.552584246172162
1.7232314287976207
1.1699698555658615
2.6687286923395663
2.194118149113065
2.820480299496698
2.304923606596762
2.536608254391499
2.6159275465533005
2.2399351903050047
2.1581047637021826
1.8294732983598407
2.2527936308491303
1.6457113704075788
1.3361602543738118
1.56560173299672
0.8658566174572235
2.0626563480372715
1.3310979448748697
2.507025569483803
2.2458696177958086
1.456564762130954
2.4012254643251465
2.761462919650295
2.2068208838765324
0.28639695711595625
2.317950827656989
0.9456603046006401
1.1221136771091087
2.1190906060480934
0.0
2.2499125667627466
2.096822633626531
2.601118486149385
2.490132639101286
2.0902465950779754
2.513566272497281
2.453161482525489
2.4954618442383216
2.508838711662683
2.861602861813529
1.8024212838293647
1.7961985262760973
1.6894822670191825
2.4474015047059146
2.8129915186045062
1.9274512249645188
0.5225593745369408
1.5156546557441946
2.389097655573916
0.7424875695421236
1.8802408149441479
1.6183941088363927
2.541019446207271
2.657292913022276
2.576789898194071
2.0534426554859957
2.6644903010764396
1.2448406699719212
1.3520301017579528
0.7732266742876346
2.1405180562767114
2.1405180562767114
0.0
0.0
0.9912642605354287
1.9879788990352445
1.8419171866886992
0.0
0.0
1.3378828801986753
2.086817885722588
1.9214804607802791
2.459282221599798
2.0323648030057373
2.186704345910025
2.2869851690614382
2.4845220299965507
1.4800836951874476
2.5722833058537984
1.5485806065228545
0.5032583347756457
0.8658566174572235
0.8453509366224364
2.041814515501815
2.1766352793034835
1.8498687225851778
2.2477309221191604
1.5465935642949382
2.0201866968442483
0.0
2.149026099395914
1.5485806065228545
2.6906993328423066
2.4660927703269078
1.3092966682370037
1.957939355321115
2.318028043097911
1.6973387961875537
0.0
2.0321654021612106
2.451894558927023
2.5063788781058816
2.185475297227334
2.5214821954054263
1.825605199016944
1.9749375012019268
2.049452072789394
2.341677055549847
1.7743974703476992
1.9197367178034825
0.41381685030363374
2.735871936959345
2.410423086828028
1.5569010760354054
1.9628150414142902
2.273622566411168
1.6578764348499595
1.4534909080039504
0.4689955935892812
0.4689955935892812
2.312907291846956
1.799123446274765
2.413432652205187
2.091658856778468
2.2724994555866935
1.8892464285091581
0.0
2.104741231478391
1.929309207916729
2.4192789744377787
1.8050365325772657
2.1622921890824145
1.876654497859216
0.0
2.3144908557451114
2.4156043943237644
1.3346791410515946
1.7176228198864123
1.9385822279101392
1.6113834567195195
1.4154372473067622
1.836185763892852
1.3143204867061788
0.8166890883150209
2.365555677688868
2.247224320061398
2.0985798617120746
1.6879430945989
1.9762822787735768
0.41381685030363374
0.37123232664087563
2.419470570797252
2.5784735352712205
2.500793966716651
2.2167643535345496
2.299896391167891
2.5246850668814873
1.0949143184120975
0.8453509366224364
2.2719907034140907
2.107833210824613
2.344462299865442
0.3372900666170139
1.6879430945989
2.3607990716237603
0.5665095065529053
2.5967205128476243
0.9456603046006401
1.6183941088363931
2.1349699746039406
0.9055872616982603
2.4353713907745327
1.4237949406953985
2.5044984515601634
1.7263472243434208
2.7589890846697496
2.37463598417279
1.61078454839968
2.3696966890447024
1.5052408149441479
2.273411192621123
2.1787414711188835
2.2153603572973033
2.391423149269947
2.368925079361264
2.0353433020063356
2.6104898555396545
2.517226962994476
1.5546097612655665
2.2448700637104038
2.5648894517332406
2.2969371097526867
1.9528195311147831
2.2577174691301485
2.2261893459091477
2.500772335565046
1.7264741182543755
2.46854157590064
2.4164367187082396
2.586052714980027
2.29348449561955
1.8441905107042982
2.5104156397340547
2.372096688995876
2.353759374819711
2.1719625552180295
0.4394969869215134
1.610577243331642
1.5919171866886992
2.1149798205164814
2.4130884364257574
2.5600289361122233
2.189238255803027
2.3918253194511205
2.324848729602135
2.157549965552206
1.9672079175777322
2.2676481992840625
2.0602489763846963
2.289432036254818
2.0566416671474372
2.651678079965768
1.936278124459133
2.2667574842042293
1.8931558784658322
2.2712968237546782
1.771782221599798
2.5225710170393163
2.4566005464223477
2.371346433249389
2.6725535823855564
0.7793498372920851
2.3928895665397176
2.383593219149464
1.6266144718101818
2.0580531366523855
2.1324373408045867
1.9364823836654392
2.17347613770566
1.610577243331642
0.7732283485249176
1.8980933736695382
2.2051099000738694
2.379370261888742
2.349648912578752
2.5246850668814877
1.6266888497018317
0.0
2.450699332842307
1.9485599096166806
2.095440844933718
2.3010705524843864
1.4814263129521534
2.254021662471596
0.4689955935892812
1.6737949406953985
1.7709505944546688
2.4513073660949605
2.5953778454668432
1.8552419173638843
2.0399627277632293
2.3094091223098627
2.4306324094907477
2.131407607854671
2.0904237560486028
0.4689955935892812
2.5532988794957028
2.5261963675754195
2.3196275363413568
1.6879430945989
2.4544576389076282
1.9533040442609688
1.8062389286533895
1.9830841641434374
2.466352319133067
2.1971597234241487
2.3130423017938644
2.0426923830104218
2.099843897365664
2.4569885365913753
2.413911951300547
0.0
2.275170354773194
0.8166890883150209
2.0760234188338194
1.7653094974242587
2.1597529331037872
2.3622673813539397
2.5147119710906907
2.60686194063884
2.0939119513005475
2.3889103877501117
1.491013870758994
2.5772931264133154
0.8343470230852538
0.6193821946787638
1.6954618442383218
0.41381685030363374
2.43843233544151
1.6644977792004614
2.2417812580773235
2.5384713945991138
2.605091054934494
1.2949950747154697
0.7219280948873623
1.1841407621868583
2.3302712842641675
0.747584679824574
1.4885252948977485
2.6430528965360356
2.025530007843451
1.8854019766331376
1.8710191208788398
2.6221729009296677
1.5435644431995963
2.2536900512118176
2.399032346290747
1.5589385323502771
2.2159220638351664
1.7263472243434208
2.4724559130730865
0.9852281360342515
1.9246733686301718
2.2603555297522187
2.616773092271489
2.3208436135186057
2.164424652422237
1.9951805283708426
0.7793498372920851
2.0602489763846963
2.3893109127928365
2.013911156578927
2.5622921890824144
2.462683189255492
1.7534343861887849
2.424548822611322
2.3399229603149934
2.509508018029841
2.1992818130163667
2.362575237258259
2.474601752714581
1.771782221599798
2.079627536341357
2.0713451397302376
2.4918638711352497
2.3758145836939115
2.0157404324930677
0.6840384356390417
2.2390183299752544
2.1990861651135254
2.3015004226233424
2.387918502671133
1.658040253688799
2.466705409005459
2.1426643555488485
0.0
1.0719280948873624
1.9523612813926658
2.523451980501093
2.1609640474436813
1.1897928209501116
0.41381685030363374
2.4833796645133197
2.099598313565133
1.2309595631140104
1.9386790169573507
2.2478288180260253
2.0796275363413566
1.9943029514736248
2.163828967056586
1.867633890971212
1.0957952550009336
2.08132205902363
1.822815600352516
2.0774890244986026
2.1527217381013255
2.0116298903693024
1.188721875540867
2.441605490647174
1.967207917577732
1.3716407621868583
1.822815600352516
2.065957320949175
2.0681287213162984
1.4913146570363986
2.2488484642526356
1.6774212838293647
1.5058762556041068
2.429494520451445
2.2188548967005404
1.6729055953200562
1.7931390955233273
2.458688570451097
2.259420773186495
2.6252508969759467
1.5867707408723835
2.4073860938711573
2.2997906153230323
2.3065276378733133
1.7534343861887849
1.9843434788584122
1.2419460322060458
1.6719885399778138
2.5778254431156897
2.167124282150162
2.1792365361682795
2.5329269432285484
2.358300372486498
1.8871903263515846
2.185475297227334
1.9903166968736787
2.4955112727386135
1.8004537364931437
2.2183641295938012
1.9268680175017439
2.483308571569599
1.9669171866886992
2.3699016672109163
1.8638263900908159
2.289503844422248
1.9669171866886992
2.1527217381013255
1.4315602842833157
2.0799264523198415
2.2894320362548175
0.9456603046006401
1.4051091271048741
1.7382689280764647
2.1406064599010723
1.3446983751597128
1.8437519544205019
1.8389205950315934
1.8565647621309542
2.5311293540650146
1.6922718656836107
1.9440097497163569
1.7363568979772654
1.522915303449671
1.4627552262645034
1.7382689280764647
0.0
2.713635356533726
1.8980933736695382
1.930080144111599
1.4056390622295665
1.8892464285091581
1.2332570395415439
2.3319805666410693
0.5489544344250401
2.4406363526732666
2.3648621050653817
0.9141828384352135
1.9920139962755845
0.6402064333604701
2.208919674672959
2.347312051491349
2.4972007752509273
2.18950846755862
1.6494003762381348
1.587834149590811
2.406647097785926
2.4100665864959656
2.131300342505361
1.746435384238893
0.0
0.3095434291503252
1.7723388509380997
1.2389012566026305
0.5131851787372753
2.454986855772667
1.9657678078192216
2.023219672335508
2.2103047254172687
2.298509206509755
2.3131006664157687
2.1452221012171484
2.141821596022348
2.1609640474436813
2.1716471811466906
2.153291231890481
1.2994705707972523
2.116299605701696
1.5546097612655667
1.871602261409798
1.7676503615477757
2.782780668666054
1.7961796919474975
2.316906450116482
2.210699332842307
1.8085947862963574
1.7990077544108969
2.0192365361682794
1.6567796494470395
1.8937360091690927
2.5783055165122724
1.158938532350277
2.390954034227023
2.2717374334224663
0.41381685030363374
0.0
1.41379956460568
1.9334975949679492
1.711435034456722
1.2516291673878228
2.262362377388257
2.233997907838827
2.3702538164316223
2.1124876891689537
1.4716022614097979
1.5919171866886992
2.188605019032325
2.2967870144173292
1.7735572622751854
2.617823219360552
2.294059911434081
1.2001882589854418
2.3825264723482737
2.0744803505299636
1.3784188527203236
2.2953570516174424
1.321606958388347
2.413088436425757
1.786029760426898
2.1895084675586194
2.3895565292240044
2.045925424535202
2.7263640958741604
2.23698375547452
1.5770501738020193
1.7916674843771045
0.8030717273241024
2.252382634930252
1.992778107459939
2.1711395066729176
0.8658566174572235
0.32984607020714635
2.5019011889093368
2.018310781820059
1.9386790169573507
1.851226815897192
2.4191133005120027
2.05632607578088
2.4344177962431743
2.1238738112583997
1.086943753557998
2.2595706249092276
2.4213152774012365
1.9808259362290785
1.5916727785823275
2.62025908241042
2.197965046876722
2.3711959760363217
2.1622358759201323
0.6402064333604701
2.622500946047902
2.3251479208684382
2.0836903892064838
2.0
2.0814963295286755
2.114805144339332
2.1414460711655217
2.197965046876722
2.3711959760363217
2.1622358759201323
2.197965046876722
2.3711959760363217
2.1622358759201323
2.2986806089179543
2.2986806089179543
1.3244602933016414
2.2025459616189687
2.136057200263827
0.5225593745369408
1.311278124459133
0.7642045065086203
2.321812890933273
0.0
1.5058762556041068
2.224576009144925
0.26676498780302604
2.3111197773146976
0.0
1.9239771759778455
2.2896911372753768
2.5305294890004264
2.153291231890481
1.0534081504863568
0.41381685030363374
2.808721042835415
1.0
2.3699100232740657
2.2055716462050174
1.9148147454380162
2.717021885879718
2.604748694570496
2.1678745879098806
2.385256822154024
2.069138368194343
0.9182958340544896
2.016875695766564
1.9110928353580845
1.0957952550009336
2.0350849518197798
1.4320062125405801
0.0
2.374693951646702
2.595633682970531
2.2440954395801542
2.253553208956351
2.048542139499064
2.523285135022641
2.0822784598812127
2.0170949781550753
0.9219280948873623
2.7166238110793626
2.4792336948111924
2.3608015840569645
0.5032583347756457
1.929309207916729
1.781937063546704
1.2494602799216175
2.1342638865876546
1.8970885233060786
2.353759374819711
1.5590407098181929
2.4436420209076157
2.345163145516575
2.52742132943338
2.0274893113295236
1.763856189774725
2.4825840674218598
2.169598925952671
2.094835434657933
1.992778107459939
1.9182084341546168
2.492036299796517
2.2354648607902976
2.2844763510411217
1.8050365325772657
2.3058751807475657
2.5185529507103017
2.078491674029184
0.9912642605354288
2.223219672335508
2.51877208791103
1.9735572622751854
1.608700165519891
1.2554312795575997
1.188721875540867
1.7382689280764647
1.3250112108241772
1.3143204867061788
2.6302789629162695
1.8892464285091581
1.856564762130954
2.2626889100383516
2.398590557468183
0.9612366047228759
1.5916727785823275
1.886088202661124
2.2588300735571116
1.911513245356442
2.7549080135109754
1.7169171866886992
0.8366407419411672
2.446982212340615
0.0
2.701622173884923
2.324534762707879
2.010801621331162
0.0
1.8322628970242685
1.8380267541624737
1.4299111709758698
1.8854752972273343
2.6164464938567304
0.0
2.1119894860045334
1.712935039619369
1.8716022614097982
1.4516607643577668
1.9842874261012116
1.7987949406953985
1.7987949406953985
2.058053136652385
1.7961796919474975
1.0214554656116666
1.7633584292311082
2.019035274338866
2.2750849518197795
2.1539101992270626
2.5335824798901587
2.078491674029184
0.7793498372920851
1.271782221599798
2.3707993968921874
2.408836511483622
1.5465935642949382
2.5545851693377997
1.3520301017579528
1.9307591054571327
2.368547776483758
2.079866219932571
1.6163485660751644
1.9208170316998658
1.9016094970590274
2.1254310692628198
2.1218603604831117
2.6016067457394683
2.2450986816009393
2.0740534157249533
0.0
2.524576406519577
1.0892300788425848
2.0157404324930677
2.354508493280131
2.4037842385716446
1.1451104143815827
2.5771594944192313
2.096426511156002
2.1649596952768952
1.5919171866886992
1.8345145529557507
0.0
2.6423714487439023
1.853688226483452
2.1859058356326795
1.9071996707089482
2.5773270128028267
1.2958363892911637
2.0464393446710156
2.4072535340397483
1.822815600352516
2.0148867867278604
1.3685225277282065
1.9990298316961876
0.5032583347756457
2.0021722231837638
1.1488348542809166
1.8828560636920488
1.3699740752745009
0.0
2.1535654389463628
1.5465935642949382
2.3648997527241296
2.8247360372144605
1.0529407605626346
2.1156351273037877
2.1405180562767114
2.0954618442383217
1.541982284286398
1.3752793655393791
1.768853837616
2.7512222843960856
2.086048612313038
1.0
1.014097655573916
1.775523493673489
2.051431724404176
2.6225797618424913
1.6879430945989
2.044912733238945
2.3928712980591227
2.1832350842552666
1.7732143550933814
2.5715206744101833
1.207518749639422
2.5697459896782386
2.6615092841396444
1.3108855473118677
2.0303025441303224
2.368547776483758
1.8657646371790226
1.9502275857214675
0.9912642605354287
1.8077635764171942
0.9182958340544896
1.6049355947431314
1.8062389286533895
2.3942811477133943
1.4084631464465764
2.34761883305093
1.9883823171609867
1.8452178053170998
0.0
1.5546097612655667
2.257606878811597
1.9071996707089482
2.0178248580034244
1.5589385323502771
2.197965046876722
2.3703089072979235
2.1622358759201323
2.197965046876722
2.3703089072979235
2.1622358759201323
2.197965046876722
2.3711959760363217
2.1622358759201323
2.3749589477025563
2.0566416671474372
0.7219280948873623
1.834419444925215
2.078491674029184
2.2147917071199097
1.680155966959864
2.1784857337562045
2.5743421456917375
0.9224779949381434
1.3290960425842888
2.3101492315852847
2.124533798139251
2.2799997006516253
2.327819531114783
2.460739484221408
1.5333980825294768
2.4685463540765227
1.188721875540867
2.3393538721672007
1.6526768021893685
2.0875766428471136
1.3235315761100483
2.4760797249768958
2.2945679537706276
2.290251916377884
2.5895844101027956
0.0
1.9263549524477426
2.357591866184734
1.918208434154617
0.9456603046006401
1.7450972181704334
1.9215485657749118
0.9940302114769565
1.9091717851902885
2.197965046876722
2.3703089072979235
2.1622358759201323
2.197159723424149
2.11121658843249
2.2992578065581304
2.035825401788079
1.8822287189138016
2.233678080860252
2.1324373408045867
2.2992578065581304
2.035825401788079
1.8822287189138016
2.233678080860252
2.3283862904278743
1.9016094970590272
2.4446026621095287
1.8387586809150083
0.0
2.195461844238322
1.2304244196889744
2.1577174691301484
2.0602489763846963
2.2945199082544616
1.7735572622751854
1.6737949406953985
1.0408520829727552
1.9961260882215455
1.94599774351951
2.197965046876722
2.3703089072979235
2.1622358759201323
2.576281574571681
2.4262942030080237
2.607516142930386
2.144623214254579
1.8802408149441479
1.992778107459939
1.6457113704075788
1.5744174271404585
2.197965046876722
2.3703089072979235
2.1622358759201323
2.0272960238183484
2.2146939516467024
2.2122745592636845
1.7232314287976207
1.9511153304307114
2.5432076203015797
2.3664283109928244
2.1382689280764646
2.219973094021975
1.7464657985040721
1.935945569184765
1.8565647621309542
2.554848020770705
1.9528195311147831
2.3962406251802895
2.1024618969723154
2.5615808003533345
2.111761596285272
2.3809305932934053
1.0957952550009336
1.3346791410515946
2.197965046876722
2.3703089072979235
2.161047560977327
2.1697307469222973
1.856564762130954
1.7232314287976205
0.0
1.8062389286533895
1.4345491399952024
1.8628901663471535
2.5086318692120084
2.197965046876722
2.3703089072979235
2.1244648229219454
2.1697307469222973
1.8389205950315937
1.1411535278793055
2.2683275401971947
2.135688474267642
1.7534343861887849
2.562600913315173
0.808841873546263
2.020622793286826
2.116684632786671
1.9990298316961876
2.5472044750881655
1.94770277922009
2.3349860779558917
1.9772354454083079
2.2612248704982916
2.197965046876722
2.3703089072979235
2.1622358759201323
0.7793498372920851
1.8937666738014507
1.6049355947431312
1.6049355947431312
1.6049355947431312
2.182798115178801
2.182798115178801
2.119240704636849
1.7360411676599226
0.9967916319816366
1.9523612813926658
1.4294732983598406
2.3723887561033683
1.6049355947431312
0.0
1.8005536741835049
2.7692475629608078
1.2516291673878228
1.9232196723355077
2.0861653204555304
0.0
0.8325668802427404
0.0
1.3699740752745009
1.8163401138534079
1.3294340029249652
2.2969420215486434
2.2766563480320374
2.5724694587701356
2.5836169753972325
2.3570871115652547
2.0985864121084328
2.0732328992520364
1.6049355947431312
2.143780234737159
2.107312656140617
0.0
2.4240844460083655
2.4848720476149193
2.2024876359092476
2.5249495606173094
1.8016094970590273
2.5280626704621634
0.0
1.949137865273585
2.5928927193280473
2.4050287377419615
2.2977186261552776
2.0427510853630295
2.0708043794807103
2.0566416671474372
2.4877159726213445
1.1866483258878036
0.9182958340544896
1.5485806065228545
1.9689514568588302
2.0517513195494117
0.3372900666170139
0.9709505944546686
1.207518749639422
2.3871251585103024
2.1451104143815822
0.0
2.6830920776663856
1.5776111023415487
2.5200617281825
1.532914563979398
2.548097411114467
2.4585912058671724
1.6049355947431312
2.116299605701696
2.3903083326692296
2.0449127332389447
1.3346791410515946
2.490870777377577
1.9699000226227197
2.044872067573547
1.9772354454083079
1.9772354454083079
2.3114274127369834
2.274153574188151
2.127721334388457
1.5589385323502771
1.8799649487271108
0.0
1.7366454863733374
2.7528968427186444
2.574164743022575
2.156633353240414
2.252878689342031
1.8776402831734211
2.111095787753339
2.1234786725698864
1.1336983823367466
2.2275343340059806
2.5281020701914807
1.2571629874320889
2.1733154004713415
1.2577148214953864
2.772253928364927
2.4274212838293647
1.9699000226227197
2.044872067573547
2.1622358759201323
2.143780234737159
2.3217062775743136
1.7735572622751854
1.8419171866886992
2.2603555297522187
2.2254128972590443
1.8638263900908156
2.378253019531083
1.0
0.9463729359854419
1.795682898351103
1.8158547401199892
2.1398355237062026
1.949137865273585
2.5052838498690497
1.5795113260786042
1.8175848979715816
2.359647262833489
2.325999723733694
1.8565647621309542
2.2974533091219693
1.2870540281187268
2.517201802582726
2.5106052193123416
2.5802341939687476
1.7169171866886992
1.8638263900908156
1.8294732983598407
1.442508097190614
2.2132982820604443
1.4180260055608094
2.6508639722681453
2.305288621665821
2.492759621112346
2.148931414998902
2.189114471810182
