Shannon_Entropy
2.3655962303576015
1.3984629382235516
2.3655962303576015
2.649397470347699
2.6825887305018328
2.606238928653389
0.0
2.649397470347699
2.5495234595978324
2.245869617795809
2.245869617795809
2.0670314951575843
1.647730922119161
1.7187828921272557
2.9056390622295662
0.0
1.856564762130954
2.495602923729013
1.872768062157208
0.0
1.8980933736695382
2.4410685859554375
2.950212064914748
2.828781483140606
2.4863286677871854
2.011920928594794
1.8026033539374562
0.0
2.4225797618424916
2.3457192839305274
2.1967916319816365
1.7735572622751854
1.6408676019243735
2.552841670172532
2.6337314206421327
3.664401510686208
2.708694969562842
1.4772170014624826
0.0
2.4137995646056805
2.5108120171165718
1.1829661954675212
1.0949143184120975
1.6804820237218405
1.8716022614097982
2.872905595320056
2.696199049814856
1.8322488896002305
2.4584538292330587
2.0634582986483037
0.8739810481273578
2.584262225315332
2.5232314287976205
2.8895494308620884
2.390468570732828
2.840223928941852
2.950212064914747
2.422579761842491
2.1209520310264036
2.2544475789720946
0.0
1.7043814577244938
2.53414684380524
2.3991303913908
2.6632908081776594
2.892079563925711
0.0
2.0
2.105692379357824
1.8259324279636102
1.7947367178034825
1.2309595631140104
1.965596230357602
2.23345859334435
0.9182958340544896
1.5779772001172403
1.823680821199943
2.225605199016944
1.940335818755762
1.543751954420502
0.0
0.0
1.9211854965885544
1.965596230357602
2.35274578087187
3.1709505944546685
0.0
2.5492553971685
2.1820058147602133
2.612759761177552
3.0441104177484006
0.0
1.090652803252992
1.9628150414142904
2.7550576199383072
3.0507300783007385
2.9391029005773093
2.950212064914748
2.262362377388257
1.4108478748063633
1.9852281360342516
0.0
2.2806390622295662
2.1280852788913944
2.9155792582731417
2.448815635725185
2.102187170949333
2.816307519224645
2.5495234595978316
1.5
2.865764637179023
1.014097655573916
2.0713451397302376
2.7601313932577294
3.219260091579066
1.7474594241169754
2.973557262275185
2.0419460322060456
2.4137995646056805
2.3248629576173565
2.467720100474499
2.077819531114783
0.0
1.6774212838293647
2.467720100474499
2.610577243331642
1.9464393446710155
3.0306390622295662
2.706890595608519
1.4759970409543914
1.6774212838293647
2.064042639445697
0.0
2.0713451397302376
1.5852967004606704
1.8070024854224285
2.012156101977903
2.1492553971685
2.696266409330505
2.7534343861887853
0.0
2.064042639445697
2.4980775466236413
0.0
0.8003922080453356
1.809200032697812
2.467720100474499
1.3372449392958772
2.9591195792509755
2.0835512559369476
0.0
2.60845859334435
1.2344977967946407
1.285981855853695
2.8962915290459277
2.3588718484453604
2.8073549220576046
1.878309619616717
2.7534343861887853
1.8389205950315937
3.1464393446710153
1.1386865525783176
0.0
0.0
0.0
2.2026706871943627
2.5103907223310395
2.380430487800112
0.9709505944546686
2.3010723294028725
2.35274578087187
2.606238928653389
1.809200032697812
1.3716407621868583
1.2309595631140104
2.0202442071537563
2.0670314951575843
0.0
0.0
0.0
1.483831706844689
2.3248629576173565
0.0
1.8987023210363865
1.6266144718101818
2.0979931624271395
0.0
1.1003111621563573
2.79665826545753
2.6825887305018328
2.1492553971684996
1.8322488896002305
0.0
0.0
1.6879430945989
2.8218881955261783
3.211949987454258
0.0
1.2916919971380596
2.4729055953200563
2.3598063039211
1.9903166968736787
2.2516291673878226
1.9751060324573733
3.7183987845428965
2.4956029237290123
0.0
1.9852281360342516
1.9197367178034825
2.563729744432722
2.0420399429347813
3.104183200312327
2.822579761842491
3.734561764137331
0.0
2.2825887305018333
1.8695263323230749
2.699513850319966
1.0540157730728
1.548649538078707
0.0
0.0
1.2949950747154697
2.625
2.5559130951758244
1.7633584292311082
3.051601636871704
0.0
2.3787834934861753
2.365596230357602
1.5683182557028437
2.4137995646056805
2.4159220638351666
1.875
3.169925001442312
1.9784889376974284
1.7334834339268832
2.217021885879718
2.217021885879718
2.378783493486176
3.228247467020002
3.010570934268483
1.6849774484867255
1.7637909490521073
3.039148671903071
2.522620309531022
2.3655962303576024
1.5919171866886992
2.3879185026711327
2.4592223848597836
0.0
2.75
2.641755586012998
1.9780068032144307
2.74894004700543
2.614369445886757
2.48345859334435
3.1898980954642866
2.2892464285091583
2.365596230357602
0.0
3.09306920777189
2.139835523706203
1.3361602543738118
1.3361602543738118
2.0804820237218404
2.0461796919474975
1.7600335904608961
1.748373334400346
2.209888638014727
2.774401919288771
2.8962915290459277
2.0718861869120673
2.41896119556797
2.440223928941852
2.4056940150854347
1.9211854965885542
2.4043473322310223
1.086987702339905
2.5492553971685
3.095795255000934
2.476600460313317
2.346567047539824
2.974937501201927
2.2987949406953985
1.5058231002082845
2.099601752714581
2.484148472957375
1.2550327083958783
0.0
0.0
2.2953570516174424
2.040223928941852
2.5559130951758244
0.0
2.091917186688699
2.384183719779189
1.8322488896002305
2.1884930703645584
1.9068905956085185
1.8294732983598407
2.577819531114783
2.557727778739319
2.8073549220576046
3.039148671903071
1.6729330318733675
2.289246428509158
2.5366082543914996
1.4800836951874476
2.789929075309999
1.9898980954642875
2.1990861651135254
2.6131738120565857
2.5232314287976205
0.0
2.5492553971685
0.0
3.317392526785019
0.0
1.1766796675107107
0.0
1.271782221599798
2.363865121950854
3.09003277660148
2.6895253832100683
2.385519116267279
2.1280852788913944
1.2638091738835462
1.456564762130954
2.717126390731844
2.7576499536435852
0.747584679824574
0.0
2.776724800062121
1.6805563732659934
1.7177602521413333
2.0933521729550124
2.606238928653389
2.422579761842491
2.310701168991413
2.5027361715940035
2.8073549220576046
2.378783493486175
1.965596230357602
2.6455933144511468
2.495602923729013
2.610577243331642
2.436278124459133
1.727396673574479
2.408694969562842
3.2402239289418517
0.0
2.125
2.7205827761460126
2.6635327548042547
2.5495234595978316
2.263809173883546
0.0
0.0
1.9754128972590443
0.0
1.7987949406953985
0.0
0.0
0.7345299214394703
1.8565647621309542
2.4137995646056805
2.263809173883546
2.8073549220576046
2.0055986772474617
2.160964047443681
2.789898095464287
0.0
0.0
1.4237949406953985
1.6942398579365001
1.7212802536205827
1.7676503615477757
2.3715335947907836
2.08746284125034
1.8679653582397104
2.7898980954642867
1.626688849701832
2.217021885879718
2.2844763510411217
2.708694969562842
1.856564762130954
1.0892300788425848
2.5810134015775863
2.610577243331642
2.040223928941852
0.0
1.497385205007079
2.6565647621309543
1.7142977509479211
2.289246428509158
0.0
1.7534343861887849
0.74959525725948
2.5046934208291405
2.57882039287438
2.927451224964519
1.7695459925589747
2.5
1.9015064025015063
1.8336056789417416
0.0
0.0
0.0
2.067031495157584
2.2414460711655217
2.5265621279380213
2.599581230646064
2.3436069348649426
2.5559130951758244
1.9943119241125948
0.0
0.0
2.789898095464287
2.5282129458410014
2.377443751081734
2.8886887161847965
3.073934896284056
2.377443751081734
2.075074223172834
2.7395722619867224
2.9192853545640163
2.3928895665397176
2.1800365325772657
2.965957320949175
1.5589385323502771
2.4300365325772657
2.260820318171659
2.3527457808718695
2.9258530145612824
1.6216407621868583
0.0
2.1735572622751853
2.5884930703645583
2.4387439204017474
2.3991303913908
1.7947367178034825
2.297299717551716
2.35274578087187
2.35274578087187
1.7884504573082893
2.1735572622751853
1.993886685743992
1.0949143184120975
0.9055872616982603
2.0948567835487384
2.279720852464461
2.5634425677041555
0.0
0.0
0.0
2.6416041678685938
2.606238928653389
2.747167197306934
2.573557262275185
0.0
2.472905595320056
2.808694969562842
2.8725248167822284
1.8192407046368488
1.2917601481809735
2.8962915290459286
2.6644977792004614
0.0
2.765596230357602
0.0
1.6893917467430877
1.9301249653149701
2.9232314287976204
2.815202399980486
2.6644984515601635
2.6592357958798454
2.749322181479532
2.3925827555909707
2.692380602454975
2.0930692077718898
1.8830741894285699
0.0
2.9232314287976204
0.0
2.363865121950854
1.764097655573916
1.0892300788425848
0.0
2.3879185026711327
2.7395722619867224
0.74959525725948
2.4225797618424916
2.523231428797621
2.0930692077718893
1.7603642382013316
3.03856233607563
2.2062389286533897
2.9232314287976204
1.3712323266408757
0.0
2.0985864121084328
2.1800365325772657
3.0220552088742005
0.0
2.6436646367854606
2.6629253335889564
3.2824858919336943
0.0
1.7224945678306305
0.0
2.350209029099897
2.9232314287976204
2.0524212838293647
0.0
2.5495234595978316
2.606238928653389
2.5338407655193493
2.1815525171888464
0.0
0.0
1.8638263900908156
1.870253816431622
2.1037016960573482
2.573557262275185
1.9362600275315274
3.8896066668903626
0.0
2.498929563690935
2.25
2.527495543791609
1.5744174271404585
2.4327914430373037
2.771902372038559
0.0
1.983740670882855
2.6556390622295662
2.389898095464287
2.2880192802796895
2.777776811456786
1.1771245697587873
1.3382689280764646
1.4299111709758698
1.5027361715940037
2.8962915290459277
3.1408015265147937
1.0086232677764626
1.7799077162074428
2.1868085945630504
1.456564762130954
1.2751629827848567
2.9735572622751847
2.573557262275185
0.9463729359854419
2.524397470347699
2.382856063692049
1.4263445470433744
1.4345491399952024
2.406666316740689
1.8773870642966133
2.4662478973127313
2.9395271446665543
2.7898980954642867
3.09306920777189
0.0
2.5941178916311856
2.1609640474436813
3.016875695766564
2.7545903978633866
2.1735572622751853
1.720616644881894
2.378783493486175
2.610577243331642
3.4356284151721446
3.283049472288193
2.389898095464287
2.4662478973127313
2.5160276412662306
1.8287016485953131
2.155968102145908
1.8892464285091581
2.9852281360342525
1.9852281360342514
2.556656707462823
2.360964047443681
2.438743920401748
2.5891376800802806
1.9392365361682793
2.917820219041696
3.212185713540933
2.5566567074628237
1.8364665159366838
1.4966407621868583
1.5943609377704338
1.4237949406953985
3.009669235259032
0.0
2.162053912921382
1.9824285450488448
2.699513850319966
2.8423709931771093
2.840223928941852
2.098579861712074
2.422579761842491
0.0
1.221694907636328
2.5016094970590275
2.5642143135497264
1.9669171866886992
1.6893917467430877
2.0132790219068077
2.4772170014624826
2.495602923729013
2.0550365325772657
2.0419460322060456
2.360964047443681
1.9447167900528528
1.8166422780956524
1.590468570732828
2.259799223400567
2.498929563690935
2.440223928941852
2.0989295636909353
2.872905595320056
1.8565647621309542
1.8336056789417416
1.683240358011977
0.9463729359854419
2.8333333333333335
1.5916727785823275
3.09306920777189
0.0
2.2389205950315936
2.2291104421592944
1.610577243331642
2.7841837197791888
0.0
0.0
0.0
1.610577243331642
1.1221136771091087
2.4885548621928453
2.437728545142357
2.6565647621309543
3.2402239289418517
0.0
1.1883763717345073
1.7382689280764647
2.7898980954642867
2.446439344671015
0.0
2.7395722619867224
2.521640636343318
2.2464393446710154
2.682588730501833
2.1440239107574226
2.6565647621309543
2.1803373810675706
1.6052067078749124
2.4225797618424916
2.4662478973127313
2.8073549220576046
1.7334834339268832
2.146782221599798
2.263809173883546
2.6416041678685938
0.0
0.0
0.9828586897127056
1.168645033308507
2.422579761842491
2.2458696177958086
1.6493974703476992
1.3244602933016414
2.5496128717735016
2.7744019192887706
2.8402239289418523
2.8453509366224363
1.8290410360817406
1.943997530240833
2.556656707462823
3.208694969562842
0.0
1.626688849701832
2.040223928941852
2.4692407821722844
2.3522170014624826
2.510760463942894
2.5306390622295662
2.689246428509158
2.610577243331642
1.6457113704075788
1.950212064914747
2.4662478973127313
2.699513850319966
2.46790209616886
2.606238928653389
2.6556390622295662
2.7395722619867224
1.6340649724200549
0.0
2.8729055953200557
2.4729055953200563
1.7064239995873836
2.013132465170739
2.1179631753145163
1.3752793655393791
1.5016144718101818
2.7946534735443422
2.506315915072393
1.7360411676599226
2.6556390622295662
2.3248629576173565
2.338020961225611
2.4237949406953985
0.0
0.0
0.0
3.696946424853793
1.5
1.6679511971986447
0.0
2.4225797618424916
2.939829017466402
1.9356468993981848
2.7378723922315147
0.0
1.8980933736695382
2.0037451922921394
1.7147924202729716
1.9211854965885542
0.0
2.077819531114783
2.291620193427939
1.788215812371376
0.0
0.0
1.4299111709758698
2.910992253015046
2.3220847276178658
0.0
2.120952031026403
2.8522170014624826
2.556656707462823
1.2870540281187268
1.4315602842833155
2.603975726610715
1.978333581185264
0.0
0.0
1.014097655573916
2.375
1.0892300788425848
0.9182958340544896
2.4137995646056805
2.0419460322060456
1.4299111709758698
2.040223928941852
2.6282129458410015
2.224601752714581
2.8702538164316223
2.063458298648303
0.0
2.0541917784359462
1.7382689280764645
2.1179631753145163
2.040223928941852
2.950212064914747
2.712116826819509
3.2405282602167116
0.0
1.9475623036900227
2.1179631753145163
1.4237949406953985
1.992778107459939
2.4677201004744993
2.270942421748537
1.626688849701832
0.0
1.759627536341357
2.2272170014624826
0.0
0.0
2.2408896068824533
3.155221528859512
3.425838711510192
1.8784775129881182
2.5046934208291405
1.2571629874320889
2.7534343861887853
2.699513850319966
3.1416192081839784
2.649397470347699
1.4237949406953985
2.289246428509158
3.00362037197294
2.8073549220576037
0.8841837197791889
1.9332062193464952
2.6830741894285692
2.967958314919176
0.0
2.610577243331642
2.610577243331642
2.0273941713765185
2.747167197306934
1.6644977792004614
2.858278308418045
2.9056390622295662
3.2195282822995477
2.548831101817646
0.0
2.077819531114783
2.60845859334435
2.2623623773882575
2.5495234595978324
2.6100635408770723
1.6644977792004614
0.0
0.0
0.0
2.5046934208291405
2.406666316740689
1.6644977792004614
0.0
1.8999495676359617
1.6644977792004614
1.6266144718101818
2.927451224964519
0.0
2.274397470347699
2.4729055953200563
2.224601752714581
2.5724312513221195
2.202819531114783
1.9669171866886992
2.5813361860989015
2.2149798205164815
0.0
0.0
3.006238928653389
2.2149798205164815
0.0
2.1503497644797527
1.5546097612655667
1.7735572622751854
1.9852281360342514
0.0
0.0
0.0
1.7360411676599221
1.5197284615795614
2.0
2.263809173883546
0.0
0.0
0.0
1.9211854965885544
0.0
0.0
2.8962915290459277
0.0
0.0
2.83139823881147
2.180577823245594
0.9463729359854419
2.51205489055743
2.6565647621309543
2.3167191833953984
1.7382689280764647
1.5744174271404585
2.6589934152538057
2.513645929358371
2.594117891631186
0.0
1.0
2.6703397002311062
2.6062389286533896
2.4137995646056805
2.0670314951575843
2.952819531114783
2.720582776146013
2.568925079361265
2.739572261986723
2.535857775918279
0.0
1.494193430493157
2.4137995646056805
2.365596230357602
2.692380602454975
2.4159220638351666
2.378783493486176
1.4488156357251847
0.9709505944546686
1.3995812306460644
2.0741647430225756
1.6203352658383443
2.5495234595978316
2.98345859334435
2.521640636343318
2.0306390622295662
2.472905595320056
3.2210972500579573
2.886122093394784
3.0739348962840563
3.57547268272607
1.9898980954642875
2.515789584174682
2.4662478973127313
2.6455933144511468
2.606238928653389
2.638920595031593
2.8855130303998817
2.057924310831006
2.8225797618424915
2.827819531114783
1.6894822670191825
1.9219280948873623
2.35274578087187
1.9852281360342516
2.484148472957375
2.35274578087187
1.6644977792004614
2.827819531114783
2.0461796919474975
1.9211854965885544
2.1040514998942057
2.8225797618424915
3.42279667770957
2.444524223628301
2.270942421748537
2.5172869987197006
0.0
1.198192411043098
2.8665871058289594
1.5628066316931741
0.0
2.6013821620912925
1.9669171866886992
3.778640339187871
2.4137995646056805
2.6644977792004614
1.9948414446449676
0.9940302114769565
2.217021885879718
2.040223928941852
2.3515937233487554
1.786311831947582
3.1158340921632197
0.0
0.0
0.0
0.0
0.0
0.8524051786494786
1.3861602543738116
1.1567796494470395
3.09306920777189
0.0
2.217021885879718
3.0588138903312014
2.266270436896047
2.556656707462823
2.840223928941852
0.0
2.4662478973127313
2.905764584655453
2.35274578087187
0.0
2.9193688320938413
2.523231428797621
1.7489992230622806
2.8954238702803163
2.5172869987197006
3.049400701516894
2.66329080817766
2.279799131837405
2.4956029237290123
2.7898980954642876
2.7052290027422967
0.0
3.34069493322328
1.1981174211304033
1.186278124459133
1.871602261409798
1.8322488896002305
2.5492553971684995
2.31360885069569
2.1280852788913944
2.31360885069569
2.1280852788913944
1.9502120649147467
2.5534452978042594
2.664451373158495
2.484148472957375
1.9386790169573507
1.9749375012019268
1.9591904234199458
2.9414460711655215
2.60845859334435
2.555913095175825
2.610577243331642
2.356492413796824
3.0565647621309537
2.484148472957375
0.0
2.344462299865442
1.6541881272613423
0.0
2.6676286494293433
2.206238928653389
0.0
3.0574760762899316
1.322995967059358
2.4806821149663847
2.2008257945180887
1.6107845483996803
2.2513073660949607
1.969517976278159
2.263809173883546
2.5495234595978324
2.7855546320988784
2.1155570101740873
3.039148671903071
1.2532975784630431
0.0
2.064042639445697
2.1492553971685
2.2408572864930365
2.442862165155466
2.3200874753050806
2.4159220638351666
2.2825887305018333
2.091917186688699
1.807354922057604
1.6526768021893685
1.7142977509479211
0.0
0.8112781244591328
1.875
2.4846987825969653
1.47312842712131
1.2593984370492772
2.4611665030805616
2.977796811598595
3.130854937611929
2.5935346841684104
1.5306390622295665
2.592415283249794
2.002705481927944
2.4771752334356236
2.686278124459133
2.6022170014624826
2.6062389286533896
2.549787381523038
0.0
0.0
2.657742726504889
0.0
2.4692407821722844
2.556656707462823
0.0
1.6644977792004614
2.6644977792004614
2.195615258885968
2.360836076274289
2.7806390622295662
2.359879028736861
1.7382689280764647
2.091917186688699
1.9386790169573507
3.1841837197791887
2.3952216779252278
1.532914563979398
2.4137995646056805
1.9464393446710153
1.781937063546704
2.689246428509158
2.4137995646056805
1.809200032697812
2.816340113853408
2.827819531114783
2.8654371053199075
2.875
2.599581230646064
2.2062389286533897
2.0418580307707646
2.8729055953200557
2.224601752714581
1.54515219719895
3.025214712816615
2.769113399073875
2.5339474613129775
2.840223928941852
2.289246428509158
2.6644977792004614
2.577819531114783
1.5227119556807576
1.7947367178034825
2.4086949695628417
1.807354922057604
0.9463729359854419
2.6455933144511468
2.6433649698578603
2.279799131837405
3.5370596382257817
0.0
2.263809173883546
1.9211854965885544
1.5546097612655667
1.7735572622751854
1.875
2.1684656711105887
2.389898095464287
2.577819531114783
3.0271691184406184
1.96981578242681
2.289246428509158
2.4410685859554375
2.0182155146751497
0.0
1.8073549220576042
1.9197367178034825
2.495602923729013
2.4662478973127313
2.4137995646056805
1.4072535340397483
2.396782221599798
2.606936732175321
2.3355055565170972
2.5424826938097276
0.0
1.7244078178625923
2.4885548621928453
3.125
3.2750705203641814
2.3718956694089637
0.0
2.8729055953200553
2.0461796919474975
3.0062389286533895
2.217021885879718
2.422579761842491
2.3952216779252278
2.260820318171659
2.663532754804254
2.0419460322060456
0.0
1.6363353589033303
2.420756391857001
2.888360196298891
1.5589385323502774
2.7534343861887853
1.5306390622295665
2.064042639445697
3.0062389286533895
1.0
1.6093007449003411
2.197405811425518
3.067998869914305
2.815922063835166
0.0
2.5232314287976205
1.4056390622295665
1.1676516844843352
2.389898095464287
0.0
2.0095419864445954
1.8380267541624737
1.9528195311147831
1.8565647621309542
2.5560542104133326
2.35274578087187
2.9381719394718386
1.7735572622751854
2.2389205950315936
1.311278124459133
2.367492461184755
2.686278124459133
2.9655839357277807
2.1179631753145163
0.0
2.2988252450030506
2.4677201004744993
0.0
2.8638263900908156
3.0130709291038453
2.1868085945630504
2.8553885422075336
1.0
1.8565647621309542
1.5563075782372136
2.0532635745669556
2.279799131837405
1.856564762130954
0.0
2.5012384730161434
1.9056390622295665
2.1492553971685
1.5589385323502771
2.217021885879718
0.0
1.7534343861887849
0.0
1.9182084341546168
2.10845859334435
2.4662478973127313
2.263809173883546
1.186278124459133
1.4345491399952024
3.1531071683628116
2.5735572622751848
2.7045348998193437
1.8352377453121174
1.6894822670191825
1.532914563979398
2.363865121950854
2.4137995646056805
2.855953642864355
2.4677201004744993
2.577819531114783
2.199979326716487
2.9585429818803024
2.7898980954642876
2.077819531114783
0.0
2.8073549220576046
3.664401510686208
2.422579761842491
2.9232314287976204
2.591793226077496
2.4771752334356245
1.4294732983598406
0.0
1.7947367178034825
2.8423709931771093
2.753434386188785
1.8909209935891982
0.0
1.0949143184120975
1.610577243331642
1.6879430945989002
0.0
2.5941178916311856
2.8443609377704333
1.7226586461964088
2.3282129458410012
2.484148472957375
2.4387439204017474
0.0
2.5566567074628233
1.7464657985040721
2.1440239107574226
2.0321472289923905
2.5363486448233146
2.484148472957375
2.5172869987197006
2.4219280948873627
0.6685644431995964
1.950212064914747
3.746680255529053
2.374556048381884
2.5492553971685
2.495602923729013
2.48345859334435
2.665957320949175
2.41896119556797
1.68672472922671
2.6565647621309543
2.8073549220576046
0.0
1.4966407621868583
1.215533232382473
1.4315602842833157
2.606238928653389
2.137876503740628
2.5172869987197006
3.5699535556181927
2.005977711423774
2.0287326374660526
2.8423709931771093
2.606238928653389
2.6780317084930463
0.0
0.0
0.0
0.6143694458867568
1.7233083338141042
1.4299111709758698
2.8411037927573486
2.41379956460568
2.4066663167406888
1.4299111709758698
1.94770277922009
2.55468315105074
2.220202008860464
2.548831101817646
2.8838476178906154
3.283432210282582
2.6497944620435705
2.879248969882696
1.9528195311147831
2.2584598927441624
1.5157895841746822
2.35274578087187
2.259669235259032
2.396310424640968
2.6688388898504303
2.217021885879718
2.0662478973127314
2.4732696895151083
2.8221819586428727
0.9463729359854419
2.4137995646056805
2.5249449750847117
0.0
2.8423709931771093
1.7244078178625923
3.0565647621309537
1.4394304509312992
2.4137995646056805
1.2516291673878228
2.1179631753145163
1.7120954362128467
2.30827083453526
0.0
2.5492553971684995
1.8850931455708966
1.158938532350277
2.375
2.7272170014624826
2.217021885879718
2.5306390622295662
2.755911328654937
2.4973419908730565
0.0
2.378783493486175
3.0494520727893932
2.7534343861887853
0.0
0.0
2.5566567074628237
1.7260212901162
2.0930692077718893
2.7464393446710154
3.039148671903071
2.040223928941852
0.0
1.5289659680720935
2.7329145639793975
1.5589385323502771
1.5916727785823275
1.4315602842833157
2.6100635408770723
2.8057456515210593
2.908694969562842
1.6266144718101818
2.0614232394008964
0.0
3.1813539237701245
2.952819531114783
2.694781460584273
0.0
2.9015589514808235
2.524397470347699
1.5216406363433184
2.5027361715940035
3.127986806877675
2.495602923729013
2.5232314287976205
1.8709505944546687
1.0944495237051362
2.682588730501833
2.1803877328455874
2.546439344671015
2.324584310109285
2.3858082000920846
2.6649025162371998
3.2734998789601635
1.5919171866886992
2.7719023720385585
1.5016144718101818
2.2954656791802917
0.0
3.039148671903071
1.9365296287922944
2.2062389286533897
1.4168388523550681
2.890015410862533
2.4137995646056805
2.2062389286533897
