version https://git-lfs.github.com/spec/v1
oid sha256:0e729b7a7c12a968e02215cba056edb88f60f55ce7ca8674e88dd4c4b11b0d66
size 156061
