Shannon_Entropy
1.3792804872910605
1.7244078178625923
1.3372449392958772
1.4247346189316263
1.4329283087286118
1.428794734004785
1.5828765043125574
1.5016144718101818
1.7617458011279301
0.6500224216483541
1.3663146570363986
1.5157895841746822
1.683240358011977
0.8112781244591328
0.9055872616982603
1.8659986132745798
0.9933927290103626
1.745557425027593
1.5055213905049434
0.9669803487689241
1.8580967432109272
1.4256051990169438
1.2577148214953864
1.6901368590242072
1.278897902987479
1.2220334913046593
1.0472024795701151
2.0804820237218404
0.9912642605354288
0.050080721052405935
1.0529815751302694
1.8109294169317733
1.3699740752745009
1.8423709931771086
0.9182958340544896
1.2987949406953985
1.528801814525318
1.3159669973441042
1.4237949406953985
1.497385205007079
1.7209480533797532
1.186278124459133
0.7918583525674836
1.346153968167202
1.7768733776950831
0.9852281360342515
1.3699740752745009
1.3882590357355857
0.6193821946787638
1.3425211019526002
1.6541881272613423
1.1595547523787308
0.7345299214394703
1.3382689280764646
1.5739889616503064
1.2607717938967942
0.9463729359854419
0.3227569588973982
1.7533290512626212
1.5632790363522515
1.705616568529474
1.4627552262645034
1.598816797162542
1.934480433377244
1.4716022614097979
1.5709505944546687
1.6610629690783265
1.8647869792568113
0.0
1.757093740743914
1.750224877285235
1.6804820237218405
1.757093740743914
1.750224877285235
1.6804820237218405
1.750224877285235
1.6804820237218405
1.2496527261266068
1.4945403523436764
0.6500224216483541
0.9737837298712214
1.4355205042826666
1.7047334852678528
0.7345299214394703
1.5617677112802775
1.691350170238356
1.528368899209021
1.576065823799483
1.5408072197905878
0.8683927290103626
1.7295290545023005
1.3527241956246545
1.7353526152424519
0.5032583347756457
2.0306409889982224
1.8009709569877819
1.6627992560224794
0.7732283485249176
0.8404914014731815
1.3699740752745009
1.1361589377742642
1.1400677626718572
1.5064431878202948
0.8683927290103626
1.4256051990169438
0.7345299214394703
0.9933927290103626
1.7273344666381947
0.9656361333706098
1.636452797660028
1.7900504167841065
0.0
0.8683927290103626
1.958739236789389
1.6760150508789762
1.7116189156267398
2.0453481878409314
1.0818761494413496
1.6954618442383218
1.4716022614097979
1.8371323244686164
1.548624154605325
1.8806286041263833
1.2998037552123043
1.3752793655393791
1.0975378398419535
1.3216069583883467
1.2419460322060458
1.0
0.6193821946787638
1.3995812306460644
1.8098225451324992
1.3688438724389538
0.9444885341662053
1.8098225451324992
1.4185956162349407
1.8098225451324992
1.8098225451324992
1.8098225451324992
1.8098225451324992
1.8098225451324992
1.8098225451324992
1.8098225451324992
1.8098225451324992
1.6339740759971573
0.863120568566631
1.795642576176944
1.642423961771975
1.2366407419411674
0.7918583525674836
1.3146357420373214
1.4764892117991655
1.3363816313106462
1.5508774745753184
1.0892300788425848
1.1239065312289125
0.9996995428565171
1.6213196008755197
1.7444220095018959
1.7803946541231945
1.7803946541231945
1.2257999573819043
1.4108478748063633
1.8561962982193794
1.7002237262558646
1.5693078231812962
1.0949143184120975
0.9957274520849255
0.9055872616982603
1.7295290545023005
1.280019973431558
1.4669019708346505
1.3862740938959681
1.2987949406953985
1.749636557720882
1.3699740752745009
1.0214554656116668
2.0399667684413267
1.890920993589198
1.5725552071907911
1.5016144718101818
1.5725552071907911
1.2866926683547546
1.7634893002931975
1.481187901728517
0.8931705524970184
1.4145502335655722
1.6627992560224794
1.5577277787393193
0.9912642605354288
1.456564762130954
1.6137149724283608
1.236160254373812
1.4955380299191112
0.41381685030363374
0.954434002924965
1.1994602933016414
0.0
0.6500224216483541
1.6349288300680023
1.4962612522208854
1.3382689280764646
1.1540157730728
1.3382689280764646
1.0529407605626346
1.648238712995888
1.1994602933016414
1.7676461209612235
1.456564762130954
1.8464393446710154
1.7837769474847012
1.5783898247235197
1.6804530247303398
1.6113834567195195
1.9271429359936225
0.7345299214394703
0.0
1.2866926683547546
1.5367918955052844
1.5654483718208252
1.2577148214953864
1.5016144718101818
1.6107845483996803
1.4592287061970952
0.9055872616982603
1.4657904693384451
1.7388344997033713
1.0
1.5325713820021747
1.2577148214953864
1.2142952630807209
1.4237949406953985
1.7723388509380997
1.4716022614097979
1.272905595320056
1.5317035250512132
1.65403783502385
0.5159469300074474
1.4355205042826666
1.3108562983864118
1.2949950747154697
1.2433003685389576
1.795642576176944
1.3663146570363986
0.8112781244591328
1.2437683540535813
1.7479848357025538
0.6665783579949205
1.3244602933016414
1.1400677626718572
1.7205078555163835
1.7469152532855432
1.1941737342569119
1.4237949406953985
1.7450972181704334
0.5435644431995964
1.4716022614097979
1.4179734412648863
1.5996275363413566
1.5492111247114508
1.1488348542809166
0.9055872616982603
1.1540157730728
1.8290328929684438
1.527361548089914
1.6758220575766962
1.192250860234642
0.41381685030363374
1.1595547523787308
1.7814963295286752
1.6023165585055519
1.6783898247235196
1.4056390622295665
1.6185687757248763
1.0954312795575998
1.301240785481462
0.5665095065529053
1.5849938933406098
1.9530928639751848
0.8475846798245739
1.5070040221133212
1.2366407419411674
1.7315996308857415
1.3567796494470397
1.3633800759802648
1.186278124459133
1.430621616516224
1.813983606387077
1.4373770511116049
1.7950652681939654
1.5416892248400094
0.0
0.39124356362925566
1.3410971216314893
1.2145404077952502
1.3699740752745009
1.198192411043098
0.39124356362925566
0.0
0.35335933502142136
1.6183941088363931
1.571384017932836
1.8715699480384027
1.3995812306460644
1.6660563421790617
0.8904916402194913
0.9612366047228759
1.6854752972273344
0.5608251769947301
1.4710230164504592
1.8834398781316906
1.3328204045850196
1.311278124459133
1.1488348542809166
1.6769295504112545
0.5225593745369408
0.0
1.0666152167384504
1.9166422780956522
1.4082226755786877
1.9443307318931726
1.2494602799216177
1.4969275461145894
1.6337314206421327
0.9055872616982603
1.6092175945167448
1.7903377769685427
1.5800007548758261
1.7634893002931975
1.4261994082884974
1.6477309221191607
0.9182958340544896
0.6500224216483541
0.0
2.0185405934413114
1.3752580686696534
1.4355205042826666
1.4320062125405801
1.3274847819558417
1.4594705707972522
0.9182958340544896
1.8961085880163506
1.6532932756331733
0.6098403047164004
1.6698609162048068
1.5301404544057031
1.613824394358762
1.0949143184120975
0.5916727785823275
1.206908425151817
1.3485692939088965
1.9010223772961141
1.103307408607834
1.7533050945823043
0.9055872616982603
0.9910760598382222
1.3605273114437082
1.703465189601647
1.549211124711451
0.9986359641585718
0.37123232664087563
1.9972264631946568
0.0
1.4373770511116049
1.3909826406281096
1.4956282429042091
1.540807219790588
1.4800836951874476
1.8431963700694063
1.4029509030414602
1.3216069583883467
1.272905595320056
1.3355055565170972
1.5723516633085879
1.7123520273138244
0.8960382325345574
1.3491826432523002
1.6382533594712747
1.710025518164588
1.6814963295286753
1.0892300788425848
0.0
2.0985864121084328
1.7814164026211206
1.442338842932318
1.8327230088457283
1.481481696128934
1.0949143184120975
1.5683182557028439
0.0
1.0892300788425848
1.118275160770976
1.5002723456084084
1.7097781492858064
1.2366407419411674
1.3752580686696534
1.4447470033120826
0.3227569588973982
1.5487949406953985
0.7732283485249176
1.2086489509530647
1.4294732983598406
1.850983694881109
1.3752793655393791
1.5813628169624045
0.7793498372920851
0.7345299214394703
1.4854752972273344
1.465790469338445
1.6010143058068347
1.6858157091530304
0.0
1.404678473063571
0.9182958340544896
1.648199470591429
1.656535883811988
1.5709505944546687
0.0
0.0
1.4322683996633865
0.9967916319816366
1.6969290438733742
1.7226586461964088
1.826597655573916
1.714352908419416
0.9774178175281716
1.8182626942811972
1.4404908799698228
1.311278124459133
1.6444492199495464
1.7832474385325099
1.4256051990169438
1.4913146570363986
1.5920001314822054
1.2949950747154697
0.6193821946787638
1.3491826432523002
1.7427376486136672
1.6342673788591089
1.7473883725379198
0.9463729359854419
1.632935039619369
0.7219280948873623
1.5324194984468593
1.973669398093777
0.9940302114769565
1.5632790363522515
1.5487290032420458
1.5694452621548822
1.7609640474436812
1.3712481855145016
1.3784188527203236
0.0
1.750224877285235
1.9023918646574263
1.4591479170272448
1.4411535278793055
1.1226079684006318
0.9463729359854419
1.6137129703673825
1.8252517372886512
1.4932133643654213
1.552881124040173
1.6967653229257262
1.444410188902833
1.2866926683547546
1.7328952346692226
1.4876273933098925
0.9912642605354288
1.3244602933016414
0.8314743880097293
1.4256051990169438
1.54515219719895
1.5492111247114506
1.3397218324096136
1.4355205042826666
1.5324194984468593
1.07273728622321
1.4485756660224112
0.37123232664087563
1.4657904693384451
1.8192407046368488
1.6253785496437987
0.9463729359854419
1.5693078231812958
1.54515219719895
1.0892300788425848
0.8904916402194913
0.4394969869215134
1.5683665223594054
1.2772018112022603
1.4649814776681094
0.0
1.397117414050501
1.8335343579660197
1.6577427265048887
1.1401156785146092
1.6556390622295665
1.4529532378983614
0.9612366047228759
1.7427376486136672
1.632105718491017
1.7814963295286752
1.3689955935892815
1.4219115073546411
0.6402064333604701
1.103307408607834
1.7132463024570679
1.5128876215181604
1.7273536033721066
0.6500224216483541
1.1595547523787308
1.5577277787393193
1.4056390622295665
1.5783898247235197
1.2210477851797181
1.9359455691847651
0.8346464646189742
1.6052067078749124
1.207518749639422
1.6516598775783053
1.5016144718101818
1.7387586809150082
1.532419498446859
1.6829483992694345
1.3672649607197351
0.0
0.8904916402194913
0.4394969869215134
1.5100716576482431
1.4830749314332756
1.8497120352661516
1.6660563421790617
1.6643754494716037
1.0219280948873624
1.8291431773798013
1.2292041910556641
1.6794293668139548
1.6137129703673825
1.4256051990169438
1.7230033522652295
1.3244602933016414
1.7206166448818938
0.6840384356390417
1.4574248814091713
1.590468570732828
1.890920993589198
1.6709505944546688
1.3328204045850196
1.6798229071556268
1.7527152789797045
1.8338496710294616
1.4284124677945966
0.9141828384352135
1.0949143184120975
1.014097655573916
0.7793498372920851
1.4618381992568747
1.4539580943104375
0.7732283485249176
0.6193821946787638
1.0389205950315936
1.813983606387077
1.4056390622295665
0.0
1.0408520829727552
1.6340649724200549
0.9055872616982603
1.1050139971135322
0.9463729359854419
1.85821548176108
1.9125056054120886
1.5295649314577098
0.6193821946787638
1.5569010760354054
0.6685644431995964
1.5487949406953985
1.4166422780956522
1.5813340023523463
1.522915303449671
1.0529815751302694
1.311278124459133
1.428794734004785
1.6440011333048612
0.8569957178540346
0.0
1.1994602933016414
1.2086489509530647
1.4237949406953985
1.4256051990169438
1.5694452621548822
1.6143180698290447
1.755336213432141
0.0
0.5032583347756457
1.3330653770720944
1.3249692858267144
1.815854740119989
2.1346026962555835
1.6653049771116848
1.6255922373450442
1.5372952641634292
1.3752793655393791
1.456564762130954
1.3244602933016414
1.457424881409171
1.386274093895968
1.657439042450237
1.0892300788425848
1.5157895841746822
1.5577277787393193
1.6016812830583902
1.9495263323230747
1.5795113260786042
1.5875272188358713
1.4716022614097979
1.3699740752745009
0.0
0.0
1.3821022532543101
1.0676111603502403
1.5086126988727124
1.1216407621868583
1.0493985254159108
1.3654157660092414
1.7176856953872668
1.3752793655393791
1.0949143184120975
1.7332062193464952
1.5577277787393193
1.0975378398419535
1.2577148214953864
1.1241854163060885
1.2593984370492775
1.9268680175017443
1.224606935730505
1.272905595320056
1.6052067078749124
0.9957274520849255
0.0
0.0
1.4466166676282082
1.1595547523787308
1.931584071702181
1.5694452621548822
1.7603156874797354
1.6934855078570905
1.4294732983598406
1.671405583442497
1.0
1.4607404733646754
1.0975378398419535
1.2720415352311307
1.634431504340598
1.8766144718101818
0.9182958340544896
1.2210477851797181
1.3792804872910602
1.6577427265048887
1.371314688649721
1.4480816949303028
1.2415101887362598
1.0389205950315936
1.6043068953130522
1.9021748142117278
0.35335933502142136
1.733775615611495
0.9989525689736319
1.6709505944546688
1.1400677626718572
1.496065911543853
0.41381685030363374
1.5828765043125572
0.0
1.4237949406953985
0.5032583347756457
1.6387586809150083
0.8683927290103626
1.5709505944546684
1.5667436211682357
1.590468570732828
1.5229571181374095
1.2263137138648348
0.5689955935892812
1.7987343707067043
1.158938532350277
0.41381685030363374
1.5
1.3995812306460644
1.8248629576173563
1.0214554656116668
1.2057959968013856
1.648199470591429
1.2646726793957221
1.103307408607834
1.4056390622295665
1.7306502730537434
1.2419460322060458
0.4394969869215134
1.7187828921272554
1.4079824483474697
0.8683927290103626
1.295659529821394
1.4797829253993395
1.4609640474436811
0.9463729359854419
0.9567657083663144
1.6707145064847897
0.0
0.9612366047228759
1.404678473063571
1.7777008727612944
1.5354825551597984
1.5845791352990026
1.7576710282239203
1.2309595631140104
1.6672801881703987
1.4153804484176566
1.5487949406953985
1.5487949406953985
1.5487949406953985
1.5487949406953985
1.5487949406953985
1.3699740752745009
1.014097655573916
1.6113834567195195
1.306170651709187
1.676737030052133
1.6840384356390419
0.7219280948873623
0.8394734356069651
1.5736606896881862
1.3342094594480487
1.2776134368191154
1.459506566536856
1.773228348524917
1.4197367178034825
1.7206166448818938
1.841706277574314
1.4394969869215133
1.4256051990169438
1.6849774484867255
1.705616568529474
1.722266311943983
1.3640054628542206
1.7502248772852353
1.014097655573916
1.8774018533264352
1.6137129703673825
1.448339643076735
1.3917601481809734
1.6704443779638742
0.6193821946787638
1.815854740119989
1.2987949406953985
1.4716022614097979
1.5964959161674332
1.4294732983598406
1.4060075793123286
1.745557425027593
0.9402859586706311
0.0
1.3516441151533924
0.6193821946787638
1.4534909080039502
1.3382689280764646
1.0
1.3216069583883467
1.2366407419411674
1.6709505944546685
1.2309595631140104
1.2870540281187268
1.2577148214953864
1.3567796494470397
1.6188386818320675
1.0892300788425848
1.49692754611459
1.3699740752745009
0.21084230031853213
1.014097655573916
1.6679511971986445
1.8552419173638843
1.9041022713160207
1.456564762130954
1.9784849890925307
1.7273966735744792
1.772074455398566
1.8383685150260665
1.890920993589198
0.9967916319816366
1.7723388509380997
1.6368421881310118
1.404678473063571
1.5737888130660203
1.949869837094248
1.532419498446859
1.3654157660092414
1.4716022614097979
1.9568714389102795
0.9463729359854419
1.5683164932728872
1.7990077544108969
0.9980008838722996
1.6340649724200549
1.7990077544108969
1.0975378398419535
1.5016144718101818
1.5288018145253182
1.5275070675902451
1.1401156785146092
1.5569010760354054
1.6814963295286753
1.5614870219474737
1.75728283187376
1.3663146570363986
1.6052067078749124
0.0
1.581862660461909
1.773341679024178
1.5737888130660205
1.7403979642189416
1.6117022325423545
1.7877521258214928
1.7880170118379892
1.3798769466460052
1.6514789228933084
1.6711571531959937
1.6983623902742366
1.4927541920309648
1.0529815751302694
1.3196482417969362
1.383807735464083
1.7990077544108969
1.7990077544108969
1.4716022614097979
0.8030717273241024
1.360818222482743
1.6423839016294983
1.6909338059596861
1.3663146570363986
1.497385205007079
1.3752793655393791
0.5916727785823275
1.6072710878499303
1.3244602933016414
1.8955056206115384
1.509871837193956
1.483226196970911
1.2949950747154697
1.014097655573916
1.383866329597683
1.527751059677965
0.5225593745369408
1.3485878960124222
1.7206166448818938
1.2332247882202196
0.4262286569981449
0.9182958340544896
1.4112050925821995
1.7673757978160416
1.321606958388347
1.288649764535596
1.5304930567574826
1.3007407100399944
1.4284124677945966
1.496065911543853
1.5723516633085879
1.717090774749888
1.404678473063571
0.6500224216483541
1.8667461462619683
1.4674579648482995
2.161706277574314
1.4329283087286118
1.7723388509380997
1.1488348542809166
1.677507032662448
1.0892300788425848
1.3708849092838398
1.6431558784658322
1.3315796225857792
0.17821699581259104
0.7793498372920851
1.833252164629043
2.1108811009006794
0.41381685030363374
0.0
0.0
0.863120568566631
0.0
1.719553828322125
1.8944992041714883
0.863120568566631
1.4190352743388661
1.2332247882202196
1.4197367178034825
1.6234573261391958
1.602131444182858
1.022420703848328
1.4197367178034825
1.7230913368258902
1.6691803368667308
0.0
1.5264907875651348
0.7732283485249176
1.6052074897801645
1.4180260055608094
0.9780155566622413
1.4355205042826666
1.0529815751302694
2.037082371511288
1.2366407419411674
0.8683927290103626
0.37123232664087563
1.2987949406953985
0.0
1.624381457724494
1.7071928671888734
0.3095434291503252
1.7235758378235468
1.0529815751302694
1.2973860538718165
1.4256051990169436
1.5694452621548822
0.7732283485249176
1.3244602933016414
1.3699740752745009
0.0
1.2577148214953864
0.9912642605354288
1.490468570732828
1.3716407621868583
1.9740845902202206
1.3709505944546687
0.0
1.64306957202129
1.6511972890007978
0.0
1.3244602933016414
1.683178379400694
1.5692016899005172
1.086312840741288
1.4751648282981122
1.3085024445205309
1.5700578392573044
1.3864017062354825
1.562688039303908
1.6163485660751644
0.37123232664087563
1.3397218324096136
1.6302527194416994
1.3716407621868583
1.6113834567195195
1.456564762130954
1.4256051990169436
1.0
1.6393210497942587
1.158938532350277
1.4516607643577668
1.5921142889080946
1.2884926890861643
0.5916727785823275
0.7062740891876007
1.7021832486166129
1.5088584648535124
1.5760875253642985
1.6988597233648475
1.3991503014764415
0.6193821946787638
1.841706277574314
1.7427376486136672
0.9402859586706311
1.509833755956676
1.7990077544108969
1.4294732983598406
1.1540157730728
1.2799376545731964
1.5002723456084084
1.0529815751302694
1.5226544895821936
1.3699740752745009
1.6158045319402516
1.9585429818803033
1.8129072918469558
2.0717350271381694
1.4716022614097979
1.4289531786810294
1.5693078231812958
1.879964948727111
1.4256051990169438
1.6166422780956526
0.9933927290103626
1.2516291673878228
1.789526332323075
1.7404456928679692
1.3304835169703004
1.3244602933016414
1.358433812325649
1.6922474331963002
1.8724298091677398
1.7201755214643453
1.4294732983598406
1.4516607643577668
1.7681938943542976
1.186278124459133
1.6166422780956524
1.6621072833109878
1.2319817814011402
0.4689955935892812
0.5907239186406502
1.2198052505200172
1.2607717938967942
1.4516607643577668
1.49692754611459
1.7092065615440497
1.705616568529474
1.7990077544108969
1.5416892248400094
1.4329831210560051
1.5016144718101816
0.41381685030363374
1.5779772001172403
0.0
1.0389205950315936
0.8524051786494786
1.3995812306460644
1.683240358011977
1.4281407938499375
1.5402075614582946
1.1301363189199671
1.403558846831838
1.824714195680932
1.2632384700688633
1.5157895841746822
0.35335933502142136
1.7723388509380995
1.6478697925681118
1.1488348542809166
1.2987949406953985
0.863120568566631
1.5245261505545633
1.6981174211304033
1.5595705794246282
1.6709505944546688
1.612197222702993
1.2210477851797181
1.359992492218488
1.3995812306460644
1.6016812830583902
1.8547945502009346
1.404678473063571
1.7349112826910293
1.8364665159366838
2.200723220733005
1.7909294006771388
1.4745541487842893
1.562688039303908
0.5225593745369408
1.6679511971986447
1.4627552262645034
0.8030717273241024
0.6500224216483541
1.1488348542809166
1.497385205007079
1.249456944204059
1.3716407621868583
1.1981174211304033
1.6973206585968414
1.6709505944546688
0.41381685030363374
1.8654705207065092
1.1625336732554152
1.0892300788425848
1.9230166639655306
0.9182958340544896
1.4320062125405801
1.6627992560224794
1.4116388635644121
1.370862465083061
1.3699740752745009
1.6682958340544896
1.6109650414737526
1.6243814577244937
1.3361602543738118
0.41381685030363374
1.7295290545023005
1.1981174211304033
0.9709505944546686
1.6096684774198882
1.4256051990169438
0.41381685030363374
1.4256051990169438
1.224394445405986
1.1029548176506492
1.456564762130954
1.311278124459133
1.4345608142862893
1.96281504141429
1.5534845018187062
1.6627992560224794
1.7419158534223445
1.825272332787433
0.9912642605354287
0.6685644431995964
1.4179493739444213
1.224394445405986
1.271782221599798
1.404678473063571
1.61078454839968
0.0
1.57797720011724
1.8255729210565663
1.7433726580786888
1.5157895841746822
1.8098225451324992
0.37123232664087563
1.4485756660224112
1.6387586809150083
1.4657904693384451
0.4394969869215134
1.0949143184120975
1.4567796494470395
1.6546483341185019
1.321606958388347
1.5469371097526865
0.8960382325345574
1.5184220482858137
0.48217919020227284
1.311278124459133
1.3779904035422297
1.4190352743388661
1.6659663389107253
1.5559130951758249
1.5016144718101818
1.466079146583445
1.7709505944546686
1.2730096548354992
1.4320062125405801
0.0
1.6259702190681355
1.1981174211304033
1.6684966330586217
1.4445310119783419
1.7401363754207821
0.3227569588973982
1.7551201518045438
1.719553828322125
1.3446849392030122
0.0
1.0892300788425848
1.6772390289896693
1.2309595631140104
1.2577148214953864
1.4373770511116049
1.7307878857525139
1.4842003703403015
1.6166422780956524
1.450467463408549
1.2772018112022603
0.41381685030363374
1.497385205007079
1.5503407095463881
0.41381685030363374
1.4516607643577664
0.9463729359854419
0.9612366047228759
1.719553828322125
1.891346433249389
1.4674579648482995
1.3709505944546687
1.9768726445590383
1.0136635125593596
1.5016144718101818
0.5665095065529053
1.595461844238322
1.6637844437329905
1.8141295708348038
0.39124356362925566
1.4012343792962176
1.4037299100342127
1.3752793655393791
1.2366407419411674
1.6494003762381348
1.4800836951874476
1.6188386818320677
1.6668127273868607
0.9912642605354288
1.8092169215949203
1.6566670577363578
1.7609640474436812
1.6234651896016472
1.5700578392573044
0.8366407419411672
1.8064617604546434
1.1545676820893709
1.4716022614097979
1.0892300788425848
1.3244602933016414
1.5784545358221245
1.8133368234034544
0.9709505944546686
1.5755449197638831
1.5157895841746822
0.9042326000115628
1.5226488013005741
1.6074724109455558
0.2580186686648155
1.1974776241409462
1.4329283087286118
1.1545676820893709
0.9912642605354288
1.5016144718101818
1.4056780552463373
1.3420192178195207
1.8814963295286755
2.1225431386944265
1.7216117239699014
1.4913146570363986
1.6300599002609797
0.7871265862012691
0.0
1.2987949406953985
1.5492111247114508
1.3716407621868583
1.2674438038072338
1.404678473063571
1.4083445441575106
1.3753407174966152
1.7295290545023005
0.8366407419411672
1.6163485660751646
1.9770148112524406
0.74959525725948
1.4657072888527067
1.479365028646657
1.6788979029874789
1.4256051990169438
0.9933927290103626
1.3807504207616685
0.0
0.0
1.0863128407412879
1.5016144718101818
1.786311831947582
1.4391683597762799
1.4034087563911846
1.713703256761196
0.9912642605354288
1.7965302480444159
1.3699740752745009
0.9957274520849255
1.386274093895968
1.719973094021975
1.5783898247235197
1.3752793655393791
1.6813472914205772
0.7876672014273048
1.4197367178034825
1.3361602543738118
1.643854598657258
1.509833755956676
1.7822279237704768
1.5
1.3599924922184878
1.5686729809919064
1.4029342381953893
1.509833755956676
0.7642045065086203
1.4438561897747249
1.6137129703673825
1.5995563653739033
0.0
0.9912642605354288
1.0389205950315936
1.719973094021975
1.4197367178034825
1.3727069617019705
1.6182423379657975
1.7289635271341162
1.4466166676282082
1.3709505944546687
1.6282202760321463
1.4777468341000446
1.7990077544108969
1.6784124677945969
1.197606529311675
1.3699740752745009
1.456564762130954
1.3727069617019705
1.6678471146391707
1.5783898247235197
1.3699740752745009
1.9663236712849366
1.5577277787393193
1.719973094021975
1.595461844238322
1.7990077544108969
1.3712481855145016
1.3784188527203236
1.267931645520725
1.7990077544108969
1.3958096511175984
1.3912435636292555
0.8112781244591328
0.6500224216483541
0.74959525725948
1.4056390622295665
0.0
1.3516441151533924
1.5002723456084084
1.6711571531959937
1.2611191885631825
1.4716022614097979
1.6533851203452676
1.6282202760321465
0.8180959929710641
1.527751059677965
1.7734427963827533
1.2475562489182659
1.4674579648482995
1.4674579648482995
0.6685644431995964
1.57797720011724
1.5683665223594052
1.6313472914205773
1.3716407621868583
1.408222675578688
1.386274093895968
1.5413000415898714
1.3315796225857792
1.4716022614097979
1.4589486991091396
1.7749372708152569
1.3871216514586349
1.6767370300521325
2.0238039402066654
1.7107770844150676
1.647760141873499
1.5288018145253182
1.3807504207616688
1.3784188527203236
1.2987949406953985
1.4256051990169438
1.7177648376739316
1.456564762130954
0.0
1.6477365663957944
1.4818631251361138
1.5161429545796212
1.654648334118502
1.636811096979277
1.6954618442383218
1.1245499499925273
1.4423388429323183
1.54515219719895
1.4190352743388661
1.5569010760354054
1.5569010760354054
1.8328773369500169
1.8971096255841837
1.6658245577942696
1.8971096255841837
1.5569010760354054
1.6658245577942696
1.8971096255841837
1.5569010760354054
1.5569010760354054
1.7582237061278942
1.8316259880225227
1.8640054628542202
1.7110480237817904
1.6195601947864184
1.5803341042062597
1.7531844428066155
0.0
1.6000996096414135
1.315589455823173
1.3917601481809734
1.8709505944546687
1.562688039303908
1.6183941088363931
0.7742433029172697
1.5052408149441479
1.2086489509530647
1.4108478748063633
1.9795739585136223
1.4516607643577668
1.6368421881310118
1.8437519544205019
1.7005820084462417
1.7469970199816527
1.839622465782869
1.0949143184120975
1.6038561897747248
1.9302681891641869
1.739035952556319
1.5569010760354054
1.818983152760052
1.7371735679988813
1.7121254619860744
1.678770585643888
1.7524231693943624
0.0
2.181899057917561
1.679429366813955
1.5683182557028439
1.401475275184332
1.5044201498452239
1.6183941088363931
1.2108100261060328
1.496065911543853
0.0
1.2989565682277364
1.7676461209612235
0.6500224216483541
1.543787746300669
1.4237949406953985
1.8702538164316223
1.49692754611459
0.7642045065086203
1.7631006224466697
0.8030717273241024
0.9366673818775626
1.630982607666543
1.4618381992568747
1.5992720821967379
1.6113834567195195
1.158938532350277
1.5492111247114508
1.4256051990169436
1.3995812306460644
1.4256051990169438
0.39124356362925566
1.3995812306460644
1.1582436943980556
1.3654157660092414
1.4716022614097979
1.6578764348499595
1.4294732983598406
0.0
1.643252475785101
1.2839360572200058
1.422848880581915
1.3415801881185567
0.0
1.3699740752745009
1.4567796494470395
1.4710707275498114
1.456564762130954
1.6348509171908068
0.39124356362925566
0.9182958340544896
0.0
1.6788979029874789
1.7688555892617415
1.1055872616982603
1.311278124459133
1.319035274338866
1.6669608142719166
1.6794293668139548
0.4394969869215134
1.3342094594480487
1.5709702181464678
1.404678473063571
1.3699740752745009
1.6893917467430877
1.5101106037147636
1.3315796225857792
1.708332108687227
1.7128025995084721
0.8585085628439117
1.501732487209924
1.4609640474436811
1.7147202632688487
1.613519734232519
1.0834189322427712
1.272905595320056
1.220728902106009
1.4256051990169438
1.7798299876761599
1.5774923843832869
1.3752793655393791
1.4716022614097979
1.280019973431558
1.693751954420502
0.8904916402194913
1.495538029919111
1.6884220940176666
1.5471457103095019
1.4657904693384451
1.4256051990169438
1.9099710609363059
1.5198391430437928
1.3699740752745009
1.8047604500341234
1.6010143058068347
1.6010143058068347
1.4728585124533302
1.657439042450237
1.2332247882202196
0.0
1.6942801646493626
1.6658749898342913
1.6258145836939113
1.6805260401871815
2.084182984933787
1.932156076138423
1.7709505944546686
0.9055872616982603
1.4226754683112182
1.704733485267853
1.3605273114437084
1.2419460322060458
1.5919171866886992
1.5694452621548822
1.6787705856438881
1.2577148214953864
1.4345608142862891
1.8561962982193794
0.7345299214394703
0.7732283485249176
0.7424875695421236
0.9912642605354287
1.6557591426557532
1.6557591426557532
0.9402859586706311
0.0
1.437092708153044
0.9980008838722996
1.6465296517062256
1.6384327817131155
1.6838398414015199
1.6079951422338876
1.7492184835974092
1.589658153186323
1.7005630928995692
1.5442580778506914
1.653195196925712
1.4520194971141314
1.670629354971644
1.6835935960244157
1.660367523039535
1.5642019229810367
1.6712068410284247
1.6621400162655398
1.6451090438819154
1.5786870912301545
1.6115178104735508
1.635551992871068
1.6114107328389828
1.6133755516490642
1.6140052332912114
1.631075939630578
1.555038077116151
1.6009872520269548
1.8332062193464953
1.2772018112022603
1.3752793655393791
1.7047668562193679
0.0
0.9912642605354288
1.3678960771638624
1.3430270374577287
1.6846248034895615
1.497385205007079
1.6324129148411162
1.7035151796545793
1.585228017250358
1.6832440762057896
1.667365424001959
1.7686940357358927
1.3699740752745009
1.5266329043292153
0.0
1.2366407419411674
1.2366407419411674
1.2366407419411674
1.4567796494470395
1.158938532350277
0.2974722489192896
1.07273728622321
1.6171764476037533
0.0
1.6388067184095578
1.74917466839001
1.4800836951874476
1.745557425027593
1.4409328021013377
1.1981174211304033
1.3741854163060885
0.7219280948873623
1.4832261969709113
1.3752580686696534
1.7798299876761599
1.3792804872910605
1.0529815751302694
1.6925786457610765
1.8074903617642404
1.383099991189334
0.48217919020227284
1.1981174211304033
1.402081402756032
1.758842712835596
1.0892300788425848
1.2494602799216175
1.014097655573916
1.1474030157217674
1.3753968705084507
1.7732143550933817
1.4197367178034825
1.8139313794416234
0.41381685030363374
0.0
0.9980008838722996
1.5301404544057031
1.4256051990169438
1.3397218324096136
1.7008431172579266
1.2798713145914828
1.545766170192977
1.6382533594712747
1.4591479170272446
1.509968612636817
1.383866329597683
1.638616584282096
1.1488348542809166
1.2646726793957221
0.8453509366224364
0.0
1.6429805521041074
1.5058762556041065
1.3382689280764646
0.35335933502142136
1.8055688405136943
1.9348730775163177
0.9141828384352135
0.9444885341662053
1.4056390622295665
0.6500224216483541
1.679996246109244
1.53028234293539
1.6457582537106554
1.7511234606463544
0.0
1.5052408149441479
1.2086489509530647
1.6052067078749124
1.7229712791784755
1.3752793655393791
0.9463729359854419
1.5614659275557097
1.5865641428629107
1.4454118227933945
1.4859595066724702
1.5865641428629107
1.4454118227933945
1.7152558992251075
1.5569417523728708
1.5216237613840613
1.5136967790244693
0.41381685030363374
1.5828765043125572
1.7982385391003675
2.3800860629481635
0.41381685030363374
1.5828765043125572
1.3654157660092414
1.3204874855548798
1.8854752972273343
1.7256780552463373
1.7187828921272554
1.5737888130660205
1.9571705918061761
1.562688039303908
0.5665095065529053
1.782022335565046
1.60683227831811
1.6386199635932095
1.577543617641069
1.5693078231812958
1.6340649724200549
0.8366407419411672
1.5050990021081763
2.000625900378065
1.6796275363413566
1.5016144718101818
1.5016144718101818
1.494193430493157
0.41381685030363374
0.3372900666170139
0.5586293734521992
1.0
1.4256051990169436
1.134580954883921
1.5577277787393193
1.134969974603941
0.863120568566631
1.1216407621868583
1.4002582326102067
1.485136365433053
0.6500224216483541
1.2319817814011402
0.7732283485249176
1.2366407419411674
1.5325732575026199
1.5725552071907911
1.4988093841934937
1.7295290545023008
1.6961399650265074
1.450467463408549
1.383807735464083
1.6758825677159177
1.3605273114437082
1.790492223970158
1.6234651896016472
1.0975378398419535
1.2100285140347622
0.6500224216483541
0.7732283485249176
1.676240084176066
1.4323591457496474
0.4689955935892812
0.0
1.5569010760354054
0.9463729359854419
1.2010947341319422
0.0
1.2989565682277364
1.3792804872910605
1.5539161412049185
1.5693078231812962
1.5693078231812962
1.3752793655393791
1.5693078231812962
1.4516607643577668
0.9463729359854419
1.3315796225857792
1.7597755969553877
1.7450972181704332
1.6942726976154383
1.7071009572826235
1.7002054344385344
1.6453600283804921
1.6740603644922691
1.5016144718101818
1.6604661346650724
1.6779842806377734
1.5626880393039078
1.6973387961875537
1.5954618442383217
1.7272593847270763
1.6805563732659934
1.6831573285181993
1.6001908764824528
1.641842601490848
1.7794238321465292
1.77737881387414
1.5382689280764645
1.738616399317436
1.6856780552463373
1.6321654021612106
1.7215594410260548
1.7321840600563354
1.4969152532855432
1.6804530247303398
1.8416734794769887
1.661644751097915
1.616577229592978
0.8904916402194913
1.4574248814091713
1.4237949406953985
1.4538506980514574
0.7742433029172697
0.41381685030363374
1.9028178125787145
0.8475846798245739
1.7187828921272554
0.6193821946787638
1.8801799226757383
1.1540157730728
1.3654157660092414
1.444621713887689
1.215533232382473
1.8088121254443208
0.8812908992306927
1.7252337317042743
1.8944792898239153
1.6038561897747248
1.4180260055608094
0.9886994082884974
1.6578764348499595
1.3699740752745009
0.41381685030363374
1.0389205950315936
1.6370315931212636
0.39124356362925566
0.8683927290103626
1.2866926683547546
0.8904916402194913
1.7333557549816876
1.0389205950315936
1.5569010760354054
1.4237949406953985
0.8343470230852538
1.578897902987479
1.6841837197791887
1.5783898247235197
0.9994730201859836
1.8833830982290136
1.3709505944546687
0.0
1.8471539857713417
1.649984495037365
1.7967719927529544
1.513397804403961
0.7793498372920851
1.272905595320056
1.784035672216632
1.5645041853857056
1.224394445405986
1.3752793655393791
1.2772018112022603
0.5916727785823275
1.9589385323502773
1.7664572819896989
1.4716022614097979
1.6954618442383218
1.1981174211304033
0.0
1.5760875253642983
0.6450499982850293
1.3386996992730573
1.6922299756295973
1.651200191486789
1.7763318528003076
0.0
1.4713544870139295
1.4139215141407389
1.5099686126368168
0.951994081908783
0.6193821946787638
1.3244602933016414
1.624992955078293
1.6135197342325187
1.4034087563911846
0.0
1.2059413017339653
1.7177602521413333
1.7136037764193532
1.5016144718101818
1.0949143184120975
1.6478697925681118
1.860964047443681
1.321606958388347
1.4281945908435036
1.7572762620764735
1.275162982784857
1.311278124459133
1.6087001655198914
1.7172745699976013
0.6840384356390417
1.4574248814091713
1.0949143184120975
1.5551655736563388
1.531919635975994
0.9402859586706311
1.3328204045850196
1.4237949406953985
1.5154241592897058
1.6212608709887224
1.3954618442383218
0.0
1.6344315043405981
1.5800007548758261
1.612197222702993
1.54515219719895
1.8528082974885984
0.0
1.0
1.6962151546130209
1.5828765043125574
1.6851179336594355
1.297231327577664
1.6715588471191656
1.769644525083787
1.59017186546064
1.77057350802949
1.565498735494544
1.4848053406073949
1.6297289069739762
1.5659385731973225
1.6142855455904406
1.5779772001172403
1.5804055539441944
1.6077195063863186
1.6098391528620852
1.634435691546408
1.4717374334224662
1.7404456928679695
1.5418402012758687
1.5451936105874193
1.49692754611459
1.5088584648535124
1.3752793655393791
1.4913146570363986
1.4716022614097979
1.5229571181374095
1.5919171866886992
1.598816797162542
1.6954618442383218
1.5016144718101818
1.3699740752745009
1.709526332323075
1.6386199635932097
1.5734514757305034
1.5317035250512132
1.6709505944546685
1.6350323655554484
1.5694452621548822
1.8290736934398184
1.6277637415297184
1.7003319468582216
1.3244602933016414
1.569432036254818
1.6954618442383218
1.476120721149274
1.5576182473344542
1.5576182473344542
1.7043494289560508
1.590468570732828
1.7205078555163835
1.590468570732828
1.4969152532855432
1.5678183759027002
1.6423714487439018
1.590468570732828
1.4969152532855432
1.5678183759027002
1.6423714487439018
1.6898914910349165
1.5576182473344542
1.4411535278793055
1.1660870601063933
1.7846748738856393
1.750224877285235
1.6804820237218405
1.7846748738856393
1.750224877285235
1.6804820237218405
1.4256051990169438
1.456564762130954
1.456564762130954
1.54515219719895
0.7732283485249176
1.6909338059596861
1.7979026896829469
0.0
1.1492297615162819
0.35335933502142136
1.0863128407412879
1.321606958388347
1.7969371097526867
1.0
1.6108657308954886
1.4897221636136735
1.605134826629221
1.7249815100776642
1.4655160291840346
1.4716022614097979
1.273009654835499
0.8960382325345574
1.4294732983598406
1.4913146570363986
1.402081402756032
0.6500224216483541
0.9055872616982603
1.456564762130954
1.061278124459133
1.321606958388347
0.7793498372920851
1.5709505944546687
1.6849774484867255
1.0975378398419535
0.6500224216483541
0.5916727785823275
0.4394969869215134
1.0
1.4108478748063633
0.0
1.5002723456084084
0.0
1.509833755956676
1.7990077544108969
0.9933927290103626
1.3779630390761746
1.5795113260786042
1.3716407621868583
1.2639334294856335
1.6113834567195195
1.7576710282239203
0.0
1.7990077544108969
1.509833755956676
1.456564762130954
1.789526332323075
1.4064008819629854
1.3609640474436813
1.4373770511116049
1.6482387129958878
0.9986359641585718
1.8364665159366838
1.6824905687446166
1.4618381992568747
1.4453446326515424
1.5474571592060489
1.3143204867061788
1.635844003605284
1.4907655122365777
0.0
2.1272263005759027
1.1917601481809734
1.755336213432141
1.6709505944546685
1.4411665441579464
0.9852281360342515
1.432983121056005
1.2406705316766884
1.8427216759613727
1.4294732983598406
1.0389205950315936
1.2866926683547546
1.2977968115985956
1.2419460322060458
1.1956217818146277
0.3372900666170139
1.0529815751302694
1.6595365985012458
1.5725552071907911
0.9463729359854419
1.0389205950315936
1.7387586809150082
1.5128876215181604
1.3382689280764646
1.5504460149179358
1.311278124459133
1.1595547523787308
1.3516292011348527
1.6578764348499595
1.3605273114437084
1.8204712703461592
1.8927735957534602
1.6876947006796639
1.4519076150714065
0.6531791627726858
1.8048956511448038
1.3372449392958772
1.1981174211304033
1.8416734794769887
1.3917601481809734
0.0
1.3779630390761746
0.0
1.6152529693093274
1.2866926683547546
1.5694452621548822
0.3227569588973982
1.5715387906390037
1.5166422780956523
1.6846142455952375
1.681899067522611
1.598816797162542
1.4237949406953985
1.5487949406953985
1.9392365361682793
1.8290410360817406
1.6514812425365815
1.4716022614097979
1.6068636760307755
1.6539967386657088
1.7409532604048394
1.6539967386657088
1.6539967386657088
1.7409532604048394
1.6539967386657088
1.6539967386657088
1.9238561897747248
1.6539967386657088
1.8438561897747248
1.275162982784857
0.7062740891876007
1.1488348542809166
1.3382689280764646
0.8739810481273578
0.4394969869215134
0.9055872616982603
1.7705147365420972
1.6093472108163802
1.551599491396538
0.41381685030363374
0.9145046306871467
0.0
0.0
1.4256051990169438
0.6500224216483541
1.0892300788425848
0.9182958340544896
1.2475562489182659
1.3699740752745009
1.3446983751597128
1.1191194231256714
0.9612366047228759
1.4519076150714065
0.0
1.5954618442383217
1.3216069583883467
1.5399033385024428
1.8552419173638843
1.3893557466791862
1.8070616404047675
1.7638421227824583
1.7606276109276364
1.5157895841746822
1.404678473063571
1.058277043226334
1.8770069385232369
1.6364920984875064
0.0
1.6282202760321463
1.1216407621868583
1.876654497859216
1.158938532350277
1.5569010760354054
1.5656780552463372
1.6660563421790615
1.7104934999605532
0.0
1.6282202760321465
0.7219280948873623
0.9774178175281716
1.2326602568158205
1.4012343792962179
1.357118949739922
0.41381685030363374
1.2326602568158205
1.657439042450237
1.780672129520887
1.1540157730728
1.54515219719895
1.5920001314822054
0.6500224216483541
0.2460225782203316
1.5064431878202948
1.6371649709418703
1.1401156785146092
0.8451064151274781
0.6998428398862386
1.009186086912346
1.61078454839968
1.3752793655393791
1.7399546474223628
0.39124356362925566
1.5848510513971499
1.1981174211304033
0.7345299214394703
1.670444377963874
1.8419289172795863
1.5002723456084084
1.6325948924976457
1.54515219719895
1.5002723456084084
1.692663488233813
1.5002723456084084
1.692663488233813
1.613519734232519
1.5002723456084084
1.6325948924976457
1.5002723456084084
1.6325948924976457
1.5002723456084084
1.5002723456084084
0.7871265862012691
1.8012233055696778
1.968918563962097
1.5919171866886992
1.2220334913046598
1.3274847819558417
1.5737888130660205
1.743372658078689
1.1863137138648348
1.5628425110193662
1.2772018112022603
0.9990102708804813
1.2987949406953985
1.65403783502385
1.3382689280764646
1.708098663501806
1.2419460322060458
1.758842712835596
1.4925627860236008
1.817181319820383
1.3999958387470215
1.780672129520887
0.5916727785823275
1.7676461209612235
1.3294340029249652
1.4854752972273344
1.3257847812033308
1.3009376049438532
0.39124356362925566
0.5665095065529053
0.9912642605354288
1.0949143184120975
1.2361862832554125
1.4832261969709113
0.7918583525674836
1.198192411043098
2.4556517503918993
1.450467463408549
1.404678473063571
1.7798299876761596
1.4762856555827248
0.39124356362925566
1.224394445405986
1.3642462929202854
1.6605332770550814
1.6113834567195195
1.4098449412673983
1.773011489738988
1.207518749639422
1.6217295723610123
1.2115696121630872
0.7793498372920851
1.719973094021975
1.7019011889093374
1.4716022614097979
0.19143325481419343
1.8208245301176924
0.3095434291503252
1.3716407621868583
1.738616399317436
1.0
1.5782705049213583
1.7799500009615414
0.9886994082884974
1.956908425151817
1.097780987108337
1.4394969869215133
1.313474274509972
1.2987949406953985
1.517013005102375
1.5636621264150472
0.0
0.9852281360342515
0.39124356362925566
1.813983606387077
1.4373770511116049
1.496065911543853
1.5693078231812958
0.9609724134160889
1.4256051990169438
1.7990077544108969
1.5503407095463881
1.850983694881109
1.295659529821394
1.2577148214953864
1.4886022351695134
1.461808190237307
1.5455354215539245
1.746307034008563
1.1359768596329824
1.492754192030965
1.6627992560224794
0.6402064333604701
0.9402859586706311
0.5916727785823275
1.491013870758994
1.9138909867280647
1.3917601481809734
1.7465921761895666
0.9780155566622414
1.7956828983511026
1.5387244077462792
1.7518585817036183
0.0
1.5002723456084084
1.9215419333359278
1.5784545358221242
1.415334117406218
1.4112050925821995
1.402081402756032
1.257162987432089
1.622934010117358
1.496065911543853
1.2087030080822634
1.642423961771975
1.7550118241789237
1.6137129703673825
1.7803946541231945
0.9444885341662053
1.5739889616503064
1.7939923560142899
0.9182958340544896
1.4056390622295665
1.3244602933016414
1.9423597120896154
0.9530138853315971
1.6107482339528836
0.7732283485249176
1.271782221599798
1.457424881409171
1.5626880393039078
0.4689955935892812
0.9463729359854419
1.1221136771091087
1.5016144718101818
1.0971245697587872
1.8695263323230749
1.2243814577244938
1.3995812306460644
1.1047909373235627
1.3995812306460644
1.6013111011727406
1.4516607643577664
1.2577148214953864
1.7229712791784755
1.0892300788425848
1.439254017211876
1.7295290545023005
1.5422414219661076
1.2100285140347622
1.3784188527203236
1.5693078231812962
0.9463729359854419
1.7469152532855432
0.9530138853315971
0.9530138853315971
1.7465480156217734
1.158938532350277
1.7723388509380995
1.4618381992568747
1.604306895313052
1.103307408607834
1.6627992560224794
1.7436664314669332
0.0
1.4565463548075541
0.37123232664087563
1.5841221813149589
1.9091717851902883
1.5301404544057031
1.3917601481809734
1.6487225970568014
1.74917466839001
1.5304930567574826
1.643751954420502
1.9351269082158111
1.2866926683547546
1.8290410360817406
1.2798745703481529
1.6437519544205021
1.3995812306460644
1.7691705101193773
1.198192411043098
1.5055213905049434
1.8332062193464953
1.3355055565170972
0.0
1.8345901684333654
1.5055213905049434
1.606536745529688
1.2309595631140104
1.1488348542809166
1.4806821149663847
1.3752793655393791
1.7822287189138015
1.7173146624577222
0.6998428398862386
1.6253785496437987
1.404678473063571
1.6408676019243735
1.4932133643654213
1.014097655573916
0.9341837197791889
1.600231685851246
1.0
1.7895630015111001
1.518850916195339
1.0529815751302694
1.3954618442383218
1.5569010760354054
0.8475846798245739
1.3328204045850196
1.4237949406953985
1.4256051990169438
1.6166422780956524
1.5446150394212923
1.4387740924195707
1.8468226336265308
1.838758680915008
2.0176503615477754
1.5193308322365362
1.3127443531093745
1.558771962352736
0.9852281360342515
1.5694452621548822
1.1804362018118542
1.6212764279322331
1.6158045319402516
1.4937095464322434
1.3699740752745009
0.9402859586706311
1.5301404544057031
0.0
1.4466166676282082
1.7337272387783385
1.7302312027417304
1.7237837298712215
1.3032782651297383
1.5099686126368168
1.5
1.778368899209021
1.682388351662371
1.778368899209021
1.5784545358221245
1.4832261969709113
1.3209242772281589
1.5016144718101818
1.6166422780956524
1.6779842806377734
1.7956828983511026
1.6227175508861444
1.0389205950315936
0.6500224216483541
1.7147202632688487
1.5002723456084084
0.8683927290103626
1.4256051990169438
1.6729330318733675
1.7854752972273342
1.773011489738988
1.6688388898504305
1.198192411043098
1.7464353842388936
1.6577427265048887
1.278897902987479
0.49715018363696706
0.9383153522334069
1.8437519544205019
0.5689955935892812
1.061278124459133
1.9690955208229375
1.522915303449671
0.6193821946787638
1.4256051990169438
1.2772018112022603
1.5220552088742005
1.6276575936849547
1.3917601481809734
0.3227569588973982
1.8802704430860202
1.7229712791784753
1.3410971216314893
1.3709505944546687
1.5846858174424943
1.5705126732204355
1.0
1.3741854163060885
1.1994602933016414
0.8904916402194913
0.9986359641585718
0.5916727785823275
1.2799749139041574
1.4256051990169438
1.860347864122557
1.3976931442604226
1.6183941088363927
1.7512809122619042
0.9612366047228759
1.7990077544108969
0.6193821946787638
1.311278124459133
1.893660689688186
1.439254017211876
0.8112781244591328
0.4394969869215134
1.4190352743388661
1.6192407046368487
1.8990306819880087
1.7763318528003076
1.7799500009615414
1.4256051990169438
1.6719885399778138
1.2087030080822634
1.8903360647604437
1.608700165519891
1.499329816965847
1.4355205042826666
1.4536769856038911
1.3235315761100483
1.817999473029487
1.3752793655393791
1.5919171866886992
1.186278124459133
1.5016144718101818
0.0
1.5693078231812962
0.9402859586706311
1.61078454839968
1.3699740752745009
1.9338435730423518
1.6589797521242051
1.1488348542809166
1.2455547971375829
1.4256051990169438
1.633551333777253
1.531919635975994
1.321606958388347
1.4716022614097979
1.4594316186372973
1.7140071952544194
0.9886994082884974
1.5576558943605296
0.9852281360342515
0.0
1.189731916820733
1.5683182557028439
1.6805563732659934
0.41381685030363374
0.9912642605354288
1.6790913203610114
1.795642576176944
1.61078454839968
2.03221519543064
0.9912642605354287
1.2776134368191154
0.4689955935892812
1.5849625007211565
1.4652556501132248
1.789929075309999
0.9709505944546686
1.4516607643577664
1.4516607643577664
0.7219280948873623
1.450467463408549
0.0
1.9736693980937772
1.5851842063879111
1.6282202760321463
1.6925786457610765
1.301184775963736
1.9364823836654392
0.7732283485249176
1.3366664819166874
1.4832261969709113
1.7832474385325099
1.6282202760321463
1.6340649724200549
1.058277043226334
1.402990771875358
1.3752793655393791
1.4574248814091713
1.3709505944546687
1.8129072918469555
0.8112781244591328
1.5930363655719018
1.2594585543875696
1.7399546474223633
0.9975025463691153
0.9463729359854419
1.1401156785146092
1.192250860234642
0.7732283485249176
1.058277043226334
1.3981624162240205
1.2145404077952502
1.3244602933016414
1.4237949406953985
1.8652614761443105
1.494193430493157
1.4904685707328282
1.1981174211304033
1.6158175946759328
0.4394969869215134
1.667951197198645
1.6394489514937396
1.3792804872910602
1.4689955935892813
1.497385205007079
1.7195538283221254
1.1216407621868583
1.3244750802318295
1.236160254373812
0.3809465857053901
1.8109294169317731
1.2446815792293608
2.112820978767682
1.4466166676282082
1.7878732959415296
1.5288018145253182
1.85821548176108
1.9829860594599402
1.7599305295640908
1.768853837616
0.8166890883150209
1.9849259129823311
1.2577148214953864
1.4657904693384451
1.3541859576379551
1.6849774484867255
0.0
1.4108478748063633
1.4144745637995977
1.6135197342325187
0.8943572349692744
1.7766190707005447
1.1542221846835221
0.7812888084910825
1.594558536651509
1.4197367178034825
1.8071592255011972
1.4752930320693336
1.5055213905049434
1.6282202760321463
0.9790231724570173
1.8192407046368488
0.8076702057269436
1.6113834567195195
1.5739889616503064
1.3257847812033308
1.2087030080822634
1.840466977235722
1.2949950747154697
0.9833557549816874
1.5919171866886992
1.4956321302677145
1.7533593350214214
1.7224945678306305
1.4574248814091713
1.7947503269259368
1.7197144126898316
1.4366664819166872
1.2320872216997276
0.988180837004676
1.0949143184120975
1.198192411043098
1.6411537317874583
1.5683182557028437
1.7135971524443743
1.4190352743388661
1.867633890971212
1.4627552262645034
1.5016144718101818
1.4197367178034825
2.4360222718439792
2.331580225457025
1.2009102795095283
1.146168329937132
1.7446146572774768
1.6158045319402516
1.456564762130954
1.683240358011977
1.6253785496437985
1.3485878960124222
1.456564762130954
1.5016144718101818
1.5626880393039078
1.3663146570363986
1.510202663848142
1.7387586809150082
1.7735681581652276
1.5537651978285885
1.1867043459100246
0.9912642605354288
1.0529815751302694
0.6292492238560345
1.7824858951808387
1.468090781663233
1.577428772913488
1.657230859444074
1.7349112826910291
1.457424881409171
1.4516607643577664
1.742841191707476
1.456564762130954
1.8046019408283547
1.840974563987546
1.527361548089914
1.5016144718101818
0.0
1.3244602933016414
1.1488768383324044
1.6668127273868607
1.4112050925821995
1.1981174211304033
1.7157378130153143
1.1674367232867007
1.4716022614097979
0.863120568566631
1.386274093895968
1.1212765536441893
1.4913146570363986
1.3663146570363986
0.0
1.707803343297225
1.5137847242254339
1.0975378398419535
0.7742433029172697
1.5694452621548822
1.795615637112923
1.5709505944546687
1.6282202760321463
1.595461844238322
0.9790231724570173
1.6675897585466832
1.7799500009615414
1.7799500009615414
1.7799500009615414
1.7799500009615414
1.7799500009615414
1.7799500009615414
1.7799500009615414
1.7799500009615414
1.6163485660751646
1.6567796494470395
1.3752793655393791
1.2210477851797181
1.6794293668139548
1.8776205033895346
0.7907669479360189
1.2772018112022603
1.2601423897108555
1.6063429881688325
0.0
1.3095717546068688
0.3372900666170139
0.9373012413074896
1.4759401780122787
0.6998428398862386
1.4166422780956522
0.0
0.0
1.4886022351695134
1.4075888720607928
1.2009102795095283
1.4411665441579464
1.124374939543318
1.3355055565170972
1.5487949406953985
1.4591479170272448
1.57797720011724
1.6881516372285108
1.608700165519891
1.3244602933016414
1.4516607643577664
1.742841191707476
1.2932019370674834
2.0804820237218404
1.6874175493329167
1.2087030080822634
1.6382533594712747
1.5230096548354992
1.2516291673878228
0.9402859586706311
1.386274093895968
1.4716022614097979
1.4969275461145894
2.020800094781482
1.2363864108712896
1.6277637415297184
1.8877882450332744
1.8256810541556123
0.0
1.5567796494470396
1.5645041853857053
1.879175920230763
1.456564762130954
0.8795064608120066
1.7589809036792226
1.5074822692750989
1.4516607643577668
0.0
0.7345299214394703
1.9131060113376823
1.3699740752745009
1.6098473224518743
1.3244602933016414
1.3716407621868583
0.988180837004676
1.5784502536131353
1.5779772001172403
1.3699740752745009
1.2210477851797181
1.8908813799398332
1.5002723456084084
1.2058044840166369
1.3382689280764644
1.1812908992306925
1.841673479476989
0.49715018363696706
0.8573309763851856
0.0
0.9055872616982603
0.7793498372920851
0.9912642605354287
1.181899057917561
1.4910212159622986
1.5569010760354054
1.4133912888392068
1.6444492199495462
1.2997367636952522
1.7676461209612235
0.8314743880097293
0.6962122601251458
1.7496868983691205
1.3752793655393791
1.224394445405986
1.5016144718101816
1.4015101887362598
1.716763599199235
1.0238995733215064
0.0
1.4716022614097979
1.7616462931410994
1.4256051990169438
1.687694700679664
1.845627669738219
1.4693088815920563
0.5586293734521992
1.4708128505375362
0.9132829641650988
1.1400677626718572
1.0389205950315936
1.791153769577646
0.8236311227818496
1.6841837197791887
1.700375780033049
1.5016144718101816
1.6349288300680023
0.9042326000115628
1.5569010760354054
1.5683665223594054
1.408222675578688
0.0
1.2087030080822634
1.9101579502566837
1.8203612224162218
1.4631210402092532
0.9402859586706311
1.3709505944546687
1.5064431878202948
1.0949143184120975
0.5032583347756457
1.4256051990169438
1.4516607643577668
1.540709585192697
1.3716407621868583
1.8486040712436624
1.5694452621548822
1.683240358011977
1.4609640474436811
1.763856189774725
1.5368739678294725
1.4366664819166874
1.2059413017339653
0.0
0.8009453301700576
0.0
1.4716022614097979
0.5916727785823275
1.5016291673878228
0.0
1.613519734232519
1.763842122782458
1.3699740752745009
1.838758680915008
1.7646946861307393
0.0
0.0
1.7337272387783385
1.8401185055361475
1.8129072918469558
1.6934078563985095
1.0529815751302694
1.47312842712131
1.684185736908434
1.5025342603810579
1.6805563732659934
1.176065103715944
1.7450972181704334
1.4329283087286118
1.1221136771091087
0.8112781244591328
1.404678473063571
1.6729330318733675
1.7894344873170773
1.4294732983598406
1.972765278018163
1.8015449684269473
1.3221793455166666
1.5683182557028439
1.1660870601063933
1.6729330318733675
1.4366664819166872
1.6137129703673825
1.439254017211876
1.4130884364257577
1.813983606387077
1.4256051990169438
0.7219280948873623
1.451314688649721
1.2366407419411674
0.7871265862012691
1.4653907621868583
0.9852281360342515
1.5693078231812958
1.3328204045850196
1.3716407621868583
1.3778903318832147
0.9819407868640977
0.7732283485249176
1.2917601481809733
1.4516607643577664
1.931584071702181
1.2366407419411674
1.498689844084022
1.3485878960124222
1.3709505944546687
1.4553467891236884
1.7285319366435015
0.0
1.4237949406953985
1.3470732979972746
0.4394969869215134
1.6798229071556268
0.9055872616982603
1.8789687013606597
0.9444885341662053
1.6277637415297181
1.6627992560224794
1.5919171866886992
1.0529815751302694
1.4067600287732624
0.0
1.9312270963291167
1.420016810930274
1.3399688463213517
1.5433829556661305
1.6832031704275812
1.4607862207328193
0.4145790572917207
1.6464417904241373
1.6758220575766962
1.6627992560224794
1.5653402161740673
1.911513245356442
1.4716022614097979
0.9612366047228759
1.311278124459133
1.5032583347756456
1.7080986635018058
1.5088584648535124
1.3716407621868583
1.6744375529571065
0.7345299214394703
1.2577148214953864
1.81294527625988
1.9149798205164812
0.39124356362925566
1.6930405350919486
0.4394969869215134
1.581427466316492
0.8739810481273578
1.8751458114455384
1.3821022532543101
1.2366407419411674
1.404678473063571
1.4166422780956525
1.6341791637991103
1.6526768021893685
1.404678473063571
1.4256051990169436
1.5678183759027002
1.6385304691242917
1.3663146570363986
1.6152529693093274
1.3699740752745009
1.1917601481809734
0.8683927290103626
1.3784188527203236
1.8407257708651215
1.7043765951140224
1.5288018145253182
1.3752793655393791
1.74917466839001
1.7794238321465292
1.492754192030965
1.419035274338866
1.6670542781173157
1.3200318729867573
0.41381685030363374
0.9940302114769565
1.3609640474436813
0.0
1.5157895841746822
0.9463729359854419
1.708098663501806
1.6794293668139548
1.7999019737621036
