Shannon_Entropy
0.0
2.8423709931771093
2.7480638507320547
0.0
2.217021885879718
3.96948328899265
1.9852281360342514
2.2479275134435857
2.504800382982335
1.5784545358221245
2.725480556997868
2.789898095464287
3.0033809515785905
2.6556390622295662
2.2988252450030506
2.3523479118118216
2.2608203181716595
2.2584598927441624
2.5577277787393196
0.7424875695421236
2.649397470347699
2.702819531114783
2.424835634986198
0.0
3.09306920777189
0.0
2.1559681021459074
2.2825887305018333
1.8227398351601523
0.7345299214394703
1.9211854965885542
2.8994705707972517
3.6684382185141846
1.7264892117991657
2.9232314287976204
0.0
2.41896119556797
2.50558726169826
2.872905595320056
2.573557262275185
2.6247262095042956
0.0
2.472905595320056
2.689246428509158
2.349601752714581
2.467720100474499
2.2825887305018333
2.6825887305018328
0.0
0.0
0.0
0.0
2.6589934152538057
1.9219280948873623
2.941446071165522
2.195356063692049
2.878734839467727
2.99600306768128
1.7762976257251988
2.303889017511736
1.962806631693174
1.4299111709758698
2.60845859334435
2.915010879559748
1.5275070675902451
2.202819531114783
2.6030649442938407
2.4205099727348363
0.9463729359854419
2.4137995646056805
2.0930692077718898
1.0226297788901695
1.8294732983598407
0.0
2.5232314287976205
0.0
2.60845859334435
2.4772170014624826
1.4299111709758698
2.4159220638351666
2.610577243331642
1.5916727785823275
1.9760799538069278
3.2841837197791888
4.00312909674654
1.4926140680171256
3.16148715355903
2.146782221599798
1.759597882524366
1.8715699480384027
2.3248629576173565
2.49358562267042
2.582031116540498
1.3995812306460644
2.0992365361682794
1.8332062193464953
1.8814963295286755
2.2470847539170844
2.077235445408308
2.6688388898504303
2.6042436687589707
2.2331239486563654
2.472905595320056
1.6954618442383218
0.0
2.827819531114783
1.610577243331642
1.9099710609363056
1.2695459925589747
2.7534343861887844
2.263809173883546
1.8980933736695382
2.1492553971684996
3.817502102547531
0.0
0.0
1.7883763717345071
1.2475562489182659
2.4419235206010987
0.0
0.0
0.0
1.4966407621868583
2.8561090018597413
2.063558608511122
2.495602923729013
2.8744934713060357
2.424835634986198
2.819470570797252
2.636847735797726
2.6744354099162324
2.556656707462823
2.7045067846376725
2.449230744815979
4.031808058816475
2.610577243331642
3.039148671903071
2.389898095464287
1.7273966735744792
1.7360411676599226
1.809200032697812
1.8892464285091581
2.2359263506290326
3.962940933375686
1.456564762130954
2.440404017720928
0.0
0.0
0.996118213778296
2.7274972248524723
2.610625918002233
2.3220847276178658
2.950212064914747
2.4419235206010987
2.8221819586428727
2.0634582986483037
2.7898980954642876
2.35274578087187
2.550519841099118
2.7995843710829598
0.0
1.807354922057604
1.8535681581652277
1.7551592435174816
2.0936937531452875
2.3481059127122976
3.646425601582236
2.656564762130954
1.626688849701832
2.682588730501833
3.058813890331201
2.4137995646056805
2.5259686330010966
2.2942740671928616
3.1037016960573482
3.9554677793173965
2.1047412314783913
2.7202320588468947
2.4846970025308774
2.289246428509158
2.9803419725690823
2.6258525593722086
2.4138338639736006
3.27280432733462
2.099601752714581
2.610577243331642
0.0
2.378783493486176
1.9015064025015063
0.0
1.2958363892911637
3.070847093622517
3.456311925834968
2.8095684989219487
1.2638091738835462
2.3248629576173565
1.9523612813926658
2.3551164151968456
1.6832194462630237
3.455334228636154
2.895423870280316
1.7534343861887849
3.986872860016736
2.12609537172229
1.9751060324573733
1.7232314287976207
2.4659573209491747
2.0225797618424917
2.3071885761626687
2.577819531114783
1.9211854965885544
4.032868785860945
1.9852281360342514
3.124776797158398
2.9043473322310227
2.775893394865373
3.3285064752457902
3.410277211225874
3.054289466574816
2.0670314951575843
2.064042639445697
1.822815600352516
2.002705481927944
2.466247897312731
2.3963104246409683
2.383891134373971
2.713216235691139
2.889549430862088
2.61920645477654
2.6485628575976596
1.2197484934607565
2.5492553971684995
3.2534343861887858
1.7884504573082893
3.5308695783172346
0.0
1.1981174211304033
2.270942421748537
2.120952031026403
3.076103170996722
1.9301249653149701
2.4056390622295662
2.7107770844150676
2.1824562508413488
2.5521796970665487
2.6247262095042956
0.0
3.9857888383522444
2.403695656079002
2.815957320949175
0.0
2.610063540877072
1.8282344370732124
0.0
2.7744019192887706
0.0
0.0
1.2870540281187268
2.4995944450218874
1.7474130395316416
1.7720772537350808
1.965596230357602
2.1231991154262255
1.880179922675738
2.218437210664321
2.0989295636909353
2.49912761699852
2.385213020743189
2.3003980873087997
2.216521698179525
2.4466166676282084
2.5629072918469555
2.7813981497507174
2.466352319133067
2.1460938348528806
2.8984128483640523
2.775939843704928
2.7283641953346884
3.580250326082
3.287601135993693
2.7274972248524723
2.6688388898504303
2.9876764793507617
1.6589797521242051
2.7806390622295662
2.263809173883546
1.8490070880144414
1.854049331750903
1.8763576394898522
1.5916727785823275
0.0
2.35274578087187
2.019973094021975
2.5492553971684995
1.9211854965885542
1.9219280948873623
2.4225797618424916
1.2309595631140104
1.736196715624298
2.609822285143817
0.7345299214394703
2.7534343861887853
2.973557262275185
2.448815635725185
2.2359263506290326
0.0
2.584023687015089
1.807354922057604
2.0634582986483037
1.8322488896002305
2.521640636343318
2.3071885761626687
2.0441104177484006
3.9260180512028464
0.0
2.440960166066084
2.8423709931771093
3.9944225237139435
2.7052290027422967
3.989906443167173
2.4772170014624826
3.106890595608519
2.4387439204017474
2.3745560483818835
0.0
1.5216406363433184
2.4885548621928453
1.413816850303634
2.606238928653389
3.0
2.827819531114783
2.1749247843162043
2.825640658289472
2.4677201004744993
1.8380267541624737
0.0
3.9727099552589866
2.1774212838293647
2.4973419908730565
2.4355205042826666
2.8962915290459286
3.4440363264719633
2.5492553971684995
4.001164360061877
0.0
3.8563124048043655
4.01121648913562
1.8423709931771088
2.263809173883546
2.3963104246409683
3.0130059710789405
2.5492553971684995
3.2044479607083507
3.0124831837637336
2.292481250360578
2.7052290027422967
2.0461796919474975
1.8536882264834516
2.523231428797621
2.686278124459133
2.851750521568801
2.181937063546704
2.610577243331642
1.887351814444994
4.012196997655986
0.0
3.8229161310106554
1.9883620710752947
2.120952031026403
2.2972760530771885
2.2947839764842817
2.0922718656836103
2.256564762130954
2.98345859334435
2.0841829849337867
3.2607546627667134
2.217021885879718
1.5435644431995963
1.932156076138423
1.3294340029249652
2.0989295636909353
2.3068905956085186
0.0
0.0
1.5589385323502771
2.1123375400048863
2.495602923729013
4.012155860559106
2.2569089895583545
2.288019280279689
2.1405180562767114
3.269711337671957
2.8522170014624826
3.7096780281341033
2.8225797618424915
4.010466317620261
2.8895494308620884
1.9211854965885542
3.337175341123077
1.9852281360342514
3.0306390622295662
0.5916727785823275
2.9708400131019843
1.2958363892911637
2.0
2.5495234595978324
2.7068905956085185
2.5492553971684995
3.259754770033597
3.7978747610254797
3.0095443353562694
3.0464393446710156
3.1841837197791887
0.0
0.0
1.9437519544205017
2.603975726610715
2.8423709931771093
2.702819531114783
1.9197367178034825
1.7169171866886992
2.0670314951575843
1.5546097612655667
3.0314462981346577
3.9293171634779576
0.9463729359854419
1.9746017527145814
2.841446071165522
2.7534343861887853
1.4966407621868583
1.6627992560224794
1.8248169862168622
2.2856005389623073
2.349601752714581
0.0
3.5231262739848637
2.973557262275186
2.5216406363433186
0.0
0.0
2.1607047528877827
3.7139868255485298
4.048296191452554
2.1005602963278096
2.1815525171888464
3.433783409004101
2.4225797618424916
2.7534343861887853
2.146782221599798
2.224601752714581
2.21676435353455
1.2958363892911637
1.640223928941852
0.0
1.5064431878202948
1.4328773369500165
3.055261428220696
3.180129391905156
2.840223928941852
1.9852281360342514
2.096902923418252
2.5550365325772657
2.35274578087187
1.4627552262645034
2.6800365325772657
1.3995812306460644
1.8322488896002305
2.365596230357602
2.835237745312118
3.3787834934861767
3.3320953986601696
3.4170516505674158
0.0
1.6805563732659934
1.7445842076889957
2.9559130951758243
1.809200032697812
0.0
2.0670314951575843
1.7232314287976207
2.4193819456463714
2.656564762130954
2.774397470347699
2.789898095464287
3.1258145836939115
1.2475562489182659
1.8776205033895348
3.3259240555827074
2.946439344671015
2.35274578087187
2.1179631753145163
1.6881812484379022
2.1055872616982603
2.8729118929735047
1.4190352743388661
2.064042639445697
2.467720100474499
2.8729055953200553
1.158938532350277
2.0049355947431313
2.774401919288771
3.010570934268483
2.70613175395833
2.822579761842491
2.094856783548739
2.6644977792004614
2.1607047528877827
1.8709154329373665
1.610577243331642
2.3522170014624826
3.6684382185141846
2.386687999079064
2.5424812503605785
2.6416396727898706
2.4187229080665604
2.339572261986723
2.332914563979398
2.0634582986483037
2.74894004700543
2.9841837197791885
1.2901208527411523
2.733206219346495
2.5492553971684995
3.259754770033597
2.808694969562842
3.0095443353562694
3.7978747610254797
3.029946805567308
2.701609497059027
1.4299111709758698
1.1488348542809166
2.1820058147602133
1.6774212838293647
0.5032583347756457
2.634962454060521
2.1231991154262255
2.0989295636909353
2.3035088547976783
2.218437210664321
1.9732285161344476
2.217021885879718
4.063668003086928
3.0
2.5492553971684995
3.259754770033597
3.7978747610254797
3.0095443353562694
2.822579761842491
1.9669171866886992
2.406666316740689
2.270942421748537
2.3787834934861753
2.6638651219508542
0.7918583525674836
2.6986604604011157
2.699513850319966
2.699513850319966
2.745334336315883
0.0
0.0
0.8683927290103626
2.0922718656836103
2.704986855772667
3.3124145846972675
3.119245034866106
2.3898980954642877
2.60845859334435
2.747167197306934
2.656564762130954
0.9997779672118906
1.7345216647797512
2.5027361715940035
2.332914563979398
3.9623793795698994
2.905764584655453
2.603975726610715
2.5027361715940035
2.747167197306934
2.5232314287976205
1.870253816431622
3.608934690710446
2.702819531114783
2.225610814520738
2.60845859334435
2.221928094887362
0.0
1.0949143184120975
3.0271614121479167
2.2825887305018333
2.5492553971684995
3.156652895849943
2.7844896751949944
1.7735572622751854
2.5016094970590275
2.341917186688699
0.0
2.0119209285947934
2.5785519909913264
0.0
1.9898980954642875
2.4294945204514447
3.9156871683656655
0.8314743880097293
2.498929563690935
2.631051959488611
1.6125474873813834
2.2272170014624826
2.368681608963656
2.373469548689994
0.0
1.647730922119161
2.125246327416571
2.061278124459133
2.2256051990169436
2.1829316468984663
2.48345859334435
2.5304930567574826
0.9182958340544896
3.357031395386466
1.4096728409173789
1.3881355793364474
3.1958468151117168
2.4662478973127313
2.5769261813594206
3.2899906220091513
2.2825887305018333
2.6586806629422504
1.0
2.127986806877675
2.835237745312118
2.671903121301494
2.680851854979514
1.935646899398185
1.771782221599798
2.2311747825088846
2.0670314951575843
2.7153266987718085
2.754441845713346
2.615724605447171
1.7055872616982601
2.2030713060627085
2.0741647430225756
2.610577243331642
0.0
0.0
1.4197367178034825
2.8855130303998817
2.8962915290459277
2.4682734124061354
2.4659573209491747
0.0
2.023219672335508
3.1556390622295662
3.939259520826518
0.0
2.2256051990169436
2.005977711423774
2.389898095464287
2.2037016960573483
2.084962500721156
1.822815600352516
1.6444492199495464
1.681899067522611
1.7295290545023005
2.013006500506917
1.8419171866886992
1.4130884364257577
2.168232893338811
0.0
2.260820318171659
0.0
2.5810134015775863
2.0308550939547763
2.1393538721672005
2.0113650418263793
2.199086165113526
1.6894822670191825
2.313675305902416
1.7720772537350808
2.6908770663513963
1.1941737342569119
2.5220552088742005
2.4584538292330587
2.8218881955261788
2.8218881955261788
2.3991303913908
2.216521698179525
2.6688388898504303
2.767897113580337
2.8218881955261788
2.4885548621928453
2.4517582841264383
2.7356212574507195
2.587647592435899
2.704545414396622
2.08429531609601
2.467720100474499
3.0146205618375923
2.5497873815230374
1.6456780552463373
3.0461370295702164
1.2419460322060458
2.4692407821722844
1.7130788426267936
1.7345216647797512
2.4772170014624826
2.146782221599798
2.7272170014624826
2.577819531114783
0.0
2.4980775466236413
2.822579761842491
0.0
0.0
2.6841837197791887
2.5304930567574826
1.6644977792004616
2.85845859334435
2.4275019499768535
0.0
1.8672649607197351
2.524397470347699
3.3775671571169283
1.8828560636920488
3.4240244208650217
1.8809242772281591
2.092728268048279
1.7262930281818554
1.6893917467430875
0.0
1.198192411043098
1.103307408607834
2.1632095937363847
1.8650150719075866
2.5964831054919153
1.8595172276272782
0.954434002924965
2.217021885879718
2.5341468438052397
0.0
0.0
2.1820058147602133
2.606238928653389
2.5299253714154544
1.8565647621309542
3.427333493898264
0.0
1.9329145639793979
2.577819531114783
0.0
0.0
2.3071885761626687
1.836591668108979
2.5306390622295662
2.4662478973127313
2.0225797618424917
1.7884504573082893
1.7632570450577203
2.089246428509158
2.136060409970762
2.7272170014624826
2.4137995646056796
1.870253816431622
1.7854752972273344
2.4268193111659015
0.0
3.208987300258799
2.1179631753145163
1.6894822670191825
0.7553754125614287
3.106890595608518
2.359879028736861
2.422579761842491
2.158047053008535
0.0
0.0
0.0
1.1981174211304033
1.5216406363433184
1.875
2.7898980954642867
2.974937501201927
2.8423709931771093
2.984183719779189
3.006238928653389
1.7967916319816366
0.0
1.843490682083634
4.084661530780575
2.610577243331642
1.8024212838293647
1.640223928941852
2.965076031862107
1.8400837592991008
2.728212945841001
1.7464657985040721
2.2775671571169287
2.7604319805306607
2.0524212838293647
2.1280852788913944
2.4404040177209283
1.4932133643654213
2.816340113853408
2.214701622637604
3.204986855772667
3.4191589860452907
3.0860388152612774
2.279799131837405
2.502736171594004
2.4329312573512434
0.0
0.0
1.3663146570363986
2.731431053591683
2.6227336390297045
2.2062389286533897
2.4225797618424916
2.365596230357602
0.0
3.355337797403416
2.7534343861887853
2.5495234595978316
2.041446071165522
1.2916919971380596
1.6113834567195195
2.244224326102943
1.8016366412706075
2.092728268048279
0.0
0.0
2.145136370153053
3.0062389286533895
2.120952031026403
2.2820148619017413
2.2261207468426805
2.3244093931715555
2.270942421748537
1.5435644431995963
3.1590795706241743
2.560285473844815
2.4867930213024025
3.028158931550378
0.863120568566631
2.5370148112524404
2.7526835512315255
0.0
0.0
0.6631968402398287
1.612197222702993
2.521782221599798
3.0130709291038453
3.058813890331201
1.587233195918639
2.5492553971684995
1.7947367178034825
2.606238928653389
1.7028195311147831
1.2567796494470396
2.1592768042272796
1.8980305365540293
2.5232314287976205
2.3248629576173565
2.1173503715768223
2.4355205042826666
1.9766480916739717
2.291620193427939
2.0461796919474975
2.225605199016944
2.0199730940219753
2.1684656711105887
2.6729330318733666
2.3515937233487554
2.469240782172285
2.6416041678685938
2.451758284126438
2.35274578087187
2.5566567074628237
2.606238928653389
2.339261065733564
2.8282129458410012
3.1464393446710157
2.7534343861887853
0.0
2.2389205950315936
3.8797890439837532
1.1941737342569119
3.779052331034242
1.7947367178034825
2.1464657985040723
1.871602261409798
3.996763376445137
0.0
2.41379956460568
2.1054105870684143
2.699513850319966
3.146286370662105
1.295461844238322
2.6638651219508542
1.2958363892911637
2.606238928653389
1.5628066316931741
2.556656707462823
1.6849774484867255
1.7263472243434208
3.177719305413776
1.640223928941852
2.9752827576162137
2.1735572622751858
2.2988252450030506
2.0461796919474975
0.0
2.744842531753244
2.699513850319966
2.1559681021459074
2.146465798504072
2.815922063835166
2.3787834934861753
1.9329145639793979
2.5492553971685004
1.7735572622751854
3.8841994739710155
0.0
1.853688226483452
2.4056390622295662
3.3124145846972675
3.023837756922243
1.4056390622295665
2.498929563690935
2.622153838257028
2.6426434808900545
1.7601553465802904
2.040223928941852
2.656564762130954
2.5810134015775863
3.8563124048043655
3.975310937161314
2.1967916319816365
2.389898095464287
2.224601752714581
3.9421590081245377
2.2988252450030506
2.224601752714581
2.5153341830205767
2.6455933144511468
1.8250112108241772
0.0
2.4935410903536543
2.160762106246821
2.2720552088742005
0.0
2.3802704430860198
1.8073549220576042
2.217021885879718
2.805958492868042
2.23345859334435
2.298650083218999
2.3248629576173565
2.4056390622295662
0.0
3.7992211160586717
2.9312089489103235
4.002138460995404
2.289246428509158
2.8423709931771093
1.1897319168207328
