Shannon_Entropy
1.5058762556041068
1.7263472243434204
1.0892300788425848
1.590468570732828
1.9392365361682793
1.439254017211876
1.2319817814011405
0.9402859586706311
0.8929427417665807
1.6219011889093373
1.8561962982193794
1.3716407621868583
0.951994081908783
1.497385205007079
1.0
0.0
0.41381685030363374
1.7233083338141042
1.5002723456084084
1.5058762556041065
1.5703612224162218
1.419035274338866
1.6514789228933084
1.612197222702993
1.186278124459133
0.9852281360342515
1.5783898247235197
0.996118213778296
1.4256051990169438
0.4394969869215134
1.4466166676282082
1.7663326399706227
1.7688555892617415
1.7224945678306305
1.5694452621548822
0.9463729359854419
1.562688039303908
1.4790174434893644
0.6500224216483541
1.3716407621868583
1.634431504340598
1.2326602568158205
1.0529815751302694
1.6163485660751644
1.8400837592991008
1.3752793655393791
1.813660689688186
1.4772170014624826
1.9300801441115987
0.863120568566631
1.1559739978306767
1.3784188527203236
1.4247346189316263
1.7393538721672006
1.319035274338866
1.677984280637773
0.9182958340544896
1.0892300788425848
1.6166422780956524
1.103307408607834
1.2635442407015733
1.4716022614097979
1.5099686126368168
1.74917466839001
1.0892300788425848
0.0
0.9444885341662053
1.6042509441678177
1.5577277787393193
1.0
0.9366673818775626
0.39124356362925566
1.5157895841746822
1.4567796494470395
1.532419498446859
1.5275070675902451
1.6838721787233406
1.8559368937750955
1.134969974603941
0.35335933502142136
1.442508097190614
1.275162982784857
1.4845841369510366
1.3752580686696534
1.2439904575514165
1.8190269457641057
1.0
1.3361602543738118
1.2577148214953864
1.496065911543853
1.4716022614097979
0.37123232664087563
1.763911156578927
1.6387586809150083
0.0
1.383866329597683
1.5632790363522515
1.5683182557028439
1.5694452621548822
1.359992492218488
1.5143557466791862
1.272905595320056
1.8433650762996048
1.272905595320056
0.0
1.1400677626718572
1.311278124459133
1.2319817814011402
0.9864267287308424
1.3971174140505007
1.54515219719895
1.5397348151355597
1.4056390622295665
1.675822057576696
1.6627992560224794
1.134969974603941
0.74959525725948
1.5986574942458058
1.3111861785850722
1.682765550185512
1.7187828921272557
0.0
0.39124356362925566
1.497385205007079
0.6840384356390417
1.5820239409642765
1.5683182557028437
1.402081402756032
0.39124356362925566
0.4394969869215134
1.3758690752435943
0.9989525689736319
1.4958242288403438
1.6930405350919486
1.0529815751302694
1.311278124459133
1.8282344370732122
1.0389205950315936
1.5569010760354054
0.6722948170756379
1.3958096511175984
0.6689128250884092
1.4237949406953985
1.5996275363413568
1.4516607643577664
1.271782221599798
1.5737888130660205
1.5289659680720935
1.509968612636817
1.3609640474436813
1.4983958159908184
0.5489544344250401
1.4786906467516152
0.0
1.0389205950315936
0.0
1.7229712791784753
2.0772517679654614
0.9912642605354288
1.2601423897108555
2.008496810685675
1.198192411043098
1.3328204045850196
1.1635402011210707
0.0
1.4591479170272446
1.6052067078749124
2.179791447354926
0.0
1.442508097190614
1.5569010760354054
1.8350287858219634
0.0
1.842737648613667
1.3253318768084927
0.3372900666170139
1.2252357794710609
0.0
1.5002723456084084
0.6500224216483541
1.6349288300680023
1.4256051990169438
0.6962122601251458
1.7289794149754032
1.186278124459133
1.061278124459133
1.7264892117991657
0.9612366047228759
1.6909338059596861
1.1488348542809166
1.684185736908434
1.624821327228443
1.4185644431995963
1.483226196970911
1.8421784100058223
1.4854752972273344
1.2261134199863002
1.56167709991126
0.0
1.1050139971135322
1.5694452621548822
1.3244602933016414
1.7832474385325099
0.5489544344250401
1.2601423897108555
1.386274093895968
1.456564762130954
0.4394969869215134
1.4294732983598406
1.1212765536441893
1.2897983724188622
1.134969974603941
1.061278124459133
1.2607717938967942
0.0
1.5574319619297041
1.311278124459133
1.6627992560224794
1.7743221560658897
0.0
1.4294732983598406
1.638253359471275
0.41381685030363374
1.5567796494470394
1.3716407621868583
0.5435644431995964
1.4886022351695134
0.0
1.3633800759802648
0.3227569588973982
1.0863128407412879
1.5229571181374095
1.5783898247235197
2.0650464172773457
1.1994602933016414
1.2682301580713344
1.1400677626718572
1.4411535278793055
1.635891110799899
1.7732967821474692
1.4197367178034825
1.6879430945989
0.9182958340544896
1.3110022671212271
1.6055581251322295
2.036569395509731
1.6210571674934482
1.5683182557028437
1.4941800941150334
2.020186696844248
1.2532975784630431
1.4124193816482937
1.3752793655393791
1.4970151057384782
1.2475562489182659
1.7433726580786888
1.8098225451324992
0.7793498372920851
1.428794734004785
0.7424875695421236
0.41381685030363374
1.5513712715511299
1.8675769461761949
1.7142977509479211
0.0
1.8182626942811975
1.5694452621548822
1.6159889779043453
1.3361602543738118
0.7793498372920851
1.2987949406953985
1.439254017211876
1.319035274338866
1.533206219346495
1.1411535278793055
1.215533232382473
1.3325097579429528
1.7004397181410922
1.5002723456084084
1.6152534083238568
1.4716022614097979
1.6577427265048887
1.3663146570363986
1.6324129148411162
1.0331737299469321
1.5310222797588326
1.8426952620489987
1.4256051990169436
1.331237061506163
1.311278124459133
1.5777993970417765
1.8789687013606593
1.5044201498452237
1.1981174211304033
1.3716407621868583
1.1699698555658613
1.664926914237255
1.3995812306460644
1.4594316186372973
1.014097655573916
1.2567796494470393
1.2866926683547546
0.863120568566631
1.2772018112022603
1.8332062193464953
0.7566185682731803
0.7219280948873623
1.7709505944546686
1.4057934740866052
1.5487949406953985
1.65657468165538
1.3995812306460644
1.5052408149441479
1.5052408149441479
1.4618381992568745
1.6158045319402516
1.6456780552463373
0.8315435491770659
1.5289659680720937
1.5919171866886992
1.6337314206421327
1.311278124459133
1.1752835873133534
1.0529815751302694
1.612197222702993
1.1981174211304033
1.8333208226910545
1.850564432903234
1.7867012262088835
1.497385205007079
1.8016094970590273
1.036186417911213
1.2319817814011402
0.5916727785823275
1.9628150414142904
0.0
0.9709505944546686
0.0
0.9944663403237343
1.2674438038072338
1.0892300788425848
0.41381685030363374
0.9463729359854419
0.0
1.9272420947408824
1.1401156785146092
1.5737888130660205
1.0892300788425848
1.1488348542809166
1.5919171866886992
1.685567202024124
1.6309604191239915
1.4806821149663845
1.6113834567195195
1.5304930567574824
1.615250265088252
1.058277043226334
1.6575415498471102
1.1994602933016414
0.5916727785823275
1.6438407994589532
1.690638049351438
1.6203470472215615
1.5422414219661076
1.4079824483474699
1.6337314206421327
0.37123232664087563
0.5916727785823275
1.690638049351438
1.5016144718101816
1.7263472243434204
1.456564762130954
0.0
1.5492111247114508
1.7763318528003076
0.3227569588973982
1.0230370655328809
1.3716407621868583
1.3752793655393791
0.0
0.6500224216483541
1.1221136771091087
0.9402859586706311
0.9366673818775626
1.3685225277282063
0.39124356362925566
1.4913146570363986
1.7206166448818938
1.404678473063571
1.5016144718101818
0.39124356362925566
1.8013278010731248
1.253297578463043
1.642423961771975
0.74959525725948
1.3699740752745009
1.3544149756186803
1.1589385323502772
1.6788979029874789
1.3382689280764646
1.2772018112022603
1.4079824483474699
0.7345299214394703
1.2098003386604828
0.7793498372920851
2.274153574188151
1.311278124459133
1.9006341405826883
0.9463729359854419
1.7723388509380997
1.9609640474436814
0.9852281360342515
1.3446983751597128
1.4329283087286118
1.5293835808868543
1.0
1.3393172147651329
0.6685644431995964
0.37123232664087563
1.5400362447911908
1.4516607643577664
0.6500224216483541
1.275162982784857
0.9171193563669939
0.9182958340544896
1.4913146570363986
0.9975025463691153
1.2415242038285013
1.642423961771975
1.9735572622751854
1.4149973026592522
1.612197222702993
1.578897902987479
1.572685981875238
1.4256051990169438
0.0
1.909171785190288
0.6500224216483541
1.3342094594480487
1.4716022614097979
1.061278124459133
1.1400677626718572
0.5916727785823275
1.3216069583883467
0.8997437586982626
1.0479509592004699
1.6915311038142786
1.8814099964358766
0.0
1.365961447928513
1.6444492199495462
1.3699740752745009
1.6234651896016472
0.7345299214394703
0.7345299214394703
0.0
1.6387586809150083
1.490468570732828
1.1488348542809166
0.9530138853315971
1.578551990991326
0.0
1.5820239409642765
0.9182958340544896
1.3567796494470397
1.2912382460759644
1.0
1.439254017211876
0.4394969869215134
1.4716022614097979
1.4108478748063633
1.62864574657914
1.3244602933016414
1.5789048796543508
1.5949425457834805
1.7695459925589747
1.4237949406953985
1.7638421227824583
1.103307408607834
0.24229218908241482
1.3784188527203236
0.35335933502142136
1.0389205950315936
1.3244602933016414
1.3567796494470397
1.8629613523404251
1.9639634602623672
1.5954618442383217
1.5695179762781595
1.4708228513368136
1.2419460322060458
1.6648530979805172
1.7033848993102918
1.5301404544057031
1.6709505944546685
1.7596416551666159
1.8049355947431314
1.3727069617019705
1.4197367178034825
0.39124356362925566
1.186278124459133
0.8112781244591328
1.6966855034152304
1.6970525448137903
1.5693078231812962
0.5435644431995964
1.5451521971989497
0.0
1.4166422780956525
1.4373770511116049
1.280019973431558
1.597902904929143
1.2366407419411674
1.3752793655393791
1.0892300788425848
1.7709505944546686
1.058277043226334
0.7732283485249176
1.5301404544057031
0.9980008838722996
1.321606958388347
1.6709505944546688
1.3752793655393791
0.0
1.6368421881310118
1.5683182557028439
1.3709505944546687
1.3866202513095542
1.8113645470307613
1.578897902987479
1.192250860234642
1.8314018453921719
1.181899057917561
1.850983694881109
1.5055213905049436
1.4685381970127551
1.4652556501132248
1.2987207862212027
0.8812908992306927
1.483226196970911
1.6627992560224794
1.0949143184120975
1.3372449392958772
1.7817736011699856
1.47312842712131
1.595461844238322
1.2419460322060458
1.4716022614097979
1.5466316153937778
1.6387586809150083
1.6627992560224794
1.439254017211876
1.0201433152964865
0.6143694458867568
1.4657904693384451
1.103307408607834
1.2866926683547546
1.5794160077843604
1.6137129703673825
1.6970892603744265
1.3382689280764646
1.4915560089120212
0.7345299214394703
1.2695459925589747
1.2532975784630431
1.4237949406953985
0.7653636126766978
1.5311421449513989
1.6589797521242051
1.581862660461909
1.6431558784658322
1.5152758995191553
1.301240785481462
1.522915303449671
1.7262732396671272
1.602131444182858
1.5002723456084084
1.647868900269006
1.5016144718101818
1.633731420642133
0.7793498372920851
0.0
0.0
1.6256382611108233
0.0
0.7732283485249176
1.6107845483996803
1.4716022614097979
1.6627992560224794
1.590468570732828
1.7337289824241497
1.8446275499630505
1.8053232276070963
1.9935477458985866
1.5663293988620242
1.3284807255676319
0.4262286569981449
0.9852281360342515
1.7732143550933817
1.4152689500270956
1.1981174211304033
1.6804312028658286
1.432983121056005
1.7002237262558648
0.0
0.8366407419411672
0.6193821946787638
1.7332062193464952
1.2677702161044204
0.5665095065529053
1.6729330318733675
1.9042250239883554
1.0553532192449842
1.578897902987479
1.8547708538496328
1.7872392983355896
1.6814963295286753
0.39124356362925566
2.0371290015312513
1.4044567946026396
0.6402064333604701
1.3218825600621587
0.8112781244591328
1.278503901534713
1.3727069617019705
1.8778867313886054
0.5032583347756457
1.683240358011977
1.6840384356390419
1.4256051990169438
1.5
1.321606958388347
1.3917601481809734
1.6188386818320677
2.0000808760993793
1.5157895841746822
1.3699740752745009
1.2448406699719212
1.2366407419411674
1.4061518545101988
1.4466166676282082
1.6568503365759961
1.703540634496139
1.8016094970590273
1.6163485660751646
1.6113834567195195
1.4516607643577668
1.6820708027473965
1.3716407621868583
0.3095434291503252
1.8834565325902437
1.4716022614097979
1.4836591643979626
1.7732143550933814
1.4768267825283767
1.7972784468155878
1.6192501978876976
1.1941737342569119
1.0226297788901695
0.7793498372920851
1.4345608142862893
1.7166422780956525
0.8180914641842123
1.198192411043098
1.3663146570363986
1.958229168669878
1.2884926890861643
1.3931271734483175
1.4256051990169438
1.4162483330447029
1.8324633974317817
1.6183941088363931
1.4466166676282082
1.7110804962442778
1.643751954420502
1.743666431466933
0.5907239186406502
1.6842720727337608
1.6004512092982517
0.0
1.8885105964272468
1.533206219346495
1.3716407621868583
1.118275160770976
0.0
2.179791447354926
1.496065911543853
1.275162982784857
1.4567796494470395
1.8675769461761949
0.0
1.3567796494470397
1.3567796494470397
1.0892300788425848
1.675822057576696
0.7219280948873623
0.0
1.6042509441678177
1.5663293988620242
1.5663293988620242
0.6722948170756379
1.5632790363522515
1.6930405350919486
1.7712589600219495
1.7264892117991657
1.2646726793957221
1.457424881409171
1.5487949406953985
0.9366673818775626
1.0534081504863568
1.2309595631140104
1.6602515070232187
1.7965050034651298
1.383866329597683
1.5569010760354054
2.0513464332493885
1.1589385323502772
1.3282531603058014
1.5783898247235197
1.7909273997744422
1.4237949406953985
1.442508097190614
1.2366407419411674
1.7187828921272554
1.0892300788425848
1.1221136771091087
1.3633800759802648
1.6188386818320677
1.5574319619297041
1.5058762556041065
1.3716407621868583
1.7960885595978366
1.5002723456084084
1.009186086912346
1.6820708027473965
1.2916919971380596
0.0
1.5626880393039078
1.6662786286072528
1.7166422780956525
1.5577277787393193
1.7695459925589747
0.0
1.5777993970417765
1.4854752972273344
0.0
1.5919171866886992
0.9864267287308424
1.3971174140505007
1.54515219719895
0.4394969869215134
1.272905595320056
1.0540157730728
1.0529815751302694
0.7793498372920851
1.3699740752745009
1.2866926683547546
1.5958900003862124
0.9967916319816366
1.768853837616
0.9912642605354288
1.5645041853857053
1.6087001655198914
0.8343470230852538
1.608700165519891
1.842737648613667
1.061278124459133
1.2410106928656974
1.3235315761100483
1.6627992560224794
1.4674579648482995
1.3244602933016414
1.4366664819166872
1.757276262076474
1.49692754611459
1.7909273997744424
1.5141859576379553
1.456564762130954
1.6282202760321465
1.7925730902686046
0.6998428398862386
1.3328204045850196
0.37123232664087563
1.3605273114437082
0.39124356362925566
1.3355055565170972
1.1595547523787308
1.796118213778296
1.635891110799899
1.3512274809529559
0.6998428398862386
1.83748482971194
1.5813432267683005
1.6729330318733675
1.7187828921272554
0.6500224216483541
0.28639695711595625
1.6113834567195195
1.5827993325271836
0.0
1.8854752972273343
1.3699740752745009
1.2080393967554763
1.5154241592897058
1.1866483258878036
1.675822057576696
1.6100217487218749
1.4079824483474699
0.0
0.6685644431995964
1.158938532350277
1.4256051990169438
1.3954618442383218
1.5739889616503064
1.311278124459133
1.3699740752745009
1.311278124459133
1.7218171366000203
0.9402859586706311
1.2997367636952522
0.9933927290103626
0.7793498372920851
1.6435270140593634
0.0
1.173185867971725
1.4307567315062026
1.6204785313595702
1.2554312795575997
1.5790659461895311
1.5739889616503064
1.3752793655393791
1.6382533594712747
0.0
1.3752793655393791
0.35335933502142136
1.5569010760354054
1.4166422780956525
1.3825075657517338
1.490468570732828
1.643252475785101
1.7218171366000203
0.9463729359854419
1.5016144718101818
1.7263472243434204
1.5929535669888841
1.0892300788425848
0.7441942138263227
1.771760518286793
1.3699740752745009
2.017824858003425
0.8960382325345574
1.2567796494470393
1.086312840741288
1.5055213905049434
1.4226581667171696
1.497385205007079
1.8774487457092885
0.9912642605354288
1.890920993589198
1.2917601481809733
1.5322017479596926
0.0
0.3227569588973982
1.5372952641634292
1.67071450648479
1.0540157730728
1.1488348542809166
1.893660689688186
1.5088584648535124
1.4355205042826666
1.3235315761100483
0.5689955935892812
1.5693078231812958
1.3752793655393791
1.6068322783181097
1.280672129520887
1.5408072197905878
1.8702182306657544
1.7978067720506103
1.6879074618929528
0.7732283485249176
1.8286225027877085
1.6841837197791887
0.8904916402194913
1.7712589600219495
1.6253785496437985
0.74959525725948
1.3244602933016414
0.4394969869215134
1.7080986635018058
1.695689304536347
1.6344315043405981
0.41381685030363374
1.572351663308588
1.6578764348499595
1.606482979181485
0.9886994082884974
1.8098225451324992
1.6846696209693475
1.671405583442497
1.4627552262645034
0.7345299214394703
1.9672079175777322
1.5455354215539245
1.667951197198645
0.6500224216483541
1.6780986942499818
1.9993073294931034
0.7793498372920851
1.4716022614097979
1.1422967365822316
1.3278754646456608
1.1981174211304033
1.7264892117991655
1.3699740752745009
0.4394969869215134
0.9463729359854419
0.6685644431995964
1.769644525083787
1.4842709879736133
1.063529270392822
1.62207015663977
1.8717374334224666
1.7264892117991657
1.5694452621548822
1.9193721485946105
1.7332062193464952
0.0
1.5016291673878228
1.5509367889994214
1.0389205950315936
1.4970151057384782
1.6277637415297184
1.3995812306460644
1.61368414969277
1.5305145360666694
1.4652556501132248
1.7425956156947977
1.5569010760354054
1.1400677626718572
0.41381685030363374
1.1401156785146092
1.6627992560224794
1.512644747821065
1.7418484836863257
1.7363568979772654
1.438721875540867
1.438721875540867
1.438721875540867
0.863120568566631
0.39124356362925566
1.9430425036562062
1.9677648376739314
1.8016094970590273
1.455016806767447
1.613519734232519
1.186278124459133
1.752620573210982
1.8048956511448038
1.2419460322060458
1.511944979424826
0.32984607020714635
1.5645041853857053
1.46749294464203
1.3382689280764646
1.4133912888392068
1.6514789228933084
1.6675897585466832
1.2866926683547546
1.6788979029874789
1.7709505944546686
1.2419460322060458
1.3699740752745009
1.5485806065228545
1.8875101959226352
0.8112781244591328
1.4112050925821995
1.8182626942811972
1.4256051990169438
1.2086489509530647
2.0598225451324987
1.1911690666169847
0.41381685030363374
1.6282202760321463
1.4166422780956525
1.6729330318733675
1.7485841130551694
1.728523515942459
1.672536499779147
1.68672472922671
1.4689955935892813
0.7219280948873623
0.8366407419411672
1.8751458114455384
1.3630083113425158
0.0
1.5444214805290835
0.0
1.3699740752745009
1.0892300788425848
1.8518411137950779
1.4716022614097979
1.7416838940090769
1.6767370300521327
0.9852281360342515
1.311278124459133
1.311278124459133
1.311278124459133
0.9463729359854419
0.9463729359854419
0.9852281360342515
1.0389205950315936
1.3633800759802648
1.2419460322060458
1.3699740752745009
1.0476747992754052
1.0230370655328809
1.522915303449671
1.522915303449671
1.5503407095463881
0.6685644431995964
0.4262286569981449
1.6027395395328303
1.8079045751188838
1.671405583442497
1.2554312795575997
1.2554312795575997
1.6234234749509708
1.4806821149663845
1.4627552262645034
0.9852281360342515
1.3779630390761746
1.1431558784658322
0.41381685030363374
0.41381685030363374
1.6729330318733675
1.7485841130551694
1.7427376486136672
1.4237949406953985
1.4256051990169438
0.9182958340544896
1.4913146570363986
1.4256051990169438
1.5016144718101818
1.6387586809150083
1.642423961771975
1.642423961771975
1.8013278010731248
1.8013278010731248
1.8013278010731248
1.5002723456084084
1.5058762556041065
1.5703612224162218
1.5002723456084084
1.5058762556041065
1.5703612224162218
1.3699740752745009
0.0
0.6722948170756379
1.439254017211876
0.0
1.595461844238322
1.703540634496139
0.9852281360342515
0.9852281360342515
0.9852281360342515
0.9852281360342515
1.0892300788425848
1.158938532350277
1.3567796494470397
1.2366407419411674
1.3995812306460644
1.6892464285091584
1.2419460322060458
1.7814906453711021
1.2419460322060458
1.4716022614097979
1.3361602543738118
1.768853837616
1.5820239409642765
0.0
1.7206166448818938
0.7793498372920851
1.5275070675902451
1.3282531603058014
0.4394969869215134
1.4674579648482995
1.4716022614097979
1.5683182557028437
1.8629613523404251
0.0
1.3216069583883467
1.6368421881310118
1.4108478748063633
1.62864574657914
1.4108478748063633
1.62864574657914
0.6143694458867568
0.6143694458867568
0.6143694458867568
1.2635442407015733
1.2635442407015733
0.6143694458867568
0.6143694458867568
0.6143694458867568
1.2866926683547546
1.1941737342569119
1.2866926683547546
1.1941737342569119
1.1941737342569119
0.9833557549816874
1.2475562489182659
0.0
1.4083445441575106
1.5789048796543508
1.5789048796543508
1.2252357794710609
1.4256051990169438
1.4256051990169438
1.4411535278793055
1.635891110799899
1.4411535278793055
1.635891110799899
1.5694452621548822
1.4135128620117166
1.4594316186372973
1.8446275499630505
1.2866926683547546
1.5958900003862124
1.1488348542809166
1.1488348542809166
1.1488348542809166
1.6805563732659934
1.2866926683547546
1.572685981875238
0.6722948170756379
1.158938532350277
1.3488592906585621
1.4496095799115576
1.158938532350277
1.3488592906585621
1.4496095799115576
1.5737888130660205
1.5289659680720935
1.3363816313106462
0.8997437586982626
1.6017001682977128
1.6017001682977128
1.5301404544057031
0.7566185682731803
1.6137129703673825
1.634431504340598
1.2326602568158205
1.6804312028658286
1.2309595631140104
0.9055872616982603
1.7264892117991657
1.8774487457092885
1.3752793655393791
1.4190352743388661
1.4190352743388661
1.3699740752745009
1.6904726977121665
1.5737888130660205
1.5289659680720935
0.41381685030363374
1.2866926683547546
1.642423961771975
0.37123232664087563
1.4108478748063633
1.62864574657914
1.1981174211304033
0.4394969869215134
1.365961447928513
1.7263472243434204
1.0892300788425848
1.3278754646456608
1.1981174211304033
1.4806821149663847
1.0476747992754052
1.4149973026592522
1.4083445441575106
1.890920993589198
1.4185644431995963
0.9940302114769565
0.9494520153879484
0.9494520153879484
0.6500224216483541
1.061278124459133
1.3716407621868583
1.5478976275004668
1.4171326567191826
1.7427376486136672
1.7229712791784757
1.6511972890007982
0.9709505944546686
1.590468570732828
0.37123232664087563
0.9852281360342515
1.3699740752745009
1.1866483258878036
1.158938532350277
0.7345299214394703
1.7448002503523836
1.6419567918182483
1.158938532350277
1.1981174211304033
1.7095263323230747
1.5487949406953985
0.6840384356390417
1.5683182557028437
1.3699740752745009
1.0389205950315936
1.2415242038285013
0.0
1.624821327228443
1.747167197306934
1.497385205007079
1.365961447928513
0.35335933502142136
1.7732143550933814
1.8629613523404251
1.8629613523404251
1.8098225451324992
0.6500224216483541
1.311278124459133
1.311278124459133
1.8079045751188838
1.2059413017339653
1.7990077544108969
1.3633800759802648
1.896108588016351
0.5916727785823275
1.2646726793957221
1.3382689280764644
0.9852281360342515
1.5142882163349687
0.39124356362925566
0.0
1.838758680915008
1.4256051990169438
1.6899461611103164
1.0230370655328809
1.0230370655328809
1.3784188527203236
1.2261134199863002
1.56167709991126
1.2607717938967942
0.0
0.0
1.9735572622751854
0.8904916402194913
1.2635442407015733
1.2475562489182659
0.4394969869215134
1.813660689688186
1.6137129703673825
1.684302438282819
1.1212765536441893
1.1212765536441893
1.2772018112022603
1.631831245961234
1.5002723456084084
1.5044201498452237
1.65657468165538
1.483226196970911
1.4554470104424417
1.404678473063571
1.359992492218488
1.6113834567195195
1.4769092849936094
1.5567796494470394
1.5693078231812958
1.3110022671212271
1.5141859576379553
1.7002237262558648
1.301240785481462
1.5088394973607078
1.014097655573916
1.1400677626718572
1.014097655573916
1.4166422780956525
1.1254908068679137
1.152021484634878
1.4190352743388661
0.5489544344250401
1.5737888130660205
1.5289659680720935
1.5737888130660205
1.5289659680720935
1.5317035250512132
1.0214554656116666
1.3633800759802648
0.9912642605354287
1.5683182557028437
0.0
1.0529407605626346
1.2797583335810694
1.379558855444687
0.9182958340544896
0.2974722489192896
1.7839496260010397
1.1981174211304033
1.6488348542809168
1.8774487457092885
1.3363816313106462
1.0975378398419535
1.382772582661563
1.5166422780956523
1.103307408607834
0.6685644431995964
1.2098003386604828
0.8112781244591328
1.613824394358762
0.74959525725948
1.384431504340598
1.6794293668139548
1.7732143550933814
1.813568563296414
1.311278124459133
1.6788979029874789
1.838758680915008
1.5487290032420458
1.4083445441575106
1.7399546474223628
1.6166422780956526
1.7387586809150084
0.9986359641585718
1.4466166676282082
1.6849774484867255
0.7907669479360189
0.39124356362925566
1.3382689280764646
1.2987949406953985
1.4396763215021657
1.383099991189334
1.1595547523787308
1.7272486062639207
0.0
1.3752793655393791
1.8862002478507243
1.643751954420502
1.608700165519891
1.2366407419411674
1.192250860234642
1.581862660461909
1.3699740752745009
1.7909273997744422
1.4190352743388661
1.3792804872910602
1.103307408607834
1.5088584648535124
1.3784188527203236
1.419035274338866
0.6500224216483541
1.5516537043039171
1.0949143184120975
1.7799500009615414
1.442508097190614
0.8904916402194913
1.5784545358221245
1.497385205007079
0.41381685030363374
1.1981174211304033
1.158938532350277
1.3488592906585621
1.4496095799115576
1.3675416913014387
0.9463729359854419
0.0
1.6788979029874789
1.6432524757851006
1.5626880393039078
1.5324194984468589
1.6117022325423545
1.1660870601063933
0.0
1.5405914953918864
1.290852082972755
1.7970986296312548
1.1897319168207328
1.6158045319402516
1.3244602933016414
0.0
1.4716022614097979
1.1994602933016414
1.6318617529964798
1.5813432267683005
1.6772390289896693
0.0
0.41381685030363374
1.8402855730017518
0.39124356362925566
1.670733926538802
1.656684374222608
1.9277473653732446
1.32151018873626
1.5195563653739033
0.39124356362925566
1.0949143184120975
0.6998428398862386
1.404678473063571
1.7156254566901556
0.9933927290103626
1.62404478108944
0.7642045065086203
1.4772170014624826
1.4716022614097979
1.838758680915008
1.749636557720882
0.39124356362925566
1.319035274338866
1.3650834884829703
1.8122120296587747
0.4262286569981449
1.5694452621548822
1.4135128620117166
1.152021484634878
1.3747976286297399
1.0949143184120975
0.0
1.5157895841746822
1.5737888130660205
1.1221136771091087
1.5157895841746822
1.5397348151355597
1.4567796494470395
1.3709505944546687
1.9860462325725075
1.5092909928203135
1.4256051990169438
1.1488348542809166
0.74959525725948
1.4185644431995963
0.4854607607459134
1.5919171866886992
1.568538834381555
1.3640054628542204
1.549211124711451
1.0529815751302694
0.0
1.6010143058068347
1.198192411043098
1.311278124459133
1.3294340029249652
0.7742433029172697
1.5487949406953985
1.7349112826910293
1.4466166676282082
1.7925730902686046
1.4108478748063633
1.0949143184120975
1.6203352658383443
1.311278124459133
0.0
1.428794734004785
1.5016144718101816
1.5478976275004668
1.456564762130954
1.5410477535445677
0.9976267918964659
1.4256051990169438
1.2309595631140104
0.9957274520849255
1.2866926683547546
1.473772149591271
1.0142679457579429
0.0
1.5709505944546687
1.3605273114437084
1.5919171866886992
1.88863330674711
0.0
1.6411537317874583
1.7399355786962216
0.9463729359854419
1.54515219719895
1.014097655573916
1.5064431878202946
0.6722948170756379
1.014097655573916
1.2677702161044204
1.5941859576379551
0.39124356362925566
1.615250265088252
1.272905595320056
1.4911148500551858
1.4915560089120212
0.4394969869215134
1.0892300788425848
1.5002723456084084
0.0
1.615250265088252
1.5157895841746822
1.2494602799216175
1.311278124459133
1.3709505944546687
1.720616644881894
1.6846696209693475
1.5779772001172403
1.3752793655393791
1.2770049139968558
1.3657960185730365
1.3663689347690928
1.2884926890861643
1.2884926890861643
0.39124356362925566
1.6349288300680023
1.158938532350277
1.1981174211304033
1.6010143058068347
1.5509367889994214
1.5485806065228545
1.4970151057384782
1.3709505944546687
1.455016806767447
0.6143694458867568
0.6143694458867568
0.6143694458867568
0.6143694458867568
0.8960382325345574
1.4466166676282082
1.4466166676282082
0.9780155566622414
1.4166422780956522
1.414933856049541
1.9672079175777322
1.9672079175777322
1.6166422780956526
1.6435933128708506
1.7128876215181605
1.5858388510441057
1.450467463408549
1.7052485866188762
1.649984495037365
1.7128876215181605
1.5858388510441057
1.450467463408549
1.720163765002232
1.649984495037365
0.39124356362925566
1.3355055565170972
1.036186417911213
0.4394969869215134
1.3244602933016414
1.272905595320056
0.35335933502142136
1.3830999911893338
1.7758310210461503
1.7159097988489318
1.497385205007079
1.5790659461895311
1.457424881409171
0.8112781244591328
1.3752793655393791
1.4256051990169438
1.6978475432170992
1.198192411043098
0.9463729359854419
0.9182958340544896
0.8904916402194913
0.8904916402194913
1.0892300788425848
1.5016144718101818
1.5016144718101818
1.6010143058068347
0.7732283485249176
1.2332247882202196
1.207518749639422
1.633599649526201
1.0975378398419535
1.379013729896267
0.0
0.0
1.595461844238322
2.0513464332493885
2.0513464332493885
0.41381685030363374
1.4568017817750278
1.4294732983598406
1.638253359471275
0.0
0.0
0.0
0.0
0.0
0.0
0.0
1.4815101887362598
0.0
0.7793498372920851
1.6970892603744265
1.2987949406953985
0.6193821946787638
1.2987949406953985
1.700965428212129
1.0975378398419535
1.0975378398419535
1.0975378398419535
1.5232420834687266
1.0975378398419535
1.5232420834687266
1.1981174211304033
1.6172366173271746
1.6172366173271746
1.311278124459133
1.3786137171821593
0.6292492238560345
1.4534909080039504
0.8683927290103626
1.57797720011724
1.581862660461909
1.5166422780956523
1.5002723456084084
0.0
0.0
1.446616667628208
0.0
0.0
1.446616667628208
0.0
0.0
1.446616667628208
0.0
0.0
1.446616667628208
0.0
0.0
1.446616667628208
1.158938532350277
1.2366407419411674
1.1981174211304033
1.4366664819166872
1.7663326399706227
0.9463729359854419
0.9463729359854419
0.9463729359854419
0.9463729359854419
1.6872382762056952
1.3792804872910605
0.9463729359854419
1.7225981453277193
1.675822057576696
1.6113834567195195
1.6113834567195195
1.7095263323230747
1.311278124459133
1.6627992560224794
1.6627992560224794
1.4716022614097979
0.39124356362925566
1.3699740752745009
0.39124356362925566
1.5444214805290835
1.3699740752745009
0.39124356362925566
1.608700165519891
1.5783898247235197
1.7909273997744422
1.456564762130954
1.7334834339268832
1.456564762130954
1.624821327228443
1.747167197306934
1.2727678998046839
1.54515219719895
1.54515219719895
1.7223825368743295
1.7960885595978366
0.9463729359854419
1.6431558784658322
1.6355372526150098
1.6746346558188479
1.4256051990169438
1.5973252442304482
1.730482984936429
1.462855886444071
1.6746346558188479
1.4256051990169438
1.5973252442304482
1.700113027184975
0.3227569588973982
1.189731916820733
0.0
1.6627992560224794
0.6500224216483541
1.632105718491017
1.5044201498452237
1.0529815751302694
1.0529815751302694
1.5670402169265782
1.7157076350905083
1.7157076350905083
1.5917056888227985
1.6893917467430877
1.5670402169265782
1.7157076350905083
1.711314858355236
1.5397348151355597
1.483226196970911
1.8421784100058223
1.9735572622751854
1.9131060113376825
1.8049355947431314
1.8049355947431314
1.9628150414142904
1.759596830735609
1.4790174434893644
1.4716022614097979
1.4716022614097979
1.4256051990169438
1.2285763800288914
0.9912642605354288
0.9912642605354288
0.9366673818775626
1.456564762130954
1.8316148436497122
1.8316148436497122
1.8316148436497122
1.8316148436497122
1.4466479595102752
1.2998037552123043
1.4466479595102752
1.2998037552123043
1.8316148436497122
1.1221136771091087
1.1221136771091087
1.321606958388347
1.344314767066416
1.3633800759802648
0.5489544344250401
0.0
1.5016144718101818
1.301240785481462
1.0389205950315936
1.301240785481462
1.2123793774467717
1.6842720727337608
1.4716022614097979
0.7732283485249176
1.3752793655393791
1.65403783502385
0.0
1.5408072197905878
1.8702182306657544
1.7978067720506103
1.6879074618929528
0.8904916402194913
1.9993073294931034
1.9993073294931034
1.9993073294931034
1.6216261343354015
1.3784188527203236
1.5451521971989497
0.0
0.7345299214394703
0.5344875115070162
1.1050139971135322
1.192250860234642
1.3361602543738118
0.6962122601251458
0.6962122601251458
1.7970986296312548
0.6962122601251458
0.9366673818775626
1.311278124459133
1.5569010760354054
1.5569010760354054
0.7424875695421236
1.4256051990169436
1.5317035250512132
1.6682958340544896
1.439254017211876
1.2285763800288914
2.008496810685675
1.3328204045850196
1.6658355859540366
1.6282202760321463
1.6010143058068347
1.686364901556595
1.3050416913014387
1.140931300747362
1.5654483718208252
1.838758680915008
1.2532975784630431
1.4417635697662536
0.9774178175281716
1.7956425761769441
1.6998893422453545
1.6851179336594355
1.5917056888227985
1.7157076350905083
1.7157076350905083
1.7336606896881859
0.9463729359854419
1.4594705707972522
0.0
1.8774487457092885
1.6444492199495464
1.6028413978136884
0.9456603046006401
1.2884926890861643
1.4466479595102752
1.2998037552123043
1.7972784468155878
1.859507440475038
1.5867197529310417
1.4772170014624826
1.6954618442383218
1.1488348542809166
1.2372983448152632
1.608700165519891
0.6500224216483541
1.1835212038718952
1.432983121056005
0.9366673818775626
1.5016144718101818
1.5055213905049434
1.7363568979772654
1.2424763043265081
1.086312840741288
1.4970151057384782
1.4772170014624826
0.0
1.3917601481809734
0.6500224216483541
1.5437519544205018
1.6668127273868607
1.086312840741288
1.0949143184120975
0.8403586716091171
1.8802475148830993
1.8802475148830993
0.41381685030363374
1.6282202760321465
1.7925730902686046
1.6172366173271746
0.9366673818775626
1.5090275125326515
1.2332247882202196
2.0598225451324987
0.0
1.2516291673878228
0.41381685030363374
1.4815101887362598
0.6500224216483541
1.5288018145253182
0.8112781244591328
1.6471972826911645
1.7502198168735652
1.0563280663676942
0.6143694458867568
1.6253785496437985
0.8904916402194913
1.5408072197905878
1.061278124459133
1.4528181890588705
1.5166422780956523
1.6526768021893683
1.4108478748063633
1.736196715624298
1.7416838940090769
1.6767370300521327
1.6954618442383218
0.9463729359854419
1.57797720011724
1.5754482571996165
0.8812908992306927
0.41381685030363374
1.4568017817750278
0.41381685030363374
1.4568017817750278
1.700965428212129
1.9488593407620454
1.2475562489182659
0.8683927290103626
1.207518749639422
1.479276964417239
1.2695459925589747
1.2419460322060458
1.0957952550009336
1.0957952550009336
1.3792804872910602
1.643155878465832
0.7793498372920851
0.0
1.4568017817750278
1.4568017817750278
0.7732283485249176
1.8854752972273343
1.311278124459133
1.4256051990169438
1.3752580686696534
1.0389205950315936
1.0975378398419535
1.633599649526201
1.633599649526201
1.457424881409171
1.3294340029249652
1.6463136587255378
1.7035067307492482
1.5055213905049434
1.5055213905049434
1.5055213905049434
1.4772170014624826
1.5809743038999018
0.7219280948873623
0.0
1.2332247882202196
1.733483433926883
0.41381685030363374
0.6500224216483541
0.951994081908783
0.7732283485249176
1.4056390622295665
2.0371290015312513
0.9463729359854419
1.4394876315434413
1.6922474331963004
0.0
1.3752793655393791
1.3752793655393791
1.4751648282981122
1.2815097918491638
1.355309386062344
1.4038402877898528
1.3679231739216478
1.2909829985347319
1.2957062790508893
1.2861979956464942
1.2025216880883887
1.1559368506327257
1.8674938224657514
1.6788979029874789
1.691141418009583
1.6597218324096137
1.6597218324096137
2.052739285478298
1.6166422780956524
1.1981174211304033
1.456564762130954
1.370259712116391
1.4237949406953985
0.6840384356390417
0.0
1.7723388509380995
0.7732283485249176
1.7334834339268832
1.609669738884384
1.4716022614097979
1.8446275499630505
1.612197222702993
1.271782221599798
0.8343470230852537
1.54515219719895
1.4594316186372973
1.4594316186372973
1.3273847156307075
1.2579161413893793
1.2728149496835237
1.311278124459133
1.311278124459133
1.3956134767356851
1.578897902987479
1.254999237609217
1.6503255293408436
1.6872382762056952
1.3792804872910605
1.6872382762056952
1.3792804872910605
1.796217602590056
1.72475648260328
0.8812908992306927
1.2372983448152632
1.414933856049541
0.7345299214394703
1.2516291673878228
1.3709505944546687
1.220728902106009
1.5779772001172403
1.3752793655393791
1.2772018112022603
1.2366407419411674
1.4932133643654213
1.5016144718101818
0.74959525725948
1.2770049139968558
1.0975378398419535
1.4913146570363986
0.7024665512903903
1.4157371940048646
1.6627992560224794
1.6605332770550816
1.2363864108712896
1.8192407046368488
0.6500224216483541
1.5794160077843604
1.2607717938967942
1.5919171866886992
1.5577277787393193
1.7259037244874984
1.272905595320056
1.118275160770976
0.0
1.118275160770976
0.0
1.562688039303908
0.6500224216483541
0.39124356362925566
1.3382689280764644
1.2884926890861643
1.0
0.39124356362925566
1.014097655573916
1.4817001108061416
1.720616644881894
0.9991421039919088
1.61368414969277
1.5305145360666694
1.60683227831811
1.036186417911213
1.271782221599798
1.272905595320056
1.4911148500551858
0.7732283485249176
1.1981174211304033
0.0
0.6193821946787638
1.5858388510441057
1.450467463408549
1.7052485866188762
1.649984495037365
1.3355055565170972
0.7732283485249176
1.4256051990169438
1.2720552088742005
1.7596275363413567
1.9672079175777322
1.1323973748064928
1.1323973748064928
1.5449508169635264
1.5016144718101818
1.473772149591271
1.8416734794769887
1.5002723456084084
1.804654443341421
1.8607066652423712
1.4166422780956525
0.9833557549816874
0.9833557549816874
0.3227569588973982
1.8049355947431314
1.311278124459133
1.103307408607834
1.4466479595102752
1.2998037552123043
1.6851607816997825
1.3699740752745009
1.629723728904242
1.7601553465802904
1.37088490928384
1.1216407621868583
1.7147086543615115
1.603759374819711
1.6578764348499595
1.603759374819711
1.6578764348499595
1.603759374819711
1.603759374819711
1.6578764348499595
1.603759374819711
1.6578764348499595
1.8316148436497122
0.0
1.3752793655393791
1.4886022351695134
0.9852281360342515
1.1941737342569119
1.4080429822936391
1.4080429822936391
1.4567796494470397
1.6444492199495464
1.6028413978136884
1.6444492199495464
1.6184322702371765
1.6444492199495464
1.709526332323075
1.6183941088363931
0.0
0.0
1.677643037857147
1.6679511971986445
1.2677702161044204
1.267931645520725
1.5311421449513989
1.6137129703673825
1.457424881409171
2.319712127227067
1.2987207862212027
1.2987207862212027
1.2987207862212027
1.4769092849936094
1.5154241592897058
1.5154241592897058
1.4256051990169436
1.5567796494470396
0.41381685030363374
1.5181075072174655
1.5569010760354054
1.6814963295286753
1.927682292604252
1.6216261343354015
0.8904916402194913
0.7345299214394703
1.2332247882202196
0.0
0.9141828384352135
0.6962122601251458
1.2470473288957729
1.3784188527203236
1.7709505944546686
1.2475562489182659
0.7345299214394703
1.2366407419411674
1.6183941088363931
1.6341791637991103
1.6577427265048887
0.9967916319816366
1.3250112108241772
0.9967916319816366
1.3250112108241772
1.3752793655393791
1.602131444182858
1.6682958340544896
1.2577148214953864
1.5694285794206297
1.7360235159089976
0.9463729359854419
0.0
1.581862660461909
1.6805563732659934
1.5694452621548822
0.9055872616982603
1.3931271734483175
1.3609640474436813
2.0618489899054087
1.5851674857095743
1.6344315043405981
1.1699698555658613
1.2866926683547546
1.6388067184095578
1.4806821149663847
1.4806821149663847
2.060262039120377
0.8343470230852538
0.35335933502142136
0.0
1.6805563732659934
1.6017001682977128
0.35335933502142136
1.5016144718101818
1.344314767066416
1.4716022614097979
1.0389205950315936
1.6337314206421327
0.37123232664087563
0.8112781244591328
1.2366407419411674
1.6068322783181097
1.6068322783181097
1.1239576570186298
1.8097059205887551
1.3752580686696534
1.3752580686696534
1.6879410452364207
1.07462769858425
0.9912642605354288
0.9967916319816366
1.5052408149441479
1.859507440475038
1.527841872008421
1.404678473063571
1.2012424590621709
1.4342611132195453
1.6143180698290447
1.6503255293408436
1.8617022325423545
1.864381457724494
1.7275434039668647
1.1904924696318402
1.7332062193464952
1.5157895841746822
1.189731916820733
1.1301363189199674
0.0
1.1219280948873622
1.7344977967946407
1.5455695155870104
1.0529815751302694
0.9473759016233785
1.1557420965972875
1.8316148436497122
1.5410477535445677
0.7345299214394703
1.6282202760321465
1.1488348542809166
1.5487290032420458
1.4657904693384451
1.1488348542809166
1.5416892248400094
1.4355205042826666
1.8387586809150083
1.4056390622295665
0.0
1.3355055565170972
1.1595547523787308
1.796118213778296
1.635891110799899
1.3512274809529559
1.4793650286466569
1.295659529821394
1.6355372526150098
1.6746346558188479
1.4256051990169438
1.5973252442304482
1.700113027184975
1.5645247207974509
0.0
1.4657904693384451
1.4056390622295665
1.4197367178034825
1.647868900269006
1.5016144718101818
1.633731420642133
0.0
1.6954618442383218
1.5232420834687266
0.6292492238560345
1.401475275184332
1.1241854163060885
1.3699740752745009
1.3778903318832147
1.5509367889994214
1.2285763800288914
0.0
1.6741859576379552
1.3328816847357383
1.657439042450237
1.5739889616503064
1.5739889616503064
1.7229712791784753
1.7229712791784753
1.7229712791784753
1.7229712791784753
1.7229712791784753
1.7229712791784753
1.7229712791784753
1.7229712791784753
1.7229712791784753
1.7229712791784753
1.7229712791784753
1.7229712791784753
1.7229712791784753
1.7229712791784753
1.7814164026211206
1.7229712791784753
1.7229712791784753
1.7380616187463653
1.613519734232519
1.7229712791784753
1.7229712791784753
1.7229712791784753
1.7229712791784753
1.7229712791784753
1.7446317995763387
1.5052408149441479
1.722266311943983
1.1595547523787308
1.3361602543738118
0.0
1.367100791169236
1.700965428212129
1.4809851807840684
1.5884563092025323
1.733483433926883
0.41381685030363374
0.6500224216483541
1.5016144718101818
1.3009376049438532
0.39124356362925566
1.3213394973607078
1.707634475013548
1.3705644329032338
1.5827993325271836
0.0
0.0
1.446616667628208
0.9055872616982603
1.2366407419411674
1.6627992560224794
1.5227119556807576
0.0
1.7676503615477754
0.0
0.0
1.6729330318733675
0.5916727785823275
0.8112781244591328
0.8960382325345574
1.022420703848328
1.5064431878202948
0.7292739418449411
0.6631968402398287
1.1981174211304033
1.6960736118322672
0.6402064333604701
0.6685644431995964
1.6814963295286753
1.022420703848328
1.4652556501132248
0.0
1.4197367178034825
1.3858885792578717
1.3375870175736948
1.425390071123607
1.3579542109366392
1.4056390622295665
1.6682958340544896
1.7408884786789096
2.002268084440845
1.8617022325423545
1.3699740752745009
1.3752793655393791
0.41381685030363374
1.6043855712075719
1.6539967386657088
1.3752793655393791
0.49715018363696706
1.54515219719895
1.490468570732828
1.5537651978285885
1.7206267624076392
0.6193821946787638
1.6840384356390417
0.0
1.5408072197905878
1.3699740752745009
1.3752793655393791
0.981687083026442
1.7694365714297173
1.6794293668139548
1.1400677626718572
0.39124356362925566
1.7233083338141042
1.2772018112022603
1.386274093895968
1.1981174211304033
0.9402859586706311
1.404678473063571
0.9055872616982603
1.3372449392958772
0.7793498372920851
1.7047334852678528
1.4949188482339508
1.8582154817610799
1.5016144718101818
1.3294340029249652
0.0
1.662249169918493
1.7967719927529546
0.0
0.35335933502142136
1.6435933128708506
1.838758680915008
1.4708128505375362
1.5779772001172403
1.321606958388347
1.5275070675902451
0.9709505944546686
1.3784188527203236
1.8414015396241123
1.5577277787393193
1.6171895725927152
0.6500224216483541
1.6627992560224794
1.6741911797657465
1.295461844238322
1.5331249613536568
1.2309595631140104
1.5487290032420458
1.086312840741288
1.2075164239553622
1.4108478748063633
1.0585374404261436
0.863120568566631
1.5229153034496712
0.9373012413074895
1.743372658078689
1.5416892248400094
1.379013729896267
1.2319817814011405
1.4674579648482995
1.4450248696543089
1.5723516633085879
1.4483401128949864
1.5032583347756456
0.74959525725948
1.3784188527203236
0.7228578977329688
1.158938532350277
1.2372983448152632
1.4806821149663847
1.7259037244874984
1.65403783502385
1.0389205950315936
1.6276575936849544
1.5919171866886992
1.4716022614097979
1.1492297615162819
1.2846133603485086
1.5919171866886992
1.1981174211304033
1.3931271734483175
1.3382689280764644
0.9182958340544896
1.9272420947408824
1.497224320061398
1.6849774484867255
1.0975378398419535
1.186278124459133
0.0
0.30489516060702615
0.41381685030363374
1.457518749639422
1.7312900105602387
1.5672446404457085
1.5775450860314284
1.1635402011210707
1.6244143985316333
1.5227119556807576
0.6500224216483541
1.4256051990169438
0.0
0.37123232664087563
1.0949143184120975
1.118275160770976
1.3315796225857792
1.3516292011348527
0.4394969869215134
1.2494602799216175
0.4394969869215134
1.4904685707328282
1.6567796494470395
1.5894982333637797
1.311278124459133
1.7093410272279022
0.6143694458867568
1.2866926683547546
0.7742433029172697
0.8904916402194913
0.39124356362925566
1.6798229071556268
1.0892300788425848
1.6113834567195195
1.5002723456084084
1.0949143184120975
1.7956425761769441
1.6273768718340025
1.0389205950315936
0.6193821946787638
1.2607717938967942
1.4716022614097979
1.3784188527203236
1.3361602543738118
1.5997285817674225
1.3848677387391082
1.9135675273020807
1.3563429881688325
1.404678473063571
1.4056390622295665
1.643751954420502
1.425645983313105
1.8259613019378902
1.6797814959487012
1.3050416913014387
1.140931300747362
1.7123520273138244
1.483226196970911
1.8292180630459898
1.456564762130954
1.4429017325350557
0.0
1.54515219719895
1.3366664819166874
1.8004537364931434
0.0
1.6137129703673825
0.6998428398862386
1.1981174211304033
1.215533232382473
0.7345299214394703
1.6126502330422663
1.5783898247235197
1.569201689900517
1.6431558784658322
1.633551333777253
1.3995812306460644
1.6577427265048887
1.6577427265048887
1.6158045319402516
1.5577277787393193
1.7601553465802904
1.5685710988938522
1.6004422822781617
1.7094819155233645
0.0
1.7784235030301248
1.3699740752745009
2.049452072789394
1.6922474331963002
1.5279975959517074
1.4256051990169438
0.6840384356390417
1.3778903318832147
1.0
1.321606958388347
1.311278124459133
1.654648334118502
