Shannon_Entropy
1.5577277787393193
1.6166422780956524
1.6675897585466835
1.4152689500270956
2.170613140902855
1.4012343792962179
0.0
0.0
0.6500224216483541
0.9709505944546686
1.5577277787393193
1.383807735464083
1.5157895841746822
1.497385205007079
1.7488607983502662
1.6282202760321465
1.2475562489182659
0.35335933502142136
0.9975025463691153
0.4394969869215134
1.5567796494470394
1.596461860037979
1.6841837197791887
0.9463729359854419
1.319035274338866
1.5700578392573044
1.9477627327976366
1.5930692077718898
1.6930405350919489
1.4574248814091713
1.428794734004785
1.5421765734446935
0.0
1.192250860234642
1.722266311943983
1.3781724096721546
0.8503259045049341
1.8262539426503412
1.5367918955052844
1.4854752972273344
1.5742360350321813
1.4986354609095538
0.39124356362925566
1.648238712995888
1.7142427007821253
1.4135819199522097
1.5539039026101904
0.863120568566631
1.6113834567195195
1.0949143184120975
1.4652556501132248
1.2593984370492775
0.6193821946787638
1.7193020841870263
1.267931645520725
1.6805563732659934
1.542242258969757
1.7852159706907995
1.742841191707476
1.6805563732659934
1.7272486062639203
1.7849628453551825
0.9219280948873623
0.0
1.6567796494470395
1.7534343861887849
1.7170407814747584
1.5827993325271836
1.578897902987479
1.7673757978160416
1.7209480533797534
0.5665095065529053
1.5919171866886992
1.1994602933016414
0.5916727785823275
1.0892300788425848
0.23519338181924143
0.5032583347756457
1.8054896207248108
1.581862660461909
1.3956134767356851
0.6685644431995964
1.432983121056005
1.469987889434457
1.5443683177191718
1.4294732983598406
1.7278733287416008
1.6309826076665428
0.35335933502142136
1.6930405350919489
0.9933927290103626
1.6567796494470395
1.608700165519891
1.0244777941505223
0.6722948170756379
1.750224877285235
1.6899461611103164
1.675143246409987
0.8683927290103626
0.7219280948873623
1.0263137138648348
1.6423714487439018
1.6646727945202304
1.4411665441579466
0.9637459942073318
0.9852281360342515
1.2577148214953864
0.863120568566631
1.6922718656836104
1.3630083113425158
0.6193821946787638
0.747584679824574
2.197620571461702
1.5995563653739033
1.3382689280764646
1.391911650316676
1.9272420947408824
1.853848748950143
1.8619814287890302
1.0949143184120975
1.275162982784857
0.8904916402194913
1.757165621925811
1.5247069203554655
1.5922394565532088
1.659420858697632
0.0
1.7680644949326596
1.960463442934922
1.9157397094479922
1.158938532350277
1.6707145064847897
0.6685644431995964
1.014097655573916
1.7854752972273342
1.6463701301561804
1.3355055565170972
0.6292492238560345
1.2448406699719212
1.5569010760354054
0.8904916402194913
1.7849418274376427
1.516147658077609
1.8190269457641057
1.3227569588973982
1.497385205007079
0.41381685030363374
1.1635402011210707
1.2086489509530647
2.044912733238945
1.413816850303634
1.6258145836939115
1.6349288300680025
1.189731916820733
1.794771549682339
0.7732266742876346
1.4936606896881859
2.0890362195193197
0.3095434291503252
1.5166422780956523
0.9274479232123118
0.6437936616217652
1.5487949406953985
0.41381685030363374
1.815368987703053
1.0529815751302694
0.7424875695421236
1.5279749262361255
0.9456603046006401
1.058277043226334
1.799692582024259
1.9400726873486538
1.2267221170437064
0.0
1.338640617779988
1.0083492750393561
1.579342601490848
1.7387586809150082
1.3727069617019705
0.7793498372920851
1.7799077162074428
1.5739889616503064
1.2997367636952522
1.4056390622295665
1.7416778774908437
1.6014788607224948
1.3752793655393791
1.736196715624298
1.3976931442604226
1.0892300788425848
1.4294732983598406
1.3472230399326601
0.4262286569981449
1.2640886121123147
1.867633890971212
1.450467463408549
0.6685644431995964
1.3249848676328684
1.8310797591361774
1.402081402756032
1.9484930703645584
0.7219280948873623
1.3787834934861753
1.3995812306460644
1.2309595631140104
1.6383908567551826
1.0863128407412879
1.57693103662923
1.651932579217033
1.6627992560224794
1.4485756660224112
1.6709505944546688
1.5841600771843274
1.8070024854224285
1.0214554656116668
1.4772170014624826
1.4154312795575998
1.7084118211067647
0.5916727785823275
1.3821022532543101
1.7205078555163835
0.9975025463691153
0.9055872616982603
1.7178504651264317
0.5665095065529053
1.2730338862000163
1.7799500009615414
1.5966883230784816
1.7956828983511028
0.9463729359854419
0.7345299214394703
0.9463729359854419
1.6183941088363931
1.4185644431995963
1.4832261969709113
1.7921594490677157
1.4083445441575106
1.54515219719895
1.6511972890007982
1.454183254425336
1.439254017211876
1.2772018112022603
1.224394445405986
1.6202830552026597
1.4237949406953985
1.3918357778538644
1.1050139971135322
1.7117778489675737
0.9912642605354287
1.8009709569877819
1.7857963826528407
0.9463729359854419
1.4256051990169438
1.6125474873813834
1.6393210497942587
1.27187087275341
1.2866926683547546
1.610577243331642
1.8910426596045113
0.0
1.1540157730728
1.6049355947431314
1.158938532350277
1.0949143184120975
0.0
0.0
1.1050139971135322
2.0038561897747247
2.062907291846956
1.5063508184672993
1.7599844239344313
1.6522624738540226
1.5487949406953985
1.5894982333637797
1.8148493701198407
1.3540489879782314
1.1219873517384964
1.738616399317436
0.37123232664087563
0.6500224216483541
1.295461844238322
1.6010143058068347
0.954434002924965
1.526513926869045
1.4768421209055118
1.6954618442383218
0.9912642605354288
1.4079824483474699
1.9247069203554659
1.6805563732659934
1.528368899209021
1.3159669973441042
1.6386199635932095
1.4704407924257112
0.3095434291503252
0.39124356362925566
1.0892300788425848
0.39124356362925566
1.494193430493157
1.3995812306460644
0.863120568566631
1.5622793278206435
1.3563429881688325
1.6055581251322297
0.8501514254479945
0.8343470230852537
1.4426049431802972
1.3012517848198515
1.4112050925821995
1.9138909867280647
1.4730505277442498
1.058277043226334
1.7576710282239203
1.4294732983598406
1.4716022614097979
1.5693078231812962
1.6729330318733675
1.705616568529474
2.0321285252393406
1.2608885792578717
0.964078764808229
1.8899168453199877
1.510562004367972
1.7737191894164723
1.7893058518068687
0.7793498372920851
1.5641144718101818
1.4394969869215133
1.8438561897747248
1.4657904693384451
1.2366407419411674
1.8877882450332746
1.5645041853857056
1.5487290032420458
1.0
1.5055213905049434
1.321606958388347
1.404678473063571
0.8030717273241024
1.272905595320056
1.5922479955560667
1.2567796494470393
1.8424785633184682
1.3354312795575998
1.7004448031130077
1.8676338909712125
1.657742726504889
1.4182958340544896
1.6849774484867255
1.0
1.4926482637085996
1.6629947374527556
0.8112781244591328
1.705616568529474
0.7345299214394703
1.3382689280764646
1.4535893120256853
1.5487949406953985
1.311278124459133
1.5077577608066894
1.4256051990169438
1.5443814577244939
1.2775278316068868
1.2086489509530647
1.6183941088363927
1.6665086275653989
1.8984690869827432
0.35335933502142136
1.6383908567551826
1.5954618442383217
1.3699740752745009
1.4693088815920563
1.6758220575766962
0.0
1.677984280637773
1.7187828921272557
0.6402064333604701
1.4256051990169438
1.1981174211304033
1.3056334087653163
1.8305576533947312
1.2908520829727552
1.346017099002727
0.0
1.7337639842767376
1.7263472243434204
0.5435644431995964
1.086987702339905
1.714685427222763
1.3907422813560792
0.8503259045049341
1.4256051990169438
1.158938532350277
0.9703437707962481
1.86115093316285
1.3244602933016414
1.4002582326102067
1.280844231815046
1.5166422780956523
1.1256828315506748
0.0
0.41381685030363374
1.2949950747154697
1.5157895841746822
1.7695459925589747
1.5683665223594052
1.3952348075179823
1.4219115073546411
0.0
1.3995812306460644
1.5052408149441479
1.4294732983598406
1.600983694881109
1.1451104143815827
1.5229571181374095
1.5
1.5995563653739033
1.359330832236536
1.8411924330153042
1.118275160770976
0.6193821946787638
1.562688039303908
1.7405375895748791
1.5569010760354054
1.4519076150714065
1.6846696209693477
0.7793498372920851
0.6998428398862386
1.692878689342031
1.3282531603058014
1.0540157730728
1.9044815311826335
1.4478852949201135
1.8657646371790226
1.4906605063225102
1.5487949406953985
1.690240172266613
2.4886728249494676
1.4215541688301352
1.4056390622295665
0.7732283485249176
1.014097655573916
1.1482525926506306
1.4237949406953985
1.0245005398732419
1.456564762130954
1.014097655573916
1.5737888130660205
1.2220198859116511
1.4613005461074873
1.6775070326624482
1.0834189322427712
1.4519076150714065
1.525655941726459
1.0681873374585056
0.2974722489192896
1.6253785496437985
1.2516291673878228
1.4466479595102752
1.1595547523787308
1.6424239617719751
1.5
1.086987702339905
1.5979090698087535
1.8875804824983484
1.7142977509479211
1.1721597626314753
1.3527241956246545
1.6487225970568016
1.2987949406953985
1.2292041910556644
1.1504730368208929
0.5689955935892812
0.37123232664087563
1.88987810955412
1.0892300788425848
1.7399546474223628
1.7128876215181605
1.717936029588917
1.365810898502716
1.2022921890824148
1.442508097190614
0.5489544344250401
1.6945780954527594
1.7893042216501014
1.0757177504544575
0.0
1.3009376049438532
1.749869837094248
1.3012407854814618
1.5752061585391703
1.2555367253996506
0.7871265862012691
1.9814525526116016
0.0
1.0880725728414795
1.6158045319402516
1.469799591003296
1.4693088815920563
1.3342094594480487
1.70989915383591
1.4038522378069451
1.522189872165821
1.3441669796608613
0.7732283485249176
1.295659529821394
0.8366407419411672
0.9132829641650988
1.1540157730728
2.0043177885263224
1.5667436211682357
0.0
0.8180959929710641
0.49123734182433315
1.6056608295479902
1.570950594454669
2.050459724065177
1.6004512092982517
1.6464417904241373
1.8529815751302694
1.2366407419411674
0.5435644431995964
0.0
0.7732283485249176
1.603759374819711
1.6386917857501087
1.3328204045850196
1.339137158084752
1.3709505944546687
0.5665095065529053
1.6166422780956524
1.1050139971135322
0.2580186686648155
0.0
1.4411665441579464
1.7576710282239203
1.435346273501824
1.570950594454669
1.3946169838545441
1.750224877285235
2.5637860986868706
1.7749475265481327
1.367043929664229
1.7599305295640908
1.2866926683547546
1.6627992560224794
1.6477309221191607
1.5157895841746822
1.2366407419411674
1.5954618442383217
1.0540157730728
1.1994602933016414
1.8407257708651217
1.224394445405986
1.4292750707107134
1.6113834567195195
1.1821587898880326
1.2674438038072335
1.6647204679522476
0.9055872616982603
1.022420703848328
0.39124356362925566
1.6350323655554482
1.3931271734483175
1.4466166676282082
1.790492223970158
0.9933927290103626
0.7732283485249176
1.7080986635018058
1.5813432267683
1.6810460777304699
0.9886994082884974
1.6171764476037533
1.608700165519891
0.863120568566631
1.367043929664229
0.8343470230852538
1.1238561897747246
1.4373770511116049
1.720616644881894
1.7194243434567058
1.4577174691301482
1.8993986740986575
1.7720744553985661
1.562688039303908
1.7116467136778957
1.2419460322060458
1.5055213905049434
0.39124356362925566
1.4607210985246075
1.5577277787393193
1.4411535278793055
1.0238995733215066
0.5435644431995964
0.9967916319816366
1.897588020029088
1.4788979029874791
0.39124356362925566
1.5346985024423625
1.754609761265567
1.4464643745207932
1.4061518545101988
1.2320872216997276
1.5397348151355597
1.321606958388347
1.3244602933016414
1.321606958388347
0.4689955935892812
1.5
1.5190461643198379
0.2974722489192896
1.6841407621868583
1.5147239826031003
1.1221136771091087
1.2366407419411674
0.0
1.6514812425365812
0.9609476580095211
1.311278124459133
1.8264843400160216
1.7178970095115922
1.9091717851902885
1.7631174549747612
1.3699740752745009
1.2987949406953985
1.576692052794454
1.6899461611103164
1.5683665223594052
1.1981174211304033
1.063529270392822
1.5016144718101818
0.8663137138648348
1.2866926683547546
0.8683927290103626
1.7546097612655667
1.6010143058068347
0.5225593745369408
1.2544607350608237
1.6340649724200549
1.4375172227168578
1.9296773192933236
1.7601553465802904
1.5166422780956523
1.0892300788425848
0.7345299214394703
0.0
1.9558917782837364
1.5279749262361255
1.5179150195531288
1.4219115073546411
1.3382689280764646
1.5198391430437925
0.74959525725948
1.5683665223594054
1.739877574570947
1.3995812306460644
0.0
1.479195165911541
1.2060026902433667
1.6052067078749124
1.8328773369500169
0.9612366047228759
1.509968612636817
1.4567796494470395
1.562688039303908
2.0176503615477754
0.0
1.6250502419933917
1.5745783758543492
1.6784124677945969
1.6783898247235196
0.7732266742876346
0.6292492238560345
1.2087030080822634
0.5032583347756457
0.35335933502142136
1.5099686126368168
0.9917601481809735
1.6627992560224794
1.383099991189334
1.0529815751302694
1.0949143184120975
1.3784188527203236
0.9161182137782959
0.0
1.224394445405986
0.3095434291503252
0.747584679824574
1.613519734232519
0.951994081908783
1.1515489251884214
1.2285763800288916
1.1981174211304033
0.4854607607459134
1.404678473063571
1.5086126988727124
1.7200660483303318
1.5055213905049434
1.6340649724200549
1.4716022614097979
1.6113834567195195
0.3095434291503252
1.3752793655393791
1.4890907595250469
1.7118579541012031
1.6627992560224794
1.5229571181374095
1.7363918270255536
1.2475562489182659
1.5882871184599572
0.9957274520849255
1.4609640474436811
1.275162982784857
0.9055872616982603
1.457424881409171
1.7635491262661387
1.7908562983864118
1.5304930567574826
1.6277590085791256
1.4470524626188155
1.201362892047872
1.8046653330944498
1.2607717938967942
0.41381685030363374
1.4932133643654213
0.9055872616982603
1.4493911393860022
1.6126502330422663
1.4256051990169438
1.1863929342238186
1.668335458634397
1.5678183759027002
1.1994602933016414
1.301240785481462
1.6804820237218405
1.3092000326978117
0.0
1.7652465283787413
1.2772018112022603
1.5919171866886992
1.4406454496153462
0.6402064333604701
0.4394969869215134
0.6962122601251458
1.7572762620764735
1.7629218774306405
1.198192411043098
1.709526332323075
1.158938532350277
1.6137129703673825
1.7634893002931975
1.4915560089120214
1.336057150471909
1.771760518286793
1.5670402169265782
1.8869649902708665
1.6068322783181097
1.4777369427952023
1.8048956511448035
1.6627992560224794
0.41381685030363374
1.2197484934607565
1.1216407621868583
1.1247565656140774
1.5166422780956523
1.8393308322365363
1.3289306002390644
1.5305145360666692
1.9296773192933236
0.0
0.7219280948873623
1.6692462556711996
1.1812908992306925
0.9055872616982603
1.7420625893494752
1.0889252905968951
1.4256051990169438
1.7730114897389877
1.253297578463043
1.1867043459100246
1.149660363146287
1.543751954420502
0.0
1.173185867971725
1.6276575936849544
1.3372449392958772
1.0389205950315936
1.2366407419411674
1.4932133643654213
1.3699740752745009
1.5002723456084084
0.0
1.4126878900165245
1.736196715624298
1.2060026902433665
1.1917601481809734
0.8710955350455423
1.288649764535596
1.0949143184120975
0.8850672865827043
1.6627992560224794
1.2410106928656974
1.9294468445267845
1.2416595483019903
1.527751059677965
1.2012453946792394
0.6500224216483541
0.5665095065529053
1.3363816313106462
1.0848063548455138
0.8795064608120066
1.2970793275406651
0.39124356362925566
0.6193821946787638
1.7901835586026764
1.5199742087569879
1.3382689280764646
1.46179650929977
1.406621266013142
1.456801781775028
1.311278124459133
0.785235442391543
1.931584071702181
0.9463729359854419
1.4832261969709113
1.404678473063571
1.795642576176944
1.272905595320056
1.2009102795095283
1.1216407621868583
1.4989350663300531
1.757276262076474
1.54515219719895
1.5301404544057031
1.192250860234642
0.41381685030363374
1.7081106110380169
1.3605273114437084
1.6344315043405981
1.4932133643654213
1.7567958110719157
1.869074666596433
1.508953171164137
1.4759401780122787
1.5342190211803406
1.4005328599969205
1.3355055565170972
0.3372900666170139
1.7038501502947607
1.47312842712131
1.3784188527203236
1.7925730902686046
1.7107770844150676
0.41381685030363374
2.2656602506538785
1.6094963344256965
1.3221793455166666
1.5227119556807573
1.5920001314822054
1.2997367636952522
0.41381685030363374
1.0848063548455138
1.5227119556807576
1.404678473063571
1.6949249984065076
0.9612366047228759
1.497385205007079
1.0
1.7755490855036324
0.0
1.917726060158736
1.1221136771091087
1.803897373393484
1.2098003386604825
1.158938532350277
0.7024665512903903
1.6779842806377734
1.158938532350277
0.9285270228564532
0.7732283485249176
0.747584679824574
1.4851141548746511
0.9023932827949788
1.738616399317436
1.9439592513355664
0.6631968402398287
1.331852677946719
1.5259851614790432
0.6500224216483541
0.2974722489192896
0.4262286569981449
1.2615444195758783
1.6444492199495464
1.6586313083256656
1.4315602842833157
1.2086489509530647
1.4226682428390673
0.9463729359854419
1.4192256540145236
1.4056390622295665
1.0772523556276747
1.3640054628542204
0.0
1.8627240194515913
0.6274918436613969
1.9091717851902883
1.603759374819711
0.9933927290103626
1.103307408607834
2.23777146126924
1.299934853474082
1.7206166448818938
2.17095859334435
1.5919171866886992
1.198192411043098
1.590468570732828
0.9567657083663144
1.0694407462822992
1.8990149311795161
0.0
1.6858157091530304
1.2994705707972523
1.158938532350277
1.2577148214953864
0.9366673818775626
1.5739889616503064
1.280019973431558
1.1056124005414156
1.5393190028951218
1.759627536341357
1.6185687757248763
1.7185134814391207
1.1981174211304033
1.3382689280764646
1.272905595320056
1.3382689280764646
1.4256051990169438
1.1981174211304033
1.1981174211304033
1.1981174211304033
1.4256051990169438
1.3382689280764646
1.0949143184120975
1.3382689280764646
1.1981174211304033
1.8048956511448038
1.1981174211304033
1.2419460322060458
1.3355055565170972
1.5088584648535124
0.0
1.3446983751597128
0.5916727785823275
1.2593984370492775
1.8620831934288686
0.7732283485249176
1.2567796494470396
1.736006946447656
1.7527152789797045
1.3605273114437082
1.7179860227268644
1.6487225970568016
1.384431504340598
1.1023829502122193
1.6849774484867255
1.6686785507105166
1.9305778232455937
1.2896085583481507
1.829422880788689
1.436882959429502
1.840974563987546
1.6840384356390417
1.8454372523105547
1.3716407621868583
1.4634651896016473
1.383099991189334
0.7103991510660048
1.3284807255676316
1.3792804872910605
0.5916727785823275
1.2607717938967942
1.6038561897747248
1.2319817814011405
1.5372952641634292
1.1545676820893709
0.6840384356390417
1.5443814577244939
1.6446657206472801
1.4652556501132248
1.5990587105652017
1.6528633822909644
1.4227492629180993
1.3931271734483175
0.9587118829771318
1.9750318782181049
1.5868068964791813
1.3995812306460644
1.014097655573916
1.6166422780956524
1.1994602933016414
0.7345299214394703
1.0534081504863568
1.5464959770426763
1.640282625853552
1.6125474873813834
1.4695622387911509
1.60615019203268
0.0
1.319035274338866
1.3361602543738118
0.74959525725948
0.998363672593813
1.8709154329373665
1.7582975708748245
1.3784188527203236
1.4516607643577668
1.4541412037451018
1.4334291872970808
0.863120568566631
1.2917601481809733
1.6143180698290447
1.0529815751302694
1.5016144718101818
1.6340649724200549
1.691051126627155
1.8009211230402244
1.4387586809150081
1.6805563732659934
1.058277043226334
1.1540157730728
1.3995812306460644
1.4657904693384451
1.794468414860448
1.633599649526201
1.5120441902556012
1.6846696209693475
0.0
0.0
1.4237115055901222
1.4899343783255763
1.8906993328423072
1.51675116337108
1.3382689280764646
1.3337172747099446
1.3793929556575797
1.5577277787393193
1.0696411407323123
1.4716022614097979
1.477793038892871
1.49692754611459
1.3366664819166874
0.0
1.578897902987479
0.0
1.4366664819166872
1.3912435636292555
1.683240358011977
1.3921472236645345
1.5558279011639637
1.7177602521413333
1.5737888130660205
0.9463729359854419
1.4256051990169436
1.7110082441666514
1.595461844238322
1.8252517372886512
1.1994602933016414
1.8850034910058473
1.9940786564322972
0.2580186686648155
1.4513146886497212
1.0892300788425848
1.0069867746915102
1.4166422780956525
1.6158045319402516
1.0540157730728
1.2949950747154697
1.2494569442040588
0.9852281360342515
1.7069084251518167
0.0
1.438721875540867
1.3244602933016414
1.5800007548758261
1.275162982784857
1.3784188527203236
0.41381685030363374
1.6584602695316364
1.4253154361918874
1.595461844238322
1.5534845018187062
1.6605332770550816
1.4806821149663847
1.7349112826910291
1.386274093895968
1.3792804872910605
1.8451755214643448
1.9343170282144424
1.5920001314822054
1.4294732983598406
2.2940131592592126
0.8904916402194913
1.789929075309999
1.509968612636817
1.6244698415843601
1.6227884770031593
1.8443248777699373
0.785235442391543
1.3368902807106742
1.4256051990169438
1.6188386818320677
1.2475562489182659
1.4913146570363986
1.1770225546116342
0.0
1.158938532350277
1.3716407621868583
1.615250265088252
1.6019431074952408
1.267931645520725
1.4790174434893644
1.1241854163060885
1.4056390622295665
1.0949143184120975
1.3159669973441042
1.6399569921635915
1.749892304924769
1.6709254356981218
1.6347142997773227
1.7553362134321413
1.3752793655393791
2.0024430820459216
1.5665036808075534
1.4932133643654213
1.5828765043125574
1.4289531786810294
1.643252475785101
1.8171245697587874
1.2932019370674837
1.717090774749888
1.4913146570363986
1.2419460322060458
1.8380403186191612
1.4854752972273344
1.4915560089120212
1.4939424145551194
1.1400677626718572
1.61078454839968
1.727351814444994
1.654296215157544
1.6949249984065076
1.4294732983598406
1.4567796494470395
1.275162982784857
0.964078764808229
1.4885252948977485
1.4932485615682545
0.4394969869215134
1.5
1.88083816621909
1.7330314965823197
1.6382533594712747
2.081963201184157
1.198192411043098
1.6138243943587618
1.1812908992306925
1.6228840266950797
1.736196715624298
1.7730114897389875
1.1660870601063933
1.0540157730728
0.9363790159392477
1.6276575936849547
1.5487290032420458
1.0
1.7925730902686046
0.6193821946787638
1.6758220575766962
1.5219280948873621
0.0
1.271782221599798
0.6610547526158855
1.3158243335257076
1.478897902987479
1.7762806729942018
1.7537871642971212
1.862203908931296
1.9164993086170048
2.032689376404937
1.3995812306460644
1.1812908992306925
1.3923119449600745
0.7793498372920851
1.5651407133456023
0.5665095065529053
1.215533232382473
0.7642045065086203
0.9933927290103626
1.490468570732828
1.683240358011977
1.4026062701840525
1.2949950747154697
1.5694452621548822
0.9055872616982603
1.5275070675902451
1.1635402011210707
1.9075169719509488
1.450467463408549
1.6444492199495464
1.44726249944121
1.2448406699719212
1.2326602568158205
0.0
1.720616644881894
1.4553591872397045
1.5740806779516103
1.4652556501132248
1.720616644881894
1.6804820237218405
1.4618381992568747
1.870149357649774
1.6466549132413888
1.2448406699719212
1.2110873009284773
1.6014788607224948
2.2099947032046754
1.5983490981282338
1.6709505944546688
1.3784188527203236
1.9193721485946107
0.7943095546405661
1.7773627950641688
0.0
1.631904586941773
1.0
1.967351814444994
1.1595115491253796
1.7254512505401745
1.496065911543853
1.2326602568158205
1.3472230399326601
1.7989940035610854
1.2987949406953985
1.6802839340977234
1.6788979029874789
1.8944992041714883
1.1674367232867007
1.0529407605626346
0.9591963191047147
1.2567796494470393
1.3495485525614306
1.311278124459133
1.5569010760354054
1.846093587042454
1.4256051990169438
0.41381685030363374
1.6798229071556268
1.1981174211304033
0.4394969869215134
1.3917601481809734
0.6143694458867568
1.3752580686696534
1.7206166448818938
1.3995812306460644
0.9886994082884974
1.4946803684089087
2.028343279757114
1.022420703848328
1.5410477535445677
1.3716407621868583
1.3420192178195207
1.5828765043125572
1.4039904575514162
1.7399546474223628
0.863120568566631
0.0
1.3244602933016414
1.6516598775783053
1.49692754611459
1.7176856953872668
1.5288018145253182
1.4716022614097979
1.0949143184120975
1.608700165519891
0.7380636700495734
1.4466479595102752
1.5503407095463881
1.6714517215372524
1.8143069613320364
1.6456780552463373
1.7799500009615414
0.3227569588973982
1.3719505165357166
1.615250265088252
1.2098003386604825
1.778368899209021
1.2419460322060458
1.8240460500219924
1.437907461892953
1.768241790913703
1.2776134368191154
1.4615035989769833
1.5474571592060489
1.860540626691503
1.7925730902686046
1.4913146570363986
0.39124356362925566
1.5487949406953985
1.5220552088742005
0.7793498372920851
1.4657904693384451
1.8212764279322333
0.6193821946787638
0.9008294582743763
1.3931271734483175
1.0289919624519919
0.9912642605354288
1.402993418443045
1.1981174211304033
1.7182727760455143
1.3752793655393791
1.647901448659021
1.3355055565170972
1.5487949406953985
0.9912642605354288
1.321606958388347
1.8766776289693607
1.0226297788901695
1.5645247207974509
0.9886994082884974
1.191603636543317
1.3917601481809734
1.2366407419411674
1.4955380299191112
2.0272925846688996
1.4466479595102752
1.402081402756032
1.301240785481462
1.527361548089914
1.6826341844733415
1.6891144718101816
0.8453509366224364
1.014097655573916
1.6487225970568016
1.5052408149441479
1.2577148214953864
1.44726249944121
1.4772170014624826
1.437790870901344
1.8290736934398184
1.6158045319402516
1.4716022614097979
1.3615860076950255
1.7363918270255536
1.4394969869215133
1.5775967043075598
1.49692754611459
1.2120594671313871
1.8728628906348634
0.8451064151274781
1.7772925846688996
1.5197284615795614
1.3605273114437084
1.450467463408549
1.9512450481085362
1.590468570732828
1.5569010760354054
1.3917601481809734
0.222284830685688
0.7793498372920851
1.7484637730572945
1.2366407419411674
1.2366407419411674
1.2192407046368487
1.4012343792962176
1.2366407419411674
1.158938532350277
1.9653472755846204
1.5157895841746822
1.7409532604048394
1.6851179336594355
1.7603156874797354
1.591658701407715
1.186278124459133
1.543751954420502
1.8767171930943922
1.1488348542809166
0.0
1.386274093895968
0.4537163391869448
1.216171780068439
1.9047190704995058
1.5154241592897058
1.7004448031130077
1.4716022614097979
1.4056390622295665
1.8400837592991006
0.0
1.3244602933016414
1.4373770511116049
1.3640054628542206
1.5737888130660205
1.4716022614097979
0.8785141873907991
1.450467463408549
1.624381457724494
1.644196885261584
1.6633726580786887
1.5016144718101818
1.920468057238253
1.4315602842833157
0.9353028851500502
0.0
1.290586619796407
1.7857852889585186
0.7642045065086203
0.23519338181924143
1.5827993325271836
1.0219280948873624
1.0429272754732961
1.115520093581932
0.0
2.0941905825761284
1.5737888130660205
1.4256051990169436
0.9373012413074896
0.5907239186406502
1.564549689469301
1.0091860869123461
1.8663481460390803
1.6627992560224794
1.4932133643654213
0.6665783579949205
0.6402064333604701
0.9444885341662053
1.6041625260016592
1.2866926683547546
1.3241519711361875
1.5683665223594052
1.6393210497942587
1.6403360647604435
1.428460186306984
1.5779772001172403
1.3446983751597128
1.850983694881109
0.6685644431995964
1.4716022614097979
1.311278124459133
1.6276575936849547
1.6382533594712747
1.838840434466976
1.4850573949220558
0.4394969869215134
0.9463729359854419
1.5683665223594052
1.1470406291155901
1.6933448637229622
1.8799649487271108
1.3995812306460644
0.39124356362925566
0.8343470230852538
1.3713146886497212
1.2332247882202196
0.7345299214394703
1.3931271734483175
1.2567796494470396
1.2901208527411523
1.8314621618894678
1.3705644329032338
1.681899067522611
0.4394969869215134
1.634431504340598
1.3741854163060885
0.9402859586706311
1.6660563421790617
1.8190269457641053
0.747584679824574
1.0848063548455138
1.0975378398419535
1.2577148214953864
1.5443814577244939
2.205217634988651
1.061278124459133
1.0529815751302694
1.5937519544205019
1.515217025437609
1.3355055565170972
1.5737888130660203
1.8883501528091111
1.683240358011977
0.9780155566622414
1.1625336732554152
1.4657904693384451
1.3705557172035028
1.4466166676282082
1.6420738981595335
1.404678473063571
1.6220455768812703
1.4294732983598406
1.5230096548354992
1.6849774484867255
1.85821548176108
1.7139581529421797
1.6206427761280366
1.7755490855036324
1.6644977792004614
0.0
1.92492409768062
0.6583514224564075
1.466008035531425
1.673772149591271
1.543751954420502
1.1567796494470395
1.423165806353889
0.8524051786494786
1.6137129703673825
1.2419460322060458
1.434032163690815
1.7814963295286752
1.531703525051213
1.870149357649774
1.0892300788425848
1.7716005101580798
1.3784188527203236
1.6805563732659934
0.9912642605354288
1.826876982851624
2.196501075756837
1.47312842712131
1.666371618793895
1.4716022614097979
1.6203352658383443
1.3144230884457004
0.0
0.9401440773914521
1.290564432903234
1.7233083338141042
1.9509256607446965
1.7177648376739316
1.577557659436276
0.5489544344250401
1.158938532350277
1.718058786842845
1.2593984370492772
0.9975025463691153
1.3716407621868583
1.2730096548354992
1.186278124459133
1.4355205042826666
1.4657904693384451
1.8999495676359617
1.3830999911893338
1.326427315856485
1.9994859645348273
1.4619011889093374
1.450467463408549
1.1542221846835221
1.6192407046368487
0.5916727785823275
1.5920001314822054
1.3615419333359275
1.4689955935892813
2.0504597240651767
1.7533290512626212
1.2577148214953864
1.8073518144449938
0.0
1.3993648742046383
1.4033045451719655
1.6577427265048887
1.5016144718101818
1.3356184936499524
0.0
0.8683927290103626
1.0167036889313543
1.4561334599069256
1.7832474385325099
1.5567796494470394
1.6960884128159108
1.4886022351695134
1.2773600852070808
1.633551333777253
1.5739889616503064
1.395461844238322
1.014097655573916
1.0529815751302694
1.2228229793778245
1.4256051990169438
1.6081516200190005
1.2100285140347624
1.4758749730305976
1.796217602590056
0.9463729359854419
1.275162982784857
1.1730712326384685
1.3136008734696898
1.5779772001172403
1.5178872290605931
1.5002723456084086
0.6500224216483541
1.8679653582397107
1.7205078555163835
1.5924677905168396
1.1542221846835221
0.7228578977329688
1.2332247882202196
0.9182958340544896
1.642423961771975
1.7570041407187533
1.3397218324096136
1.608700165519891
2.024726036394697
1.5837579847456593
1.8048956511448038
1.3140830173571307
1.475955423213824
1.1400677626718572
1.54515219719895
1.4708767428894525
1.0389205950315936
0.6500224216483541
1.521661556280896
0.6343095546405662
1.643149247437342
1.5731146182710192
1.7458272644543353
1.6975849794584954
1.5794160077843604
1.7755490855036324
1.7755490855036324
1.6997906153230322
1.6798229071556268
1.7755490855036324
1.7755490855036324
1.7123790309270208
1.4396763215021657
0.39124356362925566
1.494193430493157
1.8539119513005473
1.720616644881894
1.1625633078480364
1.704396862246581
0.6998428398862386
1.2431803979668352
1.158938532350277
1.699508180539862
1.7177648376739316
0.74959525725948
1.158938532350277
1.6798229071556268
1.5020047009050883
1.4832261969709113
1.7681938943542976
1.1464834066027543
1.562688039303908
1.6779842806377732
1.5
1.5783898247235197
1.5693078231812958
1.2448406699719212
1.4591479170272448
1.3752580686696534
0.9132829641650988
1.134969974603941
1.6038561897747248
1.4056390622295665
1.3096910973393818
1.3921472236645345
0.9819407868640977
1.3709505944546687
1.6424515878790307
1.7263472243434204
1.3727069617019705
1.6021314441828578
1.4237949406953985
1.635891110799899
1.086312840741288
1.8502198590705459
1.632935039619369
1.2639334294856335
1.5
1.275162982784857
1.9709644829171837
1.7709505944546688
1.2639334294856335
1.5623160784510195
1.5098718371939557
1.4516607643577668
1.1981174211304033
1.2567796494470393
1.7722458708731117
1.3221793455166666
1.4932133643654213
1.3397218324096136
1.383807735464083
0.9401440773914521
1.3609640474436813
0.39124356362925566
0.9864267287308424
1.7445842076889957
1.4970151057384782
1.3605273114437082
1.5405341093423686
1.481900724681564
2.035135471874143
1.6533383137777573
1.3784188527203236
1.2997367636952524
0.9000224216483541
1.0848063548455136
1.3699740752745009
1.37799040354223
1.456564762130954
1.0949143184120975
1.3663146570363986
1.2639334294856335
1.8190269457641053
1.5455354215539245
1.081056042907516
0.9141828384352135
1.442508097190614
1.7772925846688996
2.052974160136117
1.9246005792599825
1.651729780006508
1.8885105964272466
1.5055213905049436
1.675336213432141
1.7224945678306305
1.250917759936152
1.3328204045850196
1.6647070055147108
0.0
1.3244602933016414
1.0529815751302694
1.633551333777253
1.8183090304947653
1.2192407046368487
1.2419460322060458
1.3382689280764646
1.5157895841746822
1.7518834359763853
1.9047225627853321
1.4256051990169438
1.3363816313106462
0.39124356362925566
1.0949143184120975
1.8535681581652277
1.2519674392648255
1.578897902987479
1.5317035250512132
1.189731916820733
1.6282202760321463
1.8097455408415875
1.3136008734696896
1.3630083113425158
1.4634651896016473
1.5737888130660205
1.4219115073546411
1.3972186775471807
1.3995812306460644
1.578897902987479
0.9055872616982603
1.0892300788425848
1.3821022532543101
1.278897902987479
1.4716022614097979
1.7709505944546688
1.7103377769685428
1.5245261505545635
1.408222675578688
1.4652556501132248
0.0
1.1567796494470395
1.5157895841746822
1.8079045751188838
1.815088217599459
1.5069195183551616
1.4681021451726868
0.0
1.186278124459133
0.8585085628439117
0.0
1.0056659577324911
1.598608003808776
1.2607717938967942
1.7609624596749827
1.7592056895079924
1.3931271734483175
1.6805563732659934
1.2475562489182659
1.456564762130954
1.5577277787393193
1.2981408924263875
0.9055872616982603
1.649621216043694
1.3382689280764646
1.0949143184120975
1.6388067184095578
0.8343470230852538
1.1981174211304033
0.0
1.7200660483303318
1.7209480533797532
0.8663006754980498
1.3752580686696532
1.238028345893738
1.5355505277442498
1.4256051990169438
2.0406167120446903
1.6163485660751646
1.6052067078749124
1.5044201498452234
1.5332865564454539
1.4594316186372973
1.3009376049438532
1.3779904035422297
1.8205492407432882
0.5586293734521992
1.5569010760354054
1.186278124459133
1.3699740752745009
1.2332247882202196
1.4979505037887728
1.9058365921487876
1.2538013905715868
0.7793498372920851
1.0666152167384504
1.3420192178195207
1.3566695198333112
1.5446150394212923
0.9182958340544896
1.8129072918469558
1.1981174211304033
1.4287947340047853
1.7410477535445679
0.39124356362925566
1.6331761732195722
0.934068055375491
1.186278124459133
0.7918583525674836
1.0740870445590351
1.585197859209209
1.5797773761893654
1.7709505944546686
1.6203352658383443
1.5904297196982706
1.9697147558906645
1.911513245356442
0.9774178175281716
1.3663146570363986
1.0892300788425848
1.6202830552026595
1.7438718180150592
1.7047668562193676
0.8904916402194913
1.8170594523438588
1.654648334118502
0.41381685030363374
1.4943692600505412
1.3792804872910602
1.6137129703673825
0.39124356362925566
1.4716022614097979
1.575114591410657
1.5099686126368168
1.857431278129598
1.7947137557705273
1.5227119556807576
1.1392781631244115
0.9880636700495734
1.4396763215021657
1.4716022614097979
1.595461844238322
0.8403586716091171
1.61078454839968
1.7410477535445679
1.456564762130954
1.648199470591429
1.8390343235579991
1.6137129703673825
0.41381685030363374
0.0
1.0529815751302694
1.9133718793992398
1.5534845018187062
1.086312840741288
2.3457363040785473
1.2957378005380122
1.2571629874320889
1.8649917740667208
1.7425416913014387
1.7254077765491416
1.623689844084022
1.5016144718101818
1.6533446498986561
1.3485878960124222
1.634081789642123
0.9182958340544896
1.4294732983598406
1.4411665441579464
0.9255982359100635
1.457424881409171
1.5355505277442498
1.3607197881662645
1.6205388464380788
1.591972794985673
0.41381685030363374
1.4932133643654213
0.7533347247815687
0.8683927290103626
1.2366407419411674
1.4435338663473682
1.6071054829246043
1.8209578044937063
0.39124356362925566
0.41381685030363374
1.8801799226757383
0.2580186686648155
1.3342094594480487
1.7060075793123284
1.8190269457641053
0.0
1.790492223970158
1.6672513386569183
1.3810486347870357
1.5861009031050184
1.9105159790669104
1.1488348542809166
0.6331187273868069
1.3086335351468523
1.7450464172773454
0.785235442391543
1.6016812830583902
0.8841837197791889
0.6685644431995964
1.2577148214953864
1.6137129703673825
0.9774178175281716
1.620777978511064
1.8070024854224285
0.3227569588973982
1.512495928849319
0.9864267287308424
0.9055872616982603
1.086312840741288
1.7551201518045438
1.383970255132053
1.3716407621868583
0.6998428398862386
1.5785195257779265
1.4387586809150081
1.643155878465832
1.3234669541469457
0.0
1.7224945678306305
1.7474130395316416
1.4913146570363986
1.3067765894062977
1.730242340656556
0.0
1.6282202760321463
1.5044201498452234
1.6772390289896693
1.4056390622295665
1.850983694881109
0.9463729359854419
1.7471671973069338
1.7187828921272554
1.9766984589796979
1.6832031704275812
0.7732283485249176
0.0
1.3609640474436813
1.6019431074952408
1.6772390289896693
0.964078764808229
1.0
1.5919171866886992
1.958704122281365
1.3986615734080916
1.3235315761100483
1.468090781663233
0.9886994082884974
0.8904916402194913
1.4832261969709113
1.2519674392648257
1.2292041910556641
0.0
1.736006946447656
1.858109746290706
1.402081402756032
1.694235961960178
1.7185614767853383
1.818171192035414
1.3654157660092414
1.5913898628575747
1.819185511093274
0.996118213778296
1.6406302613290886
1.4366664819166872
1.1981174211304033
0.9274479232123118
1.173185867971725
1.3709505944546687
1.6256051990169438
0.7146532448524052
1.3699740752745009
1.677984280637773
1.870950594454669
1.7174058329691393
1.4197367178034825
1.3921472236645345
1.2319817814011405
1.4237949406953985
0.0
1.3769003492947776
0.951994081908783
0.35335933502142136
1.4108478748063633
1.6789290079339514
0.4394969869215134
1.456801781775028
1.7054665440827421
1.6387586809150083
1.5654483718208252
2.0629072918469555
1.496065911543853
1.8290328929684438
0.6143694458867568
1.7117778489675737
0.9402859586706311
1.3663146570363986
0.0
0.0
1.4716022614097979
0.5665095065529053
0.0
0.0
1.672324348930183
1.5718595010301388
1.7956828983511028
1.1595547523787308
1.5016144718101818
1.3716407621868583
1.6600077278286622
1.4056390622295665
1.4002582326102067
1.9663236712849368
1.8118063542168128
1.6942359619601777
1.4839904575514162
1.166342889840669
1.3699740752745009
1.7263472243434208
1.7814033158465872
1.5700578392573044
1.9804820237218406
1.6113834567195195
0.0
1.8748587169101305
1.4652556501132248
1.5556278286033816
0.35335933502142136
1.5693078231812958
1.186278124459133
1.5157895841746822
1.158938532350277
1.2361602543738117
1.0892300788425848
0.0
1.5920001314822054
1.7187828921272557
1.3472230399326601
1.6577427265048887
0.9402859586706311
0.9980008838722996
0.964078764808229
1.3216069583883467
1.4166422780956525
1.5120624636085076
0.0
1.651197289000798
1.5567796494470396
0.6500224216483541
1.4652556501132248
1.2448406699719212
1.612197222702993
0.8112781244591328
1.6153243562732233
1.0263137138648348
1.5050152700007613
1.662231819550004
1.7732143550933814
1.456564762130954
1.4534909080039504
1.5219280948873621
1.1994602933016414
0.7345299214394703
2.146240625180289
1.562688039303908
1.3699740752745009
1.2363864108712896
1.4373770511116049
1.772074455398566
1.7533290512626212
1.5422414219661076
1.118275160770976
0.9463729359854419
1.1981174211304033
1.456564762130954
1.456564762130954
0.6193821946787638
1.0540157730728
1.464381457724494
0.9886994082884974
1.4772170014624826
1.4594316186372973
1.7387586809150084
1.807354922057604
1.6930405350919489
1.4002582326102067
1.9849259129823311
1.4932133643654213
0.6500224216483541
1.3709505944546687
1.643751954420502
1.7147202632688487
1.831629922263649
0.9402859586706311
1.5534592837283852
0.37123232664087563
1.5327896019567016
0.7871265862012691
2.0459510850809313
1.2285763800288916
1.271782221599798
0.9530138853315973
1.8047604500341237
1.5535088547976783
0.2974722489192896
1.5221898721658214
1.474266150347093
0.0
1.4949188482339508
1.4594316186372973
1.5294283316328894
0.7793498372920851
1.2419460322060458
0.954434002924965
1.382861222416222
1.1812908992306925
1.5651407133456023
1.6854752972273344
1.7712589600219495
1.2366407419411674
1.1313146886497212
1.1660870601063933
1.478897902987479
1.8070027314271102
1.4784401528810396
0.8315435491770659
0.6052912052261445
1.4256051990169436
0.6193821946787638
1.3527241956246545
1.4955380299191112
1.7709505944546686
1.5
1.4217009368846751
1.691141418009583
1.5146853096883133
1.578897902987479
1.47283015230032
1.6072950484046047
1.6387586809150083
1.867889010144704
1.5676898236494567
1.1981174211304033
1.4777468341000446
1.7206166448818938
1.7135971524443745
1.4345608142862893
1.4313380525417574
1.2319817814011402
1.0892300788425848
1.622723612152781
1.4990841516558637
1.3752793655393791
1.7387586809150082
0.26676498780302604
1.7720744553985661
1.5683182557028437
1.192250860234642
0.7907669479360189
1.5002723456084086
0.41381685030363374
0.9000224216483541
0.74959525725948
1.0834189322427712
1.8097238785956844
1.586569246460625
0.39124356362925566
1.474041717473638
1.0848063548455138
1.4294732983598406
1.383099991189334
1.4716022614097979
1.6186196702756541
1.692878689342031
1.2320872216997276
1.4396763215021657
0.5665095065529053
1.9459977435195102
0.7793498372920851
0.8343470230852537
1.186278124459133
1.6798229071556268
0.0
1.192250860234642
1.3566695198333112
1.2577148214953864
1.5229571181374095
0.8683927290103626
1.6277637415297184
1.0103029464166382
1.1981174211304033
1.6192407046368487
0.8475846798245739
1.0578848066418436
1.4294732983598406
0.7732283485249176
0.9780155566622414
1.4438561897747249
1.5055213905049434
1.4516607643577668
1.8824373408045867
1.9374341888480233
1.0411194045568268
1.5737888130660205
1.4256051990169438
0.9055872616982603
0.7793498372920851
2.030672129520887
1.7676503615477757
1.3699740752745009
1.1994602933016414
0.8904916402194913
1.4899343783255763
1.6693118227172357
1.3752580686696534
1.6550515026072177
0.9912642605354288
1.705616568529474
0.5665095065529053
1.5090275125326515
1.6930405350919489
1.7085531735386457
1.3377780971924957
0.0
0.5225593745369408
1.3396642639295127
0.46816664055233254
1.5052408149441479
1.7019011889093374
1.1488348542809166
1.8546890001763974
1.4685381970127551
1.958739236789389
0.9182958340544896
1.0389205950315936
0.6998428398862386
1.156869339920509
1.749869837094248
1.7263472243434204
1.5064431878202948
1.608700165519891
1.5651407133456026
1.3663146570363986
1.6589797521242051
1.5727683138330126
1.5002723456084084
1.457424881409171
1.2250335169881905
0.8343470230852537
1.5663588643974276
1.3699740752745009
1.2433003685389576
1.8540808080736912
0.8041140545540274
1.6261657144267418
0.6962122601251458
0.41381685030363374
1.562688039303908
1.4256051990169438
0.0
1.643751954420502
1.2009102795095283
1.8839691640753309
2.155001370898536
1.5002723456084084
1.6107482339528836
1.1055872616982603
1.5574319619297041
1.9042715900718343
1.528368899209021
0.6998428398862386
0.6402064333604701
1.8345901684333654
1.4516607643577664
1.7970986296312548
1.2439904575514165
1.3605273114437082
1.54515219719895
1.8360168461385307
1.6096684774198882
1.532419498446859
1.7132463024570679
1.5288018145253182
1.497385205007079
1.3235315761100483
1.7630734464202624
1.5948659584103664
1.6135681581652277
1.6192407046368487
1.3649917740667208
1.8717374334224666
0.9055872616982603
1.8449875718557363
1.7263472243434204
1.186278124459133
0.8683927290103626
1.828385332215818
1.0529815751302694
1.5016144718101818
0.0
0.9769460529925406
1.6899461611103161
1.6767370300521325
0.48217919020227284
1.8444984275147882
1.4308353756252157
1.4536723994375542
1.505182376344174
1.6016812830583902
0.9182958340544896
1.311278124459133
1.5723516633085879
1.6627812687836254
1.3792804872910602
1.7631006224466697
1.2419460322060458
1.4945403523436764
1.0819672775704963
1.612197222702993
1.4716022614097979
1.4627552262645034
1.3918357778538644
1.3918357778538644
1.3918357778538644
1.3918357778538644
1.4083445441575106
1.3918357778538644
1.4083445441575106
1.3918357778538644
1.6796275363413566
1.5032583347756456
1.4083445441575106
1.3918357778538644
1.6796275363413566
1.4083445441575106
1.4294732983598406
1.3421389558735095
1.3421389558735095
1.4456369889212493
1.7461963122510467
1.2009102795095283
1.5737888130660205
1.3605273114437082
1.3995812306460644
1.3830999911893338
1.2419460322060458
1.7047668562193679
0.5907239186406502
1.4210295023052195
0.8343470230852537
1.268067353402726
1.5002723456084084
1.3997425413661118
1.3566695198333112
1.9370213752663952
1.2087030080822634
1.8567796494470394
1.721928094887362
1.4320062125405801
1.7379074618929526
1.192250860234642
1.456564762130954
1.5126447478210652
1.383866329597683
1.8437519544205019
1.5023937690458928
0.41381685030363374
1.784315128855494
1.6152534083238568
1.684928633434857
0.4394969869215134
1.6954618442383218
1.2917601481809733
1.4228879606268872
1.6627992560224794
1.2949950747154697
0.39124356362925566
1.4716022614097979
1.4294732983598406
1.311278124459133
1.1981174211304033
1.2332247882202196
1.4494602933016414
1.5288018145253182
1.0668258510344142
1.625279844396624
1.0892300788425848
1.3995812306460644
1.7206166448818938
1.5076609284983589
1.4937095464322434
1.886479280482574
1.4960659115438528
1.5805576533947314
1.704570908336296
1.6605332770550814
1.7286329568116936
1.5487290032420458
0.9463729359854419
1.8748587169101305
1.5002723456084084
1.5275070675902451
1.5487290032420458
0.5131637559924215
0.7228578977329688
1.6143180698290447
1.7709505944546688
1.1216407621868583
0.0
1.839330832236536
1.1488348542809166
1.6498305218774654
0.0
1.3355055565170972
0.7793498372920851
1.4769092849936094
1.497224320061398
1.4060075793123286
1.578897902987479
0.0
1.667951197198645
1.6849774484867255
1.3282531603058014
1.1464524861615177
1.3149559401054873
0.7742433029172697
1.8948950998563654
1.4984545358221244
1.7858063886958977
0.4394969869215134
1.7224945678306305
1.7388344997033716
1.6619692953865841
1.4466479595102752
1.7772925846688996
1.82087997015458
1.301386299279609
1.6004512092982517
1.6152529693093274
0.954434002924965
1.5275070675902451
1.3640054628542206
1.5016144718101818
0.0
1.5993151591839752
1.402081402756032
0.9456603046006401
1.5288018145253182
1.2961089847004374
1.3176933044021888
1.5706710116517322
1.305089548609037
1.6126502330422663
1.6567796494470395
1.4366664819166872
1.4056390622295665
1.3792804872910602
1.842737648613667
1.7449736431073557
1.6573263723895457
1.5466316153937778
1.3699740752745009
1.4516607643577668
0.9912642605354288
1.3446777956962999
1.4039904575514162
1.4190352743388661
1.3342094594480487
0.7219280948873623
1.3216069583883467
1.4256051990169438
1.8577174691301483
1.5796219460668377
0.5665095065529053
1.836713080704711
1.60683227831811
1.3995812306460644
1.5827993325271836
0.7950402793845223
1.2772018112022603
1.0529815751302694
1.543132777557693
1.514185957637955
1.419976098609198
1.1595547523787308
1.5949425457834805
1.4777369427952023
1.7542524827270407
1.6980526127677238
1.158938532350277
1.2366407419411674
1.8429078545765152
1.4594316186372973
1.4056390622295665
1.58211734747575
1.6788979029874789
1.7990077544108969
0.0
1.7167207681270038
1.594522335565046
1.599092079579108
1.5221898721658211
1.5487949406953985
1.4366664819166872
1.4519076150714063
0.9055872616982603
1.6125474873813834
1.5394705707972522
1.9415779290783455
1.457424881409171
1.4237949406953985
1.4627552262645034
1.4466166676282082
1.3472230399326601
1.5694452621548822
0.8453509366224364
1.4012343792962176
1.1545676820893709
1.4593460134250686
1.5404388162579377
1.6068322783181097
1.562688039303908
1.5943609377704338
0.6998428398862386
1.67494248379045
1.4913146570363986
1.7609640474436812
1.0476747992754052
1.5654483718208252
1.3699740752745009
0.35335933502142136
1.6358453262922592
1.134969974603941
0.8683927290103626
1.1733012854719536
1.1771245697587873
1.4056390622295665
1.4101030778379047
1.042344321483692
1.4320062125405801
1.6930405350919489
0.9933927290103626
0.9978073067140769
2.0985864121084328
1.6804820237218405
0.9463729359854419
1.7531844428066155
1.2607717938967942
1.5088394973607078
1.6644977792004614
1.1941737342569119
1.3633800759802648
1.4713544870139295
1.3540489879782314
0.9451696091196164
0.9055872616982603
1.4516607643577668
0.8112781244591328
1.456564762130954
0.0
1.532419498446859
0.9463729359854419
1.6403360647604435
1.1254908068679137
0.9055872616982603
1.273009654835499
1.9232196723355077
0.41381685030363374
1.4806821149663845
1.272905595320056
1.1625336732554152
1.5577277787393193
1.7589385323502773
1.2419460322060458
1.5919171866886992
0.0
1.0676111603502403
0.49715018363696706
1.086987702339905
1.2366407419411674
1.4565463548075541
1.3566695198333112
1.6211509331628502
1.4292750707107136
1.7332062193464952
1.8486037302133707
1.5157895841746822
1.7363918270255536
1.4256051990169436
1.47312842712131
1.3716407621868583
1.6804820237218405
1.6934078563985095
1.5090275125326515
2.198457409654712
0.5665095065529053
1.4747249725215466
1.7749475265481325
0.9182958340544896
1.6577427265048887
1.5016144718101818
0.6098403047164004
1.098397117295888
0.7642045065086203
0.0
0.39124356362925566
0.8929953573519601
1.5503407095463881
1.0389205950315936
1.4089563691830123
1.6676565553018226
1.6163146570363986
0.4537163391869448
1.621650184269479
0.0
1.7638421227824583
1.2183368243391808
0.6390900065131739
1.82921806304599
1.8731406795131327
1.2532975784630431
1.9132537252282174
1.198192411043098
1.2366407419411674
1.4135819199522097
0.0
0.0
1.0949143184120975
1.4256051990169436
1.4899343783255763
1.6729330318733673
0.0
1.497385205007079
1.1400677626718572
1.3446983751597128
0.9463729359854419
1.5154241592897058
0.9864267287308425
0.9967916319816366
1.7257474679194769
1.5737888130660205
1.6550515026072177
1.2997367636952522
1.4716022614097979
1.1488348542809166
1.6710522378742385
1.5317035250512132
1.0949143184120975
1.0892300788425848
1.6303113051815041
1.4854752972273344
1.319035274338866
1.9849259129823316
1.1216407621868583
1.8814099964358766
0.9612366047228759
0.9612366047228759
1.3976931442604226
0.659459211658581
1.4182958340544896
1.4913146570363986
1.8593914460636276
1.8179226631461296
1.5813432267683005
0.9463729359854419
1.6430741894285699
1.6188386818320675
1.3663146570363986
1.5599754769243013
1.6158045319402516
1.719553828322125
0.39124356362925566
1.5281658735933163
1.7712589600219495
0.2761954276479391
1.4366664819166872
1.5636254885377856
1.2406705316766884
1.2081635067037968
1.2677702161044204
1.2475562489182659
1.4043183974625661
1.097984096622461
1.4166422780956525
1.271782221599798
1.8415419333359275
1.391939161649138
1.5294283316328894
0.7950402793845223
2.0198157169987727
1.6758220575766962
1.4422750844972185
1.8316148436497122
1.086312840741288
1.3067796494470394
1.4112050925821995
1.5310001550435157
1.6521928520052185
0.7150308246386026
0.8795064608120066
1.4478852949201135
1.5
1.7814963295286752
2.2461854425780308
1.7926645645056383
0.9123163027543337
1.5863860380757644
1.6086419248922696
0.0
0.9055872616982603
1.8387586809150083
1.3516441151533922
1.4134542664636012
1.6143180698290447
1.9292776059351575
1.6346958387036632
1.7068671700835711
0.37123232664087563
1.528368899209021
1.939038751939492
1.4394969869215133
1.7176856953872666
1.6805563732659934
1.275162982784857
1.3752580686696534
1.5530900835303274
0.35335933502142136
1.295659529821394
1.0389205950315936
1.584962500721156
1.5693078231812958
0.0
0.0
0.41381685030363374
1.3784188527203236
1.6956893045363468
1.1625633078480364
1.496065911543853
1.2884926890861643
1.311278124459133
1.581862660461909
1.2332247882202196
1.4773344666381945
1.716763599199235
1.4716022614097979
1.4609640474436811
1.428460186306984
1.688035144392618
1.7634893002931975
1.595461844238322
1.7500963014645257
1.648238712995888
1.6846696209693477
0.9182958340544896
1.1540157730728
1.4768421209055118
0.7793498372920851
1.0230370655328809
0.28639695711595625
1.562688039303908
0.7219280948873623
0.0
1.5569010760354054
0.0
1.234204837336745
1.85560377703983
1.272905595320056
1.504829922412742
0.0
0.3227569588973982
0.9463729359854419
1.6253785496437985
1.5693078231812958
1.4133912888392068
1.572351663308588
0.9852281360342515
1.1488348542809166
0.9852281360342515
1.2415101887362598
1.5997285817674223
2.1124876891689537
1.7709505944546686
1.2439904575514165
1.679429366813955
1.590131201194239
1.5128876215181604
1.3144230884457007
1.1812908992306925
1.4197367178034825
1.2439904575514165
1.516468623731106
1.5020937517392208
0.912218204395814
1.2619437732379577
1.6203352658383443
1.6203352658383443
1.6203352658383443
1.6203352658383443
1.6203352658383443
1.6203352658383443
1.6203352658383443
1.6203352658383443
1.6087001655198914
1.5799699313156343
0.863120568566631
1.518739245992103
1.4237949406953985
1.0949143184120975
0.4394969869215134
1.5760875253642985
2.3998503251102274
1.5204260414863777
1.070243658524149
1.8682027306885682
1.4040157730727998
1.173185867971725
1.431019685865786
1.3336268051875946
1.442508097190614
1.6174570297402047
0.9463729359854419
1.2366407419411674
1.8702945812604448
1.4032932114068828
1.494193430493157
1.838082424660339
1.4023416132894384
1.3361602543738118
0.9709505944546686
1.9452014916603544
1.4061518545101988
1.2611191885631823
1.693326952246091
0.6840384356390417
0.6840384356390417
0.6143694458867568
1.7201755214643453
1.0892300788425848
0.8112781244591328
1.158938532350277
1.0476747992754052
0.48217919020227284
1.6339740759971573
1.311278124459133
1.4108478748063633
1.606296919801121
0.4854607607459134
0.32984607020714635
0.6402064333604701
1.2344977967946407
1.4320062125405801
1.6158045319402516
1.6163485660751646
1.62864574657914
1.4112050925821995
1.2840680553754908
1.54515219719895
1.497385205007079
1.7969371097526867
0.9463729359854419
1.6393210497942587
1.4716022614097979
1.6107845483996803
1.4516607643577668
1.6521928520052185
1.311278124459133
0.0
1.5709505944546687
1.3382689280764646
1.1183927290103626
1.3834651896016472
1.6113834567195195
0.0
1.7002237262558646
1.4256051990169438
1.3784188527203236
0.9957274520849255
1.8617022325423545
0.7333933955379484
0.9612366047228759
1.5984099354542713
0.222284830685688
1.3709505944546687
0.8683927290103626
1.5535410664735254
0.4689955935892812
1.8731406795131327
1.2415242038285013
1.2326602568158205
1.7363918270255536
1.4591479170272446
0.9912642605354287
1.198192411043098
1.272905595320056
1.198192411043098
1.272905595320056
1.198192411043098
1.272905595320056
1.198192411043098
1.272905595320056
1.198192411043098
1.272905595320056
1.198192411043098
1.272905595320056
1.198192411043098
1.272905595320056
1.198192411043098
1.272905595320056
1.198192411043098
1.272905595320056
1.198192411043098
1.272905595320056
1.198192411043098
1.272905595320056
1.198192411043098
1.272905595320056
1.198192411043098
1.272905595320056
1.198192411043098
1.272905595320056
1.198192411043098
1.272905595320056
1.198192411043098
1.272905595320056
1.4913146570363986
1.272905595320056
1.198192411043098
1.272905595320056
1.198192411043098
1.272905595320056
1.198192411043098
1.272905595320056
1.198192411043098
1.272905595320056
1.198192411043098
1.272905595320056
1.198192411043098
1.198192411043098
1.272905595320056
1.198192411043098
1.272905595320056
1.198192411043098
1.272905595320056
1.198192411043098
1.272905595320056
1.198192411043098
1.4237949406953985
1.5052408149441479
1.5052408149441479
1.4294732983598406
1.8070024854224283
1.5016291673878228
0.39124356362925566
0.9967916319816366
1.3727069617019705
1.6541881272613423
1.7363918270255534
1.5365115802307774
1.5539039026101904
0.41381685030363374
0.8710955350455423
1.5106618965923122
1.6820058147602135
1.6541881272613423
1.8383685150260665
1.6117022325423542
1.0389205950315936
1.2985814566129152
1.5011320844650964
1.0949143184120975
0.7742433029172697
1.1221136771091087
1.2419460322060458
0.8403586716091171
1.456564762130954
1.3244602933016414
1.54515313983491
1.2516291673878228
1.861792007164625
1.7347331117299716
1.4717374334224662
1.540709585192697
1.0214554656116668
1.1885216641800027
1.6337314206421327
1.2207289021060088
0.9957274520849255
1.5002723456084084
1.2866926683547546
1.5970008216693459
1.2100285140347622
1.1897319168207328
1.7568375314031583
1.6010143058068347
1.4886022351695134
0.0
1.8233134197163956
1.7406211650817824
1.4112050925821995
1.531703525051213
1.186278124459133
1.404678473063571
0.7793498372920851
0.9132829641650988
1.648238712995888
0.7732283485249176
1.823850756484658
1.6163485660751646
1.3971096255841837
0.7553754125614287
1.0529815751302694
1.3752793655393791
1.4913146570363986
1.5372952641634292
1.7364277414436695
1.44726249944121
0.6685644431995964
1.8025108045316376
1.0201433152964865
1.6709505944546685
1.3611297797951356
1.1386865525783176
1.7956828983511024
1.539417949152841
1.4130884364257577
0.0
0.0
2.018148257772161
1.3294340029249652
1.278897902987479
1.4256051990169438
1.8875101959226352
1.2917601481809735
1.272905595320056
0.37123232664087563
1.490468570732828
1.495696928431399
1.5057624682647608
1.1141202120208022
1.538527415461393
1.6879410452364207
1.4185644431995963
1.6511972890007982
1.528965968072094
1.773011489738988
1.3752793655393791
1.5416892248400094
0.39124356362925566
1.7263472243434204
1.014097655573916
1.0
2.1551388734813877
1.5919171866886992
1.5002723456084084
1.5795113260786042
1.1981174211304033
1.6430741894285696
1.7450972181704334
0.5489544344250401
1.5157895841746822
1.3361602543738118
0.6685644431995964
1.513397804403961
1.6752388501139213
1.7387586809150082
0.35335933502142136
0.982735153901159
1.4154372473067622
2.040924277228159
1.3382689280764644
1.4716022614097979
1.7464353842388936
1.1488348542809166
0.9709505944546686
1.7567958110719157
1.3699740752745009
1.4320062125405801
1.60849631611819
1.2158749624422407
1.5016144718101818
1.319035274338866
0.8960382325345574
1.280019973431558
0.7219280948873623
0.41381685030363374
1.8400837592991008
1.5033529773639762
1.6805563732659934
1.2332247882202196
1.1400677626718572
1.4716022614097979
1.731488219251764
1.9110510372114404
1.1216407621868583
1.6793308322365363
1.3105673797344795
1.5394063096670907
1.1540157730728
1.6627992560224794
1.5715206744101833
1.4396763215021657
0.41381685030363374
1.6794293668139548
0.6500224216483541
1.2720552088742005
1.468090781663233
1.9755898284862403
1.4516607643577668
1.291314688649721
1.432983121056005
1.612197222702993
0.8112781244591328
0.6500224216483541
0.9967916319816366
0.6292492238560345
1.958542981880303
1.6752388501139213
1.428794734004785
1.6675897585466832
1.4788979029874791
1.9242299136001453
1.6416335610164343
1.456801781775028
1.6282202760321463
1.7135971524443743
0.74959525725948
1.8393308322365363
1.3716407621868583
1.6158045319402516
1.7233083338141042
1.1216407621868583
0.8451064151274781
1.2987949406953985
0.9780155566622413
1.4396763215021657
0.6998428398862386
1.0
1.5121474983116991
1.2917601481809735
0.0
1.815854740119989
1.5063163687672874
0.6500224216483541
0.0
1.275162982784857
1.3557329017891302
1.811772243014612
1.7963761328311783
1.600983694881109
1.6511972890007978
1.8844779003049217
1.186278124459133
1.4168828455793625
1.871602261409798
1.285901597985025
1.014097655573916
1.4182173626099466
1.7500499304347517
1.4832261969709113
0.0
1.1595547523787308
0.0
1.3825075657517338
1.6954618442383218
0.9980008838722996
1.660557075655516
0.5916727785823275
1.3784188527203236
0.8904916402194913
1.1400677626718572
0.0
1.590468570732828
0.8554508105601306
1.5943029514736249
1.6780986942499818
1.3472230399326601
1.5055213905049434
1.6281944141561016
1.5498114635786788
1.383099991189334
1.2433003685389579
1.2870540281187268
1.5132696895151083
1.6004512092982517
1.3244602933016414
0.0
1.2419460322060458
1.1540157730728
1.5683182557028439
1.5451936105874193
1.1173767358106292
1.6158045319402516
1.6282202760321465
1.9999397408886077
1.5289659680720937
1.3699740752745009
1.968104616864038
1.7205078555163835
0.35335933502142136
1.5703612224162218
0.7345299214394703
0.41381685030363374
1.3699740752745009
2.1975480187850644
1.4032976585519117
1.4154372473067622
1.5277214301218869
1.4594911601991534
1.4806821149663845
0.7793498372920851
1.6589797521242051
1.6644977792004614
1.434496496737575
1.0892300788425848
1.2577148214953864
1.6709505944546688
0.0
1.0949143184120975
1.0892300788425848
0.863120568566631
1.0211191885631823
1.6846696209693475
1.3012407854814618
1.517400992179952
1.103307408607834
0.0
0.8795064608120066
1.6627992560224794
1.1555195341151405
1.8419289172795863
1.562688039303908
1.5861134637025436
1.1400677626718572
1.844462895106827
2.1386498283000663
1.8748587169101305
0.9912642605354287
1.4906401825684292
1.6831573285181993
1.512156813475983
1.6954618442383218
1.7960885595978366
1.753367124950605
2.0273941713765185
0.7345299214394703
1.3342094594480487
0.205592508185083
1.6194705707972523
1.4237949406953985
1.4716022614097979
1.649725367358884
0.9055872616982603
0.5665095065529053
1.7673757978160416
1.2304244196889744
0.9255008230823549
1.4466166676282082
1.5779772001172403
1.523591378979476
1.5817952369088877
1.7787373201344814
1.789929075309999
1.7080367669962602
1.8380403186191612
1.705664861639503
1.7450464172773454
1.6849774484867255
1.71577067413792
1.741848483686326
1.6056402140287211
1.2361602543738117
1.0529815751302694
1.2866926683547546
0.0
1.0389205950315936
1.6224203349859603
0.4537163391869448
0.0
1.4329283087286118
1.5569010760354054
1.8314856528904087
1.5919171866886992
1.7273344666381947
0.5304060778306042
1.1334321011224375
0.0
1.509871837193956
1.5534845018187062
0.0
1.2419460322060458
1.6838561897747248
1.4657904693384451
1.5744174271404585
1.6087001655198914
1.5709505944546687
1.3494140681385756
1.5919171866886992
1.271782221599798
1.7313043696144323
1.6788979029874789
1.6152534083238568
1.882091262089169
1.543751954420502
1.738616399317436
1.5703612224162218
1.4716022614097979
2.020800094781482
0.3372900666170139
1.8808381662190898
1.6597218324096137
1.4256051990169438
1.5775967043075598
0.39124356362925566
1.675143246409987
1.81294527625988
1.6779842806377734
1.6395862451836645
1.166342889840669
1.456564762130954
1.7516144718101818
1.542242258969757
1.7852159706907995
1.742841191707476
0.37123232664087563
1.272905595320056
1.8932464020112871
1.2292884146069893
1.4001108586294282
1.683240358011977
1.5783898247235197
1.4079824483474699
1.6807597208043015
1.685567202024124
1.4197367178034825
1.022420703848328
0.39124356362925566
1.2366407419411674
1.5230096548354992
1.3752793655393791
1.7154746521238278
0.0
0.0
1.4716022614097979
1.5354825551597984
1.3921472236645345
1.5783898247235197
1.1867043459100246
0.998363672593813
0.9664516287472262
1.319035274338866
0.7871265862012691
0.0
1.6409959783120958
1.5683182557028439
1.6129645072092766
1.5997285817674223
1.6299499099950283
1.7054665440827421
1.6213233692762088
1.6189240594364933
1.5673241649625131
1.642315971664345
1.4657904693384451
1.490468570732828
1.4294732983598406
1.0
1.4466479595102752
1.4949188482339508
1.7147202632688487
1.497224320061398
1.9143023618267063
0.41381685030363374
0.8773870642966132
1.9494883517185475
0.23519338181924143
0.7533347247815687
1.8042369396854376
1.1917601481809734
1.1981174211304033
1.0975378398419535
1.1545676820893709
1.295659529821394
1.941645521915528
1.6253785496437987
1.578897902987479
0.41381685030363374
1.0137576782928113
0.9055872616982603
1.5219280948873621
1.4657904693384451
1.756574414637184
1.575451307691312
1.3752793655393791
1.4294732983598406
0.9612366047228759
0.4394969869215134
1.795642576176944
1.604306895313052
1.54515219719895
1.7794238321465294
1.2366407419411674
1.509968612636817
0.5916727785823275
1.6183941088363927
1.624321903837726
1.4574248814091713
1.2866926683547546
1.014097655573916
1.4166422780956522
1.0493985254159108
0.8524051786494786
1.4112050925821995
1.5828765043125574
1.9035239700887407
1.1545446232892407
2.011966084792469
1.267931645520725
1.494193430493157
0.9938972639364229
1.1221136771091087
0.8904916402194913
0.9760206482366149
1.720616644881894
1.5822346742454096
1.613519734232519
1.4015101887362598
1.395461844238322
1.3752793655393791
1.6496630048679495
1.7582975708748247
1.0892300788425848
1.3716407621868583
1.0389205950315936
0.9927744539878083
1.5433829556661305
1.54515219719895
0.41381685030363374
1.4135819199522097
0.0
1.1635402011210707
1.402081402756032
1.2332247882202196
1.3423725016555716
0.5916727785823275
1.3995812306460644
1.714011311033924
1.6849956800201555
1.5509367889994214
1.3328204045850196
1.6010143058068347
1.3095717546068688
1.5002723456084084
1.176065103715944
1.4609640474436811
0.0
1.0676898236494567
1.5204260414863777
1.4466166676282082
0.6685644431995964
1.5516537043039171
1.2884926890861643
1.2932019370674834
1.5294283316328894
0.9780155566622413
1.838758680915008
1.4740092393676418
1.2934885413407444
1.8944992041714888
0.35335933502142136
1.612197222702993
1.4716022614097979
1.3196482417969362
0.35335933502142136
1.2366407419411674
1.0226297788901695
1.5229571181374095
0.7732283485249176
0.8569957178540346
1.3425787711890016
1.8771062643504581
1.512156813475983
1.404678473063571
1.8252517372886512
1.0892300788425848
0.7742433029172697
0.5907239186406502
0.7219280948873623
1.0529815751302694
1.3257847812033308
1.3221793455166666
0.9699184342750369
1.3995812306460644
1.4836591643979626
1.007240372254375
1.6846696209693477
0.0
0.0
0.0
1.0
1.792376622970445
0.0
1.4716022614097979
1.6849870376372504
1.5229153034496712
0.9463729359854419
1.0389205950315936
1.6258145836939115
1.0892300788425848
1.6516598775783056
1.2975140181293787
0.37123232664087563
1.6692462556711996
1.54515219719895
1.6582113103054938
0.0
1.732091526601945
1.4415964871265927
0.5916727785823275
0.6143694458867568
0.4394969869215134
0.6193821946787638
1.198192411043098
0.8497511372532974
1.5919171866886992
0.39124356362925566
1.061278124459133
0.6840384356390417
1.6387838670649266
0.41381685030363374
1.6465970137793002
1.3244602933016414
0.0
0.5225593745369408
1.6194506283013155
1.6276575936849547
1.2772018112022603
1.5487949406953985
1.158938532350277
1.6411537317874583
2.08282985618071
1.076597655573916
1.5098693043797229
0.7742433029172697
0.0
1.692215752170299
1.7570386355623753
1.6166422780956524
1.4516607643577664
0.4394969869215134
1.7732143550933817
1.4973852050070788
1.4256051990169436
1.4185644431995963
1.7600335904608964
1.7401410264496229
0.9494520153879484
0.9933927290103626
1.0366587480953524
1.7138385940668788
0.8960382325345574
1.6340649724200549
1.3284807255676316
0.9516950657435455
0.8904916402194913
1.8360168461385307
1.5317035250512132
1.7970986296312548
1.5166422780956523
1.2772018112022603
1.3709505944546687
1.1166010984455905
1.405311135580237
1.509968612636817
1.3382689280764646
1.4574248814091713
1.859567521171489
0.39124356362925566
1.8503470232150985
1.5577277787393193
1.2593984370492775
1.055767528240695
1.404678473063571
1.4519076150714065
1.5577277787393193
1.0540157730728
1.257162987432089
1.401475275184332
1.4800836951874476
1.6729330318733675
1.5181075072174655
1.7176856953872668
1.386274093895968
1.3784188527203236
1.913977073182752
1.3012517848198515
1.4568017817750278
1.295659529821394
1.456564762130954
1.4256051990169438
1.7294468445267843
1.6890582152619196
0.6292492238560345
1.6854752972273346
1.7295739585136223
1.9196275363413569
1.1092271387984602
0.35335933502142136
1.0834189322427712
1.5700578392573044
1.1867198445327563
1.7005974547387481
1.5709505944546687
0.7345299214394703
1.3709505944546687
1.3397218324096136
1.662139929580092
1.736006946447656
1.858109746290706
1.402081402756032
1.6646177528032566
0.7732266742876346
1.5510981710072647
1.6052067078749124
1.6479204417658093
1.7273966735744792
1.7163996803127917
1.6088647272252394
1.6202165849533627
1.3342094594480487
1.1219873517384964
1.7777851281813195
1.2987949406953985
0.9055872616982603
1.4336624542334846
1.7228026474320868
1.3727069617019705
1.7464353842388933
1.8538219808391267
1.54515219719895
1.0
1.7647270151602148
1.192250860234642
1.2326602568158205
1.6163485660751646
1.3502412971515443
1.7106668608378777
1.7387586809150082
1.7177602521413333
1.322305788853309
1.1488348542809166
1.6113834567195195
1.1221136771091087
1.7814033158465872
0.6500224216483541
1.3699740752745009
1.627477316035438
1.938268928076465
0.35335933502142136
0.8343470230852537
0.0
0.6685644431995964
1.8158547401199892
1.6567796494470395
1.158938532350277
1.7736895912386208
1.6172366173271746
1.0540157730728
1.84694713998613
1.2987949406953985
1.3699740752745009
1.5766083344551318
1.7445842076889957
1.3160996135203555
1.1981174211304033
0.6988272185521962
1.6010143058068347
1.2366407419411674
1.6588247655786343
0.26676498780302604
1.5002723456084084
1.3125559878021227
1.7201755214643453
1.058277043226334
1.5285040787412214
1.4516607643577664
1.6846696209693477
1.742585724624565
1.8400837592991006
0.9709505944546686
1.6388067184095578
1.221694907636328
0.8112781244591328
1.6451407133456024
0.4394969869215134
0.9774178175281716
1.4112050925821995
1.3784188527203236
1.7291512326266534
1.4281526509024578
1.6973206585968414
1.5752061585391703
1.563986349880663
1.5135166924559251
1.6567796494470395
0.5435644431995964
1.7702061686862092
0.6143694458867568
1.894042441466968
1.4716022614097979
1.0083492750393561
1.5683164932728872
1.6682958340544896
1.648238712995888
1.456564762130954
0.863120568566631
1.6950355658756875
1.54515219719895
1.744584207688996
1.2366407419411674
1.2366407419411674
1.5
1.705616568529474
1.2319817814011405
1.186278124459133
1.54515219719895
0.39124356362925566
1.1595115491253796
0.8683927290103626
1.5317035250512132
1.5422414219661076
0.39124356362925566
1.2227977679973536
1.0226297788901695
2.1002623699440672
1.550793035552352
1.6293594263175968
1.5739889616503064
1.5837579847456593
0.7732283485249176
1.2326602568158205
1.1488348542809166
1.2957378005380122
1.4574248814091713
1.4060075793123286
1.9193308322365363
0.39124356362925566
1.4516607643577664
1.8032506011982365
0.9215668650441979
1.2987949406953985
0.6193821946787638
1.311278124459133
1.0892300788425848
0.6998428398862386
1.3372449392958772
1.2977968115985956
1.1488348542809166
1.2139811498460888
0.6722948170756379
0.6402064333604701
1.653660689688186
1.2332247882202196
1.6814963295286753
1.60683227831811
0.0
1.2983343935593594
0.7732283485249176
0.9044787377569476
1.4652556501132248
0.9912642605354288
1.5577277787393193
1.5264795725813363
1.5342190211803406
1.3216069583883467
1.2309595631140104
1.5536835314823711
1.647730922119161
1.608700165519891
1.6954618442383218
1.471602261409798
1.5174280380640126
1.727351814444994
1.7844401693652068
1.8760093938922007
1.624821327228443
0.74959525725948
1.291314688649721
1.7412336264198882
1.6915241825794072
1.402081402756032
0.41381685030363374
1.6950355658756875
1.1242592373746325
1.6934855078570905
1.2467052127325733
1.633731420642133
1.022420703848328
1.9147221199257838
0.7732283485249176
1.404678473063571
1.6340649724200549
1.5783898247235197
1.7054333523385563
1.5919171866886992
1.7089354771950165
1.319035274338866
1.2366407419411674
1.2772018112022603
1.6211509331628502
1.3369326548058198
1.4411535278793055
1.0949143184120975
1.501629167387823
0.0
1.319035274338866
1.4574248814091713
1.719973094021975
1.2567796494470396
0.49123734182433315
1.0949143184120975
1.022420703848328
0.6840384356390417
0.8030717273241024
1.652978953728425
1.7609624596749827
1.4772170014624826
1.5712665202332332
1.4627552262645034
0.5916727785823275
0.9494520153879484
1.1994602933016414
1.6282202760321465
1.442508097190614
1.4516607643577664
0.39124356362925566
1.8917028044502626
1.595461844238322
1.4411535278793055
1.4913146570363986
1.6854752972273344
1.5184220482858135
0.9612366047228759
0.6292492238560345
0.0
0.9780155566622414
0.5916727785823275
1.5621213500372428
1.7455574250275927
1.7900504167841063
1.271782221599798
0.7641140545540274
1.7461034137898075
1.6158045319402516
1.1660870601063933
1.6382533594712747
1.2013628920478723
1.404678473063571
1.4562976550058964
1.3516441151533924
1.4190352743388661
1.1981174211304033
1.1981174211304033
1.7722539283649268
1.5538214476240477
1.9396379279222615
1.8787834934861753
1.483226196970911
1.4056390622295665
1.4294732983598406
1.5737888130660205
1.4466166676282082
0.37123232664087563
1.404678473063571
0.0
1.653234100759607
1.5567796494470396
1.2419460322060458
1.3654157660092414
1.7086126988727126
1.3779349403231067
1.4274970729221468
0.863120568566631
1.543751954420502
1.6758220575766962
1.4256051990169438
0.228538143953528
0.0
1.6166422780956524
1.5683665223594052
1.271782221599798
1.60615019203268
1.4039904575514162
1.235502924094377
0.0
1.4941934304931572
1.5919171866886992
2.0046934208291405
1.208830175294948
1.0757177504544575
1.3760746067855538
1.6909338059596861
1.3752793655393791
1.4127413029424614
1.683240358011977
1.759627536341357
1.3931271734483175
0.9967916319816366
1.7851074135023834
1.4932133643654213
1.7166422780956525
1.8801799226757383
1.899124177322116
1.295659529821394
1.271782221599798
1.7822287189138015
0.7345299214394703
1.9755898284862403
1.8940943429894856
0.5689955935892812
0.9780155566622414
1.442508097190614
1.6152529693093274
1.7733952294849
0.41381685030363374
1.4913146570363986
1.2235006502659682
1.3541859576379551
1.3699740752745009
1.3244602933016414
1.4219115073546411
1.5394847569315018
1.318168351590108
1.3716407621868583
1.8499345666620641
1.6113834567195195
1.186278124459133
1.404678473063571
1.513397804403961
0.0
0.2761954276479391
0.0
0.9494520153879484
1.1981174211304033
1.442506532574488
0.7205612348132175
0.9061159929691243
0.8816760388451097
0.48033191449091445
1.3689955935892815
1.4716022614097979
1.5954618442383217
1.6729330318733675
1.1469968458926931
1.215533232382473
1.8918521728839344
1.509968612636817
0.8030717273241024
1.2419460322060458
1.565340216174067
1.4772170014624826
1.6000490199812691
0.0
1.8439514568588302
1.1358900852326344
1.9131060113376823
0.7219280948873623
1.229776356895191
1.750224877285235
1.6482387129958878
1.271782221599798
0.0
1.2012496495723903
1.4256051990169438
1.8219598823094219
1.131314688649721
1.6331761732195722
1.3633800759802648
0.0
1.3824373408045867
1.295461844238322
1.6143180698290447
1.2875996096414135
1.0389205950315936
0.9709505944546686
0.9912642605354288
1.186278124459133
1.426458560203273
1.2987949406953985
0.0
1.3752793655393791
1.1994602933016414
0.965527262266083
1.8338496710294616
1.0892300788425848
1.2987949406953985
1.3361602543738118
1.4112050925821995
1.3699740752745009
1.6627992560224794
1.379877637552799
1.2419460322060458
1.3050794787763595
1.4932133643654213
1.3995812306460644
1.5288018145253182
1.9343170282144424
1.915885150264076
1.8799649487271108
1.439254017211876
1.143320102127766
1.846439344671016
0.9933927290103626
1.4294732983598406
1.3342094594480487
1.5192619198553952
1.4568017817750278
1.2319817814011402
1.490475975908074
1.5090275125326515
1.260692411043098
1.8576454471725903
1.746307034008563
0.7345299214394703
1.4185644431995963
1.4587155278826276
1.6113834567195195
1.5962017927557985
0.0
0.0
1.933816945485606
1.831629922263649
1.3244602933016414
0.39124356362925566
1.8079045751188838
0.9933927290103626
1.5229153034496712
1.4256051990169438
1.4256051990169438
1.7273536033721064
2.013260425276084
1.633551333777253
1.3699740752745009
1.5229571181374095
0.35335933502142136
1.1635402011210707
1.275162982784857
1.7904685707328278
1.4180260055608094
0.0
1.3361602543738118
0.9591963191047147
1.173334443668954
1.74917466839001
1.8050856529149224
0.6343095546405662
0.833176173219572
1.2753596470650903
1.2577148214953864
1.7005820084462417
1.7909273997744422
0.5032583347756457
1.7263472243434204
1.2326602568158205
1.6430741894285696
0.8904916402194913
1.2987949406953985
1.6387586809150083
1.5016144718101818
1.5229571181374095
0.7219280948873623
1.4764892117991655
0.0
1.6140054628542204
1.6424239617719751
1.7900504167841063
0.8112781244591328
0.6685644431995964
1.2060026902433667
1.6930405350919489
1.7416838940090766
1.272905595320056
1.0
1.4365455520910289
1.6805563732659934
1.8333208226910547
1.6605332770550816
1.313474274509972
1.6137129703673825
0.7793498372920851
1.5301404544057031
1.4079824483474697
1.2957378005380122
1.2484577639970085
1.4256051990169438
1.5325732575026199
1.566329398862024
0.8112781244591328
1.7088965464812744
1.838758680915008
0.0
1.2433319998177625
1.6941351052052902
1.5487949406953985
1.1400677626718572
1.186278124459133
0.7732266742876346
1.6788979029874789
1.9095745361861023
1.442508097190614
1.4197367178034825
1.3713146886497212
1.3567796494470397
1.1437680496508322
0.7973265101474423
1.4179493739444216
0.0
1.0892300788425848
1.6820681060235927
1.6729330318733675
1.4079824483474699
1.4594316186372973
1.5683665223594052
0.4537163391869448
1.2720552088742005
1.564235704165315
1.4603721872403521
0.9612366047228759
1.6411537317874583
1.616606400813156
1.9717472571281809
1.636452797660028
1.379558855444687
1.3394602300740281
0.8795064608120066
1.2593984370492772
1.7272486062639203
1.677984280637773
1.775985364203673
1.6107482339528836
0.8683927290103626
0.9709505944546686
0.8112781244591328
1.8886844073114781
0.37123232664087563
1.3257847812033308
0.951994081908783
1.5660668483140687
0.39124356362925566
1.8464393446710154
1.772074455398566
0.747584679824574
1.5683182557028439
1.5777993970417765
1.496065911543853
1.1710282664461744
1.5996275363413566
1.689676321502166
1.7798299876761596
1.3294340029249652
1.3092966682370037
1.612650233042266
1.7230033522652295
1.647730922119161
1.3663146570363986
1.5683182557028439
0.39124356362925566
1.1488348542809166
1.7116189156267398
1.708098663501806
0.0
0.6193821946787638
1.2639334294856335
0.45502065977946415
1.659420858697632
1.311278124459133
1.2145404077952502
1.4373770511116049
1.4373770511116049
1.497385205007079
1.8192407046368488
1.186278124459133
0.0
1.4179493739444216
1.280224474085943
1.768743160977808
1.5229571181374095
1.7177648376739316
1.604306895313052
1.3421389558735095
1.8740217065543314
0.6500224216483541
1.692215752170299
0.9444885341662053
1.6851179336594355
0.9463729359854419
1.456564762130954
1.5672404264752884
1.4701637650022321
0.41381685030363374
1.271782221599798
1.620256341096246
1.4294732983598406
1.4716022614097979
1.7043494289560508
1.5487949406953985
1.972824876890667
0.7793498372920851
1.4634651896016473
0.7742433029172697
1.7190352743388657
1.742841191707476
0.0
1.2319817814011405
0.9182958340544896
1.7788979029874787
0.0
1.7107770844150676
1.54515219719895
1.8153748627310893
1.3752793655393791
1.3233885792578717
1.887351814444994
1.3317607101149553
1.5382689280764645
1.945421396246999
1.6627992560224794
1.5279721499853838
1.7132282994716022
1.321606958388347
1.8021921535378564
1.2332247882202196
1.0389205950315936
1.6729330318733675
1.0529815751302694
1.2593984370492775
1.6181280553598252
1.9138909867280647
1.6158045319402516
1.145235779471061
1.3382689280764646
1.361009271066386
1.5394705707972522
1.3752793655393791
1.6117022325423545
0.8929953573519601
1.4622659680196122
1.2639334294856335
1.6511972890007982
1.1488348542809166
1.0949143184120975
0.0
1.294670654897298
1.271782221599798
1.6783898247235196
1.6587188345123867
1.6386199635932095
1.4788979029874791
1.642423961771975
1.8390343235579991
1.2987949406953985
0.8904916402194913
0.0
2.489567591930827
1.5683182557028437
1.4758749730305976
1.4618381992568747
1.082329014127135
0.0
1.3382689280764644
1.186278124459133
1.6814963295286753
0.8366407419411672
1.3605273114437082
0.0
1.280019973431558
1.1981174211304033
1.630982607666543
1.5016144718101818
1.7477069590845087
1.0238995733215064
1.6328773369500167
1.4534909080039504
0.6685644431995964
0.8030717273241024
1.6340649724200549
1.6163485660751644
0.0
1.4237949406953985
1.9232196723355077
1.134969974603941
0.9709505944546686
1.6068322783181097
1.7410477535445676
1.3382689280764646
1.4108478748063633
1.0975378398419535
0.4394969869215134
1.5012892028885232
1.316198821881321
1.295659529821394
