Shannon_Entropy
1.875
0.0
0.9182958340544896
1.9669171866886992
2.7107770844150676
3.1395722619867223
2.753434386188785
0.9463729359854419
2.860964047443681
2.5566567074628233
2.1800365325772657
2.6199707109276353
3.2210972500579573
2.3804820237218403
0.964078764808229
1.9732285161344474
2.2987949406953985
1.6922718656836107
2.495602923729013
2.6100635408770723
2.1280852788913944
2.495602923729013
2.0
2.146782221599798
2.130926080730337
2.660129752633257
2.606238928653389
0.0
1.2366407419411674
2.155968102145908
2.5839259400536587
0.0
1.7795771669692746
2.5495234595978316
2.7068905956085185
1.086312840741288
2.88654089282209
0.0
0.0
1.4166422780956522
2.4416823878601934
2.064042639445697
2.811278124459133
2.6606732334168424
2.0634582986483037
0.0
0.0
0.5916727785823275
1.9386790169573507
0.0
2.395998870534841
1.771782221599798
2.8218881955261788
1.9795928587944989
1.5628066316931741
2.224394445405986
1.9182958340544893
0.0
1.4366664819166872
2.0387607528626854
0.988180837004676
1.822815600352516
1.8009709569877819
2.495602923729013
1.5219280948873621
0.0
1.6137129703673825
2.5032583347756456
1.8400837592991008
2.822579761842491
2.146782221599798
3.5652607008287176
0.0
0.0
2.3588718484453604
1.3998646759186042
1.1625633078480364
2.005977711423774
1.863120568566631
2.522740045214949
1.4838317068446891
2.1477309221191607
1.5628066316931741
2.365596230357602
0.0
0.0
0.0
0.0
0.0
0.0
0.0
1.0892300788425848
1.2516291673878228
1.5451936105874193
2.239018329975255
2.1055872616982603
0.9976267918964659
1.9751060324573733
1.6893917467430877
2.1179631753145163
2.613529852502299
2.332914563979398
2.422579761842491
2.340510040973242
2.12359611806899
0.0
0.7345299214394703
2.146782221599798
2.0093984370492777
2.2825887305018333
2.201964696175852
1.7534343861887849
2.389898095464287
1.5555224270766919
1.6493974703476992
0.0
2.1055872616982603
2.155968102145908
2.5274955437916096
1.6863504113134051
1.1241854163060885
0.0
0.0
2.1636554116608133
1.706583642691246
1.2531841072934458
2.289246428509158
2.6603542432933764
1.324344026199031
0.9957274520849255
1.3716407621868583
1.7055872616982601
2.6900616179453083
0.0
3.7123452678136886
0.0
0.0
1.1216407621868583
2.1967916319816365
2.030211950247993
1.6912539120823422
1.3716407621868583
0.9463729359854419
1.9301249653149701
2.146465798504072
3.222070534801203
2.468166640552333
1.9142650410022009
2.1820058147602133
3.135821824148036
1.5569010760354054
1.7033848993102918
1.7028195311147831
1.786311831947582
2.53257325750262
1.969389419529156
0.0
1.5577277787393193
0.0
1.9241743523004413
2.1735572622751858
2.635143132656424
1.4609640474436811
2.202819531114783
1.7244078178625923
1.590468570732828
2.7534343861887853
2.2825887305018333
2.526287491038584
2.7107770844150676
2.2464393446710154
2.9559130951758243
1.1216407621868583
3.6794933051564835
0.9933927290103626
2.063558608511122
1.9110928353580843
2.543116888227511
1.4926140680171258
0.0
1.061278124459133
2.1690354219421173
2.557727778739319
1.4838317068446891
2.271782221599798
2.9853431343554915
2.4701970429406517
2.774397470347699
1.2958363892911637
1.3499214199431195
2.789898095464287
1.5216406363433184
0.0
0.0
3.057476076289932
0.0
2.1055872616982603
1.875
0.0
1.8753156176197312
2.2361864179112123
0.0
0.0
0.0
1.7783283537314114
1.9751060324573735
1.8077635764171944
1.2949950747154697
0.0
0.9132829641650988
2.35274578087187
2.5941178916311856
3.0332648580760786
1.2516291673878228
1.5916727785823275
1.1917601481809734
2.777776811456786
2.9852281360342516
0.0
1.7947367178034825
1.950212064914747
1.8496017527145812
1.1994602933016414
1.610577243331642
0.0
0.0
0.8366407419411672
0.0
0.0
0.0
0.0
2.0264616915928486
1.672905595320056
1.3056334087653163
1.8380267541624737
2.8073549220576046
0.0
1.4299111709758698
0.9911388429774534
2.9722092797270987
0.0
1.8128876215181604
3.397135202831011
2.4237949406953985
1.9056390622295665
2.48345859334435
0.0
0.0
2.271782221599798
1.0529407605626346
1.8288713632524445
2.225610814520738
1.9211854965885542
1.2516291673878228
2.419973094021975
2.365596230357602
1.9504809632118367
1.697691121635418
0.0
2.3898980954642877
2.8962915290459277
3.039148671903071
2.5424812503605785
2.80892232767662
1.014097655573916
2.3647067968641475
0.0
0.0
1.6879430945989
1.628230864918079
2.35274578087187
0.0
1.2958363892911637
2.60845859334435
2.107833210824613
2.610577243331642
2.252705481927944
2.974937501201927
3.182219366570182
2.556656707462823
2.577819531114783
2.061278124459133
2.0059777114237742
1.7295290545023005
2.35845859334435
2.950212064914748
1.5744174271404585
0.0
0.0
1.2332247882202196
2.1037016960573482
2.378783493486176
3.056564762130954
2.610577243331642
2.1280852788913944
0.0
1.9954618442383218
1.49692754611459
3.0565647621309533
0.0
2.311278124459133
0.0
1.807354922057604
2.0714228563768815
2.5827936132549505
1.6804530247303398
1.568316493272887
0.0
2.3248629576173565
2.636141082076489
2.71270470625279
2.869370316494056
0.0
0.0
1.9833830982290135
1.6550024067598976
2.172837249931209
2.270942421748537
2.950212064914747
0.0
1.9528195311147831
1.0957952550009336
3.2058970643159377
2.838409904617568
2.41896119556797
1.9086126988727123
2.279799131837405
2.1209520310264036
2.263809173883546
1.7720772537350808
2.606238928653389
2.1054105870684143
3.366091329119192
1.612197222702993
1.6737949406953985
2.168977708985413
2.3248629576173565
0.0
2.48345859334435
2.498778124459133
2.627601311512057
2.7806390622295662
1.9068905956085187
0.0
0.0
0.9933927290103626
0.0
2.227523392625413
0.0
2.4225797618424916
1.7735572622751854
2.1426643555488485
1.134969974603941
1.871602261409798
1.2916919971380594
1.880179922675738
2.1149798205164814
0.0
0.0
0.9463729359854419
1.4832261969709113
1.319035274338866
2.0662478973127314
0.6962122601251458
1.5275070675902451
0.0
0.0
0.0
1.0389205950315936
2.017470456978114
1.5016144718101818
2.0419460322060456
0.7345299214394703
2.5755886970847777
1.4716022614097979
1.8814099964358768
2.699513850319966
2.498929563690935
2.218846363733215
2.50558726169826
2.689246428509158
1.1981174211304033
2.610577243331642
2.055017056394823
3.039148671903071
0.0
0.0
0.9055872616982603
2.217021885879718
2.610577243331642
2.6572402927397833
2.2957073221873068
2.0491040074712537
1.7534343861887849
2.639353872167201
2.3504131529219623
1.7735572622751854
1.96981578242681
3.1018812234760182
0.0
0.0
1.3995812306460644
2.2008257945180887
3.0792258015191023
2.4677201004744993
1.871602261409798
1.764097655573916
2.8073549220576046
2.523219672335508
3.8914761071184256
2.282588730501833
0.0
0.0
0.0
1.764097655573916
0.0
2.452819531114783
1.6493974703476992
2.062907291846956
2.65135118305925
3.0417384274359476
1.6804820237218405
3.9172364757075973
2.0225797618424917
2.2030713060627085
2.0609640474436812
0.0
0.0
1.4966407621868583
1.7534343861887849
1.610577243331642
0.0
2.6644977792004614
1.7394541964918901
1.4237949406953985
2.372094637795624
2.7898980954642876
2.2322628970242686
2.577819531114783
2.7345123817507706
2.5820599105802575
2.3745560483818835
2.8855130303998817
1.9591904234199458
2.701375755906049
1.7832474385325099
2.378991986900062
1.7732143550933817
1.6635819199522097
2.629249223856034
3.0589840894454268
2.2603243320576287
1.626688849701832
2.720582776146013
2.3585605808901513
2.259799223400567
0.74959525725948
2.263809173883546
1.5589385323502771
2.2856005389623073
2.310443057719024
2.98345859334435
0.0
2.606238928653389
2.4662478973127313
1.8212764279322333
0.0
2.1464657985040723
3.006238928653389
2.5253456211698713
0.0
2.8423709931771093
2.6282129458410015
2.747167197306934
0.0
1.8847729962794872
2.365596230357602
1.8828560636920488
1.994299475957303
2.477003129312395
2.6171895725927152
1.3625074707625153
2.394175131060659
0.0
1.8077635764171944
1.8313996280112397
1.9369944335473877
2.739572261986723
3.058813890331201
2.789898095464287
0.0
2.070744458006558
1.709147917027245
0.9055872616982603
1.679822907155627
2.625
1.870253816431622
1.9301249653149701
0.0
2.0922718656836103
2.0933521729550124
1.839856918286079
1.6478689002690063
2.0590391046748544
2.1114856185797763
2.8517853901002637
2.389898095464287
0.0
1.6597224094502603
1.4488156357251847
1.103307408607834
2.582059910580257
2.4056390622295662
0.6143694458867568
1.0949143184120975
0.0
2.114713031115756
2.108694969562842
2.7153266987718085
1.579434002924965
1.5016144718101818
1.584962500721156
3.040373393688496
1.956086338633955
2.591793226077496
1.770481997621855
1.842737648613667
1.875
2.2062389286533897
2.0225797618424917
2.0
1.8322488896002305
3.0311161724560187
2.35274578087187
2.218378281790496
2.1492553971685
1.83748482971194
2.341446071165522
2.206238928653389
2.5495234595978316
2.270942421748537
3.73534241552341
2.4137995646056805
2.542328989413759
2.341446071165522
1.610577243331642
1.6402239289418519
2.6416396727898706
2.317950827656989
1.3716407621868583
1.5744174271404585
0.0
0.7345299214394703
1.1981174211304033
0.0
1.198192411043098
1.49692754611459
2.7272170014624826
2.706890595608519
1.8647869792568113
1.6493974703476992
0.0
1.2319817814011405
2.5046934208291405
2.7332000784600585
1.9698110652780971
2.139261930734825
2.2894822670191823
1.5744174271404585
1.5546097612655667
2.4056390622295662
2.3071885761626687
1.8192407046368488
3.1018812234760182
2.35274578087187
0.0
0.0
2.00977252458547
1.8166422780956524
2.577819531114783
1.158938532350277
1.3954618442383218
2.889916845319987
1.1771245697587873
1.5569010760354054
2.35274578087187
1.3420192178195207
2.5868878409958143
0.0
0.0
0.0
0.7345299214394703
2.0634582986483037
1.9948414446449676
2.3068905956085186
2.4956029237290123
2.7272170014624826
2.8073549220576046
1.0
2.789898095464287
0.0
1.7500189539375386
1.8496017527145812
2.4677201004744993
3.103701696057348
3.1556390622295662
2.149026099395914
0.0
0.9055872616982603
0.9852281360342515
0.9463729359854419
1.1941737342569119
2.011920928594794
2.3160193493010626
2.656564762130954
1.0529815751302694
2.359879028736861
2.0202442071537563
2.0729055953200564
2.665957320949175
1.8900915837377474
2.206428310992824
2.436278124459133
2.440223928941852
2.4677201004744993
1.9804820237218406
1.8852946383861613
2.148834854280917
0.0
0.0
2.1550287377419615
1.6893917467430877
2.48345859334435
3.093730583109656
0.0
2.146465798504072
2.2389205950315936
2.945204819420594
2.256779649447039
2.305958492868042
1.8496017527145812
2.789898095464287
0.0
1.4315602842833157
2.0119660847924687
0.9055872616982603
2.224601752714581
2.074164743022575
2.077819531114783
2.881816159866312
2.7534343861887853
1.2638091738835462
2.1735572622751858
0.0
0.0
1.186278124459133
0.6998428398862386
1.7028195311147831
1.5567796494470394
2.610577243331642
2.3329145639793976
2.7068905956085185
2.610577243331642
3.056174702946814
2.4137995646056805
2.202819531114783
0.0
1.53012496531497
2.1140368018373037
1.7273966735744792
2.3134597501718237
1.668645033308507
2.794653473544342
2.4137995646056805
0.0
2.3927846621897886
1.158938532350277
2.306259572492215
2.699513850319966
1.3355055565170972
2.217021885879718
2.699513850319966
3.6141732584113524
1.918208434154617
2.270942421748537
2.74894004700543
2.0729055953200564
0.6685644431995964
1.4966407621868583
1.9056390622295665
0.0
0.0
1.4966407621868583
2.35274578087187
3.431585925496826
2.209692319284718
2.5306390622295662
2.2185159382320965
2.5174058114255176
2.089003828777592
1.3382689280764646
2.350209029099897
2.6037016960573482
0.0
2.077819531114783
2.6762400841760656
2.4137995646056805
0.0
0.0
0.0
0.7345299214394703
2.1559681021459083
1.7947367178034825
2.324409393171556
1.2433003685389576
1.7878732959415298
0.0
2.6565647621309543
1.6266144718101818
0.0
0.0
1.3885308110207435
0.0
1.2326602568158205
2.9232314287976213
0.0
0.5746356978376794
1.9211854965885542
2.2098886380147267
0.0
2.4095349947050457
2.099601752714581
2.2132982820604443
2.6985981103597485
0.74959525725948
2.6825887305018337
2.146782221599798
2.4411637691610135
2.8767255680089163
2.270942421748537
2.7534343861887853
0.0
2.5032583347756456
0.0
2.0127856906700003
2.5492553971685
1.5784545358221245
1.0374012540422355
0.0
1.4772170014624826
1.4830749314332756
1.5783898247235197
1.8333208226910545
2.2058011089873357
2.7380118063969046
1.3716407621868583
2.0119209285947934
2.0294069451656007
3.9308038036657136
2.8423709931771093
0.0
0.0
1.7167635991992347
1.954434002924965
0.6962122601251458
1.5546097612655667
1.450467463408549
2.546439344671015
0.0
1.7783283537314114
1.9274512249645188
0.0
1.0529815751302694
2.437065831519022
2.0049355947431313
2.375
3.077819531114783
1.9321560761384233
2.0331239486563653
2.0670314951575843
1.2958363892911637
1.6879430945989
2.116299605701696
1.562688039303908
2.206247174491948
0.0
1.0892300788425848
3.0449127332389447
2.472905595320056
3.520732625251259
3.2089752143398327
2.2062389286533897
2.4634582986483036
3.0
2.7833894055198503
2.289246428509158
2.7685824788135225
2.7806390622295662
2.794713755770527
2.259799223400567
2.201609497059027
2.2988252450030506
1.4185644431995963
1.6729055953200562
0.0
1.4409328021013377
1.267931645520725
1.8774487457092885
2.5735572622751848
2.2485731395538666
1.7244078178625923
2.901924202978683
2.533206219346495
0.0
2.120952031026403
1.870253816431622
1.950212064914747
2.029412745857893
1.9732285161344476
2.878211620950336
0.0
1.3731999597495852
3.1715793771984866
2.063558608511122
2.389898095464287
2.8423709931771093
0.0
1.5978351514524252
1.271782221599798
2.2601202944325878
1.0949143184120975
0.8366407419411672
2.5383818626172756
2.224601752714581
2.9864405016961446
0.0
1.391939161649138
1.5795113260786042
1.1083811599964866
1.99008638225473
2.0612438946562017
2.7052290027422967
0.0
2.08746284125034
2.3746939516467016
2.4374234642064705
3.1464393446710153
0.0
1.6737949406953985
2.208196592277087
1.5943609377704338
2.6062389286533896
3.1037016960573482
1.5844350719354883
1.7752304071728804
1.5306390622295665
2.148834854280917
1.9746017527145814
3.2820914972712516
2.0670314951575843
2.5100564603565387
2.5100564603565387
2.5100564603565387
3.3889924612473172
3.1039944893931866
2.5820599105802575
2.422579761842491
1.2870540281187268
1.9705730958116852
0.0
2.8423709931771093
2.8962591249041014
2.664497779200461
2.6542553132150295
0.0
2.165131711675571
3.227181780646677
0.951994081908783
2.184927072396036
1.8073549220576042
2.399397470347699
2.17403586834798
2.322548108402129
0.0
0.0
0.8997437586982626
2.1117615962852723
0.7219280948873623
1.0954312795575998
0.0
0.0
0.0
0.0
1.2220334913046595
1.0892300788425848
0.7345299214394703
1.532914563979398
1.6266888497018317
1.1400677626718572
1.5306390622295665
1.822815600352516
1.5744174271404585
1.8007439917597248
1.1941737342569119
1.6158045319402516
0.9852281360342515
2.720582776146013
0.0
0.9463729359854419
1.9242299136001453
1.929309207916729
2.7272170014624826
2.0570812624395973
1.7633584292311082
2.6689801450225326
1.5306390622295665
2.021782221599798
1.638253359471275
2.4056390622295662
2.39207883297832
1.8423709931771084
1.9329145639793979
3.3962915290459277
1.5455354215539245
1.1431558784658322
0.0
1.234204837336745
2.406666316740689
2.735245627650834
2.217021885879718
2.4159220638351666
0.0
2.97174725712818
1.2433003685389579
0.0
0.0
1.6893917467430875
1.5693078231812958
2.0602489763846963
1.875
2.606238928653389
2.8402239289418523
3.1158340921632206
2.950212064914748
0.0
2.7898980954642867
2.4056390622295662
2.6923786267004775
2.89740761970092
2.5492553971685
2.4863286677871854
2.411089107949269
1.7947367178034825
2.6022170014624826
2.704827586226288
2.332914563979398
2.8962915290459277
0.0
2.460964047443681
1.4394969869215133
2.5661089398374797
1.271782221599798
1.2958363892911637
1.8565647621309542
2.1820058147602133
2.349601752714581
2.422579761842491
2.1773206585968414
2.4251185503571393
2.4464393446710155
0.0
0.0
2.610577243331642
2.067031495157584
2.0461796919474975
2.7315718636666784
2.3318026736242854
2.731885353576158
2.7909614378317853
0.0
1.9852281360342514
2.6416041678685938
1.610577243331642
2.272438043151834
2.0670314951575843
2.8464393446710154
3.1540747130674296
0.0
0.0
0.0
1.6493974703476992
2.0669687830474586
0.0
2.765957320949175
0.0
2.599011412296561
3.4586956571681133
1.3244602933016414
2.0202442071537563
2.856653212780931
2.7534343861887853
2.4662478973127313
2.556054210413333
0.0
2.6577968115985953
2.1280852788913944
0.0
2.1209520310264036
2.4662478973127313
3.0449127332389456
1.9485599096166806
2.358938532350277
1.5617677112802777
2.6892464285091577
2.3655962303576015
2.3329145639793976
0.0
0.0
2.9450386975402445
1.2060026902433667
2.495602923729013
0.0
0.0
0.9055872616982603
2.2983094013008034
1.186278124459133
2.6455933144511468
0.0
0.0
0.0
0.0
0.0
0.0
0.0
1.9393538721672008
2.100560296327809
1.1582226755786877
2.2987949406953985
2.3242764617775693
2.2892464285091583
0.0
1.9948414446449676
0.0
0.0
1.5628066316931741
2.197159723424149
0.0
0.0
1.4926140680171256
1.6804820237218405
2.2946939516467024
1.8182245751895982
2.146465798504072
2.577819531114783
2.470950594454669
0.0
1.5478976275004668
0.9463729359854419
2.3329145639793976
2.4410685859554375
2.1492553971685
1.3995812306460644
2.063202513215852
2.9329993066372895
3.0240930199314877
2.76613604762726
1.5760875253642985
0.0
2.0132790219068077
2.440223928941852
2.289246428509158
0.0
2.4300365325772657
2.4428621651554665
2.6247262095042956
2.263809173883546
2.5550365325772657
1.5683182557028437
2.072905595320056
2.2783518117113117
1.2516291673878228
2.56488945173324
2.572431251322119
2.8035088547976783
2.4137995646056805
2.70143323925505
2.822579761842491
2.4164997849817103
2.2516291673878226
2.254773168630612
0.0
2.146465798504072
2.3232196723355076
2.699513850319966
0.0
2.064042639445697
2.415661470191763
1.871569948038403
1.8294732983598407
1.5744174271404585
2.3522170014624826
1.7393538721672008
2.382856063692049
0.0
1.1771245697587873
1.5535088547976783
2.389898095464287
0.0
0.0
2.457313425789235
1.7735572622751854
2.1933269522460908
1.7169642376700427
2.1266144718101816
3.070706189650282
0.0
0.0
0.0
0.0
0.0
1.2516291673878228
1.936278124459133
2.7444984515601623
2.166916263623449
0.0
1.8980933736695382
2.2892464285091583
2.771902372038559
1.7169171866886992
2.7767248000621207
2.1054105870684143
1.5916727785823275
0.0
1.061278124459133
2.3898980954642877
2.995461844238321
2.973557262275185
0.0
2.681770152125058
2.0670314951575843
2.4015915682352578
0.0
1.1487361244596448
1.8436519860846619
2.224601752714581
2.7629848743633145
0.0
0.0
0.0
0.0
2.217021885879718
1.9852281360342516
0.0
0.0
0.0
1.2916919971380596
2.1209520310264036
2.7019123424911125
2.610577243331642
2.260820318171659
1.134969974603941
2.2313365101323206
3.016875695766564
2.606238928653389
2.7016094970590276
2.438054690915721
1.7804463148460088
2.655050539417774
0.0
2.8657078222421672
2.681276369602582
2.374186306003513
2.7315075773214104
0.0
0.0
0.0
0.0
1.8024212838293647
1.0529815751302694
1.9852281360342516
1.9715936758374517
2.247084753917085
2.0340283943246895
2.5929786596998916
2.098579861712074
2.8729055953200557
2.3983029951155594
2.193680102743925
2.467720100474499
2.8962915290459277
1.6627992560224794
2.2516291673878226
0.7219280948873623
2.9532433566073992
2.439268146254097
2.311278124459133
2.440223928941852
2.35274578087187
2.072905595320056
1.9746017527145814
1.936278124459133
2.5032583347756456
0.0
1.7633584292311082
1.4516607643577668
2.41896119556797
2.610577243331642
2.0202442071537563
2.0131324651707385
2.35274578087187
1.0
3.366091329119192
2.9688840705376354
2.10845859334435
1.1540157730728
2.299159370894832
1.4179493739444216
1.768517206142466
1.868542911044892
1.590468570732828
2.107735252622104
1.9016094970590274
0.0
0.0
1.4197367178034825
1.8050365325772657
2.0225797618424917
1.319035274338866
1.3821022532543101
2.875
1.0
1.5435644431995963
2.1868085945630504
2.6586806629422504
2.1209520310264036
2.7538725787175684
3.07419834670499
2.8676708615043034
0.0
1.575114591410657
2.610577243331642
2.2988252450030506
1.4716022614097979
0.0
1.3403852530565896
1.1981174211304033
2.439268146254097
0.0
1.4299111709758698
1.1246581201547063
2.546631615393778
1.2917601481809735
1.6688388898504305
2.3242764617775693
1.768853837616
0.0
2.350209029099897
1.781937063546704
1.6879430945989
2.311789547218889
0.0
2.6022170014624826
2.1836670779209113
2.120952031026403
1.4112050925821995
1.722057213123052
2.96497606796747
2.266861689145558
3.0128163398059535
2.974937501201927
2.467720100474499
2.3695710038552735
2.699513850319966
2.660129752633257
1.7224945678306305
0.0
0.0
2.9521016432404705
2.657742726504889
2.702819531114783
2.73345859334435
2.4137995646056805
3.2195282822995477
0.0
2.021782221599798
1.5919171866886992
1.2916919971380594
2.682588730501833
2.5868878409958143
2.816340113853408
0.0
1.6266888497018317
1.5216406363433184
2.0922718656836103
2.2528265809694323
2.5162649802318
1.186278124459133
1.8763576394898522
2.019240704636849
2.6851750226924986
2.009533588307091
2.0225797618424917
2.660134891582717
2.5495234595978324
3.039148671903071
0.0
2.7720552088742005
2.897459318851017
0.0
0.0
0.0
0.0
0.0
0.3372900666170139
1.6266144718101818
2.522740045214949
2.08746284125034
2.067031495157584
1.962806631693174
1.014097655573916
0.0
0.6685644431995964
1.2516291673878228
1.4926140680171258
1.9211854965885544
2.0461796919474975
2.0131324651707385
1.96981578242681
2.742343190028752
3.3069286289678548
2.2058011089873357
0.0
0.0
0.0
0.6685644431995964
1.5628066316931741
0.0
1.75
2.422579761842491
2.303577192507669
3.2147438596633218
2.5492553971684995
0.0
0.0
2.7534343861887853
1.697338796187554
2.138688570451097
0.0
3.118078209349709
1.870253816431622
2.0225797618424917
2.7702834614222898
1.9141814370402417
2.1820058147602133
0.0
0.0
0.0
0.9463729359854419
1.4256051990169438
1.4464393446710155
1.8128876215181604
1.4237949406953985
2.451597655573916
1.9746017527145812
0.9967916319816366
2.2942740671928616
2.2475767369558093
2.427501949976853
2.2062389286533897
2.4677201004744993
2.4137995646056796
1.6282202760321463
1.9852281360342516
0.8030717273241024
3.2089873002588005
2.6644977792004614
1.5240894647661667
2.785951966654944
2.018310781820059
2.625
2.209888638014727
1.9211854965885544
2.1234786725698864
1.7633584292311082
1.9902445773602544
2.3523479118118216
2.840223928941852
0.0
0.0
2.0300872246321315
1.0529815751302694
2.7841837197791888
1.5166422780956523
2.747167197306934
0.0
0.0
2.0185405934413114
2.279799131837405
3.5952021866820063
1.6893917467430877
2.5495234595978324
0.0
1.5693078231812958
0.0
1.090652803252992
0.0
0.0
1.2917601481809733
2.1800365325772657
2.23345859334435
2.367111469779674
0.0
0.9055872616982603
1.5016144718101818
1.5216406363433184
2.2256051990169436
2.5232314287976205
2.011920928594794
1.7382689280764645
2.0670314951575843
2.4662478973127313
1.876654497859216
1.879964948727111
2.284883833375794
0.0
0.0
2.270942421748537
1.2332247882202196
1.9698157824268105
2.5492553971684995
2.3584585933443494
1.497385205007079
1.6344315043405981
1.8073549220576042
2.909685696912064
0.0
2.4137995646056805
2.125
2.1921438663169983
1.3227569588973982
2.25
0.0
2.822181958642873
2.4489148289030065
2.5550365325772657
2.4219280948873623
2.1607047528877827
0.0
1.3032782651297383
2.1607047528877827
1.311278124459133
2.1559681021459083
1.9852281360342514
0.0
0.0
0.0
0.0
1.8322628970242685
2.1967916319816365
1.7273966735744792
1.7489992230622806
2.9648894517332405
2.7238300496419843
2.555913095175825
2.165298502763165
0.0
1.6368421881310118
1.949137865273585
0.0
2.1280852788913944
0.0
0.0
1.6137129703673825
2.765957320949175
1.5424388975524361
1.949137865273585
1.965596230357602
2.288019280279689
0.0
0.0
0.0
2.5709505944546684
1.7273966735744792
1.9528195311147831
2.2389205950315936
2.656564762130954
2.4677201004744993
1.7947367178034825
2.5941178916311856
1.2958363892911637
0.0
1.5216406363433181
1.271782221599798
1.870253816431622
0.0
2.2062389286533897
1.2987949406953985
0.0
0.74959525725948
1.5503407095463881
1.0666152167384504
2.021782221599798
0.0
0.0
0.0
1.3784188527203236
1.6282202760321463
2.0329440206159575
2.127986806877675
1.9698157824268105
1.610577243331642
2.406666316740689
3.005314856894279
0.0
0.0
1.271782221599798
2.8219280948873626
1.7142977509479211
1.3244602933016414
2.5508249636484877
0.0
0.0
2.155968102145908
1.1595547523787308
1.7743974703476992
2.17111918704617
0.0
1.0783220795483648
1.9447167900528528
2.467720100474499
2.8401998765158556
1.9804820237218406
2.289246428509158
1.6840384356390419
1.3372449392958772
3.0
0.0
0.9933927290103626
1.9836369220739454
1.9301249653149701
0.0
0.0
0.0
1.4411535278793055
2.0550365325772657
2.4662478973127313
2.063458298648303
2.4225797618424916
2.362205914663769
2.7661506484543548
0.0
1.7103377769685428
1.1488348542809166
1.8248169862168622
1.626688849701832
2.9069277061719037
2.064042639445697
2.6644977792004614
1.3274847819558417
1.6337314206421327
2.1735572622751858
2.3282129458410012
2.5868878409958143
1.4904685707328282
2.270942421748537
1.0214554656116668
2.332914563979398
2.389898095464287
2.9638096525384388
2.895423870280316
0.0
0.0
0.0
1.439254017211876
0.8058576010107721
2.1820058147602133
1.456564762130954
1.9523612813926658
2.4387439204017474
2.8738717941970298
2.946439344671015
3.1458113802293837
2.289246428509158
2.0930692077718898
2.3068905956085186
3.090199876515856
1.870253816431622
2.023219672335508
2.5495234595978324
1.877387064296613
1.2958363892911637
1.9301249653149701
1.626688849701832
2.3078203984541243
2.7226082718899
2.610577243331642
1.965596230357602
1.9329145639793979
2.5044832835678306
1.9124031354161175
3.0545851693377997
1.8512268158971916
2.6644977792004614
1.59547671469767
1.9301249653149701
2.8423709931771093
2.1477309221191607
1.9728585986276301
1.6954618442383218
2.6086949695628423
1.9448220017637043
1.5055213905049434
2.0300872246321315
2.0308550939547763
2.918507780461744
1.7735572622751854
0.0
0.0
2.60845859334435
1.6729055953200562
0.0
0.0
2.3659573209491747
1.8546890001763974
1.2415101887362598
1.7360411676599226
1.950212064914747
2.3220847276178658
1.74917466839001
2.772185460511672
2.019351378763098
2.521640636343318
1.4657904693384451
0.0
0.0
2.4237949406953985
2.4137995646056805
0.0
0.0
0.0
0.0
0.0
0.0
0.0
1.1400677626718572
0.9852281360342515
1.3605273114437084
1.563721875540867
2.000900345563386
1.41379956460568
1.5744174271404585
2.8729055953200557
2.927451224964519
1.3256167917569774
2.8973741446890644
2.5492553971684995
0.0
0.0
0.0
3.9422618520788975
2.25
2.5232314287976205
2.4137995646056805
0.0
2.8423709931771093
1.3244602933016414
1.8009709569877819
2.202786552281498
1.4256051990169438
1.2344977967946407
1.5216406363433184
2.2528473736918935
1.727396673574479
0.0
1.8464393446710154
3.135821824148035
2.8221819586428727
2.524397470347699
0.0
1.9254106352407236
0.0
0.0
0.0
2.85845859334435
2.475273234346241
2.270942421748537
0.0
0.0
3.689983813571645
2.9388244881061167
1.5289659680720937
1.6597224094502603
0.0
2.8016094970590273
2.422579761842491
1.4299111709758698
1.1981174211304033
1.8585552118703146
2.1280852788913944
2.546803068996853
2.5547400461802887
0.0
2.1773206585968414
2.7777768114567865
3.0588138903312014
2.422579761842491
3.377443751081734
3.072373974942083
3.0512045596580166
2.5810134015775863
2.910992253015046
1.6893917467430875
2.378783493486176
1.7464657985040721
2.7334585933443494
3.01178247179711
3.2676304006348333
1.6893917467430877
2.1209520310264036
2.3598063039211006
2.389898095464287
2.263809173883546
0.0
2.4613201402110083
1.5694452621548822
0.0
0.0
0.0
0.0
2.0392115369481565
3.548394345536403
2.365596230357602
0.0
2.091917186688699
0.0
2.875
0.0
2.682938034936105
1.2577148214953864
2.3577970969216997
3.0105709342684834
3.039148671903071
0.8683927290103626
0.9055872616982603
1.6737949406953985
2.3588718484453604
2.469240782172285
0.9321115676166747
2.3192300332930778
3.340352852372525
2.495602923729013
1.6804820237218405
2.495838938745422
2.4622339120773513
1.992778107459939
2.396782221599798
0.9626486202142595
2.1800365325772657
1.765957320949175
2.1234786725698864
2.0634582986483037
2.0132790219068077
1.9746017527145814
2.2369837554745207
2.0306390622295662
0.0
1.9852281360342516
2.174583503614888
0.0
1.3787834934861753
3.2650179885610595
2.7544418457133455
2.8028416701725325
3.275832576851341
1.838758680915008
0.0
0.0
2.0152756746782745
2.7329145639793975
0.9182958340544896
1.483831706844689
1.0529815751302694
1.3630083113425158
2.1492553971685
2.146782221599798
0.0
1.7783283537314114
2.0202442071537563
3.077819531114783
1.7987949406953985
2.2790772800810397
2.684017280829845
1.7806390622295662
2.5450897174754092
1.7394541964918901
2.404678473063571
2.224601752714581
1.9903166968736787
2.1556390622295662
1.8547481494302034
1.4926140680171258
1.4519076150714065
1.950212064914747
0.0
2.6825064914329975
0.0
0.0
0.0
0.0
1.7464657985040721
1.3516871258043608
2.1607047528877827
2.4350626465072427
2.5703326197105736
0.9463729359854419
1.6894822670191825
1.6893917467430877
2.466247897312731
2.467720100474499
2.943762162622482
2.5108995654298583
2.3078203984541243
1.8219280948873624
1.3382689280764646
2.610577243331642
1.7821867602485988
1.6893917467430877
2.8423709931771084
2.0
2.5610181752347403
2.4371667537401858
0.0
2.108510942939859
0.7345299214394703
2.8603207778330435
2.469240782172285
1.9709505944546686
2.8729055953200557
2.18048202372184
2.350209029099897
2.5082915394494614
1.158938532350277
2.699513850319966
2.840223928941852
2.6023037954930768
0.0
0.0
1.319035274338866
0.6402064333604701
0.9141828384352135
2.036452797660028
1.4657904693384451
1.5589385323502771
1.8024212838293647
1.5566567074628228
1.9211854965885542
1.7089012526292264
0.0
1.3716407621868583
1.2534328021013377
2.7659573209491746
2.0670314951575843
2.479573958513622
2.040223928941852
1.8827069458066283
0.9463729359854419
1.5744174271404585
2.1690354219421173
2.116299605701696
2.1209520310264036
2.8729055953200557
2.377443751081734
1.9628150414142904
0.7219280948873623
2.436278124459133
0.0
2.3522170014624826
2.1022956568719473
1.9544340029249647
2.682588730501833
2.9655839357277807
1.2916919971380596
2.8962915290459286
2.7131243840367336
2.175646899398185
1.8073549220576042
2.0820075582276725
2.5058269522460908
2.4603036026364378
1.781937063546704
2.0781758650865774
2.6556390622295662
2.9086949695628417
0.9780155566622413
2.005977711423774
3.658653672248163
0.0
0.0
1.7947367178034825
2.5445313041488333
2.0729055953200564
1.94566030460064
0.0
2.1739731346044096
2.6667823920407923
2.5304930567574826
1.9864267287308424
0.0
0.0
1.1981174211304033
2.1464657985040723
1.5628066316931741
1.7360411676599221
2.3395722619867225
1.965596230357602
2.4056390622295662
0.7345299214394703
1.5628066316931741
2.271782221599798
1.75
1.856564762130954
2.263809173883546
2.498929563690935
0.0
1.206908425151817
1.2516291673878228
1.4488156357251847
1.6163485660751646
2.2569089895583545
0.0
0.0
0.0
0.0
0.0
0.0
1.2326602568158205
2.374556048381884
1.5546097612655665
1.6337314206421327
2.2516144718101816
1.5002723456084084
0.0
1.727396673574479
0.7345299214394703
1.2958363892911637
0.9402859586706311
2.5995812306460646
1.9301249653149701
2.8218881955261783
2.2584598927441624
0.0
0.0
1.992778107459939
2.186278124459133
1.3716407621868583
2.8423709931771093
1.968873874720721
1.8163401138534077
2.155968102145908
2.640521962682592
2.3695710038552735
0.0
0.0
0.9463729359854419
2.0687942075658454
2.800409726860988
3.1572500706254267
0.9402859586706311
2.311278124459133
0.0
1.870253816431622
1.692215752170299
1.272905595320056
1.5916727785823275
3.0565647621309537
2.4056390622295662
0.0
1.8751310486364097
1.8936617420542992
1.3787834934861753
1.4315602842833155
1.7166422780956525
1.8288713632524445
1.158938532350277
3.378783493486176
2.946439344671015
2.4137995646056805
0.0
0.0
1.173185867971725
1.9898980954642875
2.606238928653389
2.5495234595978324
2.495602923729013
2.48345859334435
2.467720100474499
0.0
2.2920717524577867
3.113648534511253
1.3787834934861753
2.0290465117721324
2.0684002600742826
0.0
0.0
1.7232314287976205
1.2532975784630431
1.9211854965885542
0.9975025463691153
2.949175516265019
2.1982060636123375
2.2540275278251496
2.23345859334435
2.288019280279689
2.8962915290459277
0.0
2.0550365325772657
3.1464393446710153
0.0
0.0
0.0
0.0
1.2958363892911637
1.272905595320056
1.4060075793123286
1.6973206585968414
1.807354922057604
2.384183719779189
2.029526332323075
2.8962915290459277
2.6416396727898706
0.0
0.0
1.991076059838222
0.0
0.0
1.5744174271404585
3.8587939313653945
0.0
0.0
0.0
2.3329145639793976
1.965596230357602
1.7814963295286752
1.870253816431622
2.5901998765158556
2.399397470347699
0.0
2.339572261986723
1.8423709931771084
2.422579761842491
2.602217001462482
1.7232314287976207
0.0
1.5460965775470576
1.7634893002931975
1.5744174271404583
1.5828765043125574
0.0
0.0
1.5
1.272905595320056
1.5306390622295665
2.378783493486176
2.8339272176418304
2.216039213879123
2.270942421748537
1.7843151288554941
2.4935410903536543
2.4137995646056805
1.2532975784630431
2.35274578087187
1.610577243331642
1.2958363892911637
1.838758680915008
1.879964948727111
2.0049355947431313
2.610577243331642
0.0
0.0
1.9772354454083079
2.288019280279689
2.217021885879718
1.950212064914747
2.4138338639736006
2.210973616506754
2.795855909956762
1.8352377453121174
2.96973156654413
2.3242764617775697
2.351644115153392
2.493016849144568
2.350209029099897
2.610963817725335
0.9444885341662053
1.8854752972273343
1.9746017527145812
2.1179631753145163
1.7967916319816366
1.950212064914747
2.2485731395538666
2.039353872167201
2.373735909525858
1.2958363892911637
1.904722562785332
0.0
0.0
1.2987949406953985
1.3709505944546687
2.7219280948873616
2.13831831092668
1.4886022351695134
1.5469371097526867
1.7028195311147831
1.9287705856438881
2.260820318171659
1.766150648454355
2.606238928653389
2.331766377402127
2.013132465170739
2.467720100474499
1.875
2.370699332842307
2.7679737705413543
0.0
0.8366407419411672
2.5550365325772657
2.5559130951758244
3.73534241552341
3.0107797103034635
0.0
1.4913146570363986
2.1633347891038204
1.5229571181374095
2.132764662257932
1.753972047825829
1.9057584610289318
2.754887502163469
2.0757682993781255
2.0634582986483037
0.0
1.5703612224162218
1.8895782867502309
2.2810361125534233
1.9762865966786298
1.6493974703476992
0.0
2.064042639445697
2.039353872167201
1.6530853258545932
2.8962915290459286
2.6556390622295662
1.7947367178034825
2.465957320949175
2.775838647382062
0.0
2.0306390622295662
0.0
1.4772170014624826
1.3458519893382606
1.9628150414142904
1.9852281360342516
2.022579761842491
2.2684727516311214
2.413058975455704
3.020733922370367
0.0
0.0
0.0
0.0
1.198192411043098
1.6922718656836107
2.0550365325772657
1.5916727785823275
2.2588718484453603
1.2634416050534014
2.0879430945989
2.0948567835487384
1.8638263900908156
1.5546097612655667
0.0
2.495602923729013
1.988298303438941
1.965596230357602
2.032487689168953
1.992778107459939
2.0419460322060456
0.9444885341662053
2.2062389286533897
0.0
1.272905595320056
1.7169171866886992
2.2350331890260717
1.7743974703476992
2.0131324651707385
2.4056390622295662
0.9463729359854419
2.5306390622295662
2.064042639445697
2.74894004700543
2.1739731346044096
2.8423709931771093
2.7052290027422967
2.076373190360934
1.6581296812021855
1.4112050925821995
1.576065823799483
0.0
1.6783898247235196
1.6457113704075788
1.3787834934861753
0.0
2.8962915290459286
0.0
1.2516291673878228
2.774397470347699
2.606238928653389
0.0
2.8962915290459286
2.067031495157584
1.4265732850165125
1.772074455398566
2.2084088168348623
2.3111197773146976
2.196433859300977
2.3608281424219193
2.3852155482549757
1.9672079175777324
2.363098303220162
0.0
2.2783518117113117
0.0
1.271782221599798
1.7273966735744792
1.8748587169101305
2.3082708345352603
0.0
1.950212064914747
2.2892464285091583
2.3522170014624826
2.3209853980793573
1.764097655573916
1.949137865273585
2.1735572622751853
0.0
0.0
0.0
0.0
1.2772018112022603
2.163251633606539
2.4662478973127313
0.0
2.1492553971685
1.6879430945989
2.2567796494470396
1.7273966735744792
2.1293375579196474
1.8375709402082232
2.263809173883546
2.378783493486175
1.9211854965885542
2.7698295333271825
2.8536854743878486
2.217021885879718
2.202819531114783
2.9887960570110823
0.9980008838722996
1.7360411676599226
2.472905595320056
3.2413080610846485
0.0
2.2969371097526863
2.4615217358590624
2.822069603022505
2.3523479118118216
2.872905595320056
0.0
0.0
0.0
0.0
1.0389205950315936
1.4237949406953985
2.3921472236645345
2.2062389286533897
1.41379956460568
1.9197367178034825
1.4237949406953985
1.8149798205164813
0.0
2.263809173883546
0.0
1.9657706741379202
1.8016366412706075
2.4662478973127313
2.69637022059533
2.613344262345825
2.8383386473820615
2.6831573285181993
3.006238928653389
1.8016366412706075
1.940427254908305
1.1567796494470395
3.005314856894279
2.365596230357602
2.6933448637229622
1.9948414446449676
0.0
1.7961796919474975
1.9795739585136225
2.353190671338322
2.7107770844150676
1.7028195311147831
2.217021885879718
2.0875766428471136
3.09306920777189
1.915885150264076
1.3716407621868583
1.7735572622751854
1.9152611543949905
1.742539175112463
3.197159723424149
3.321881085402018
2.123199115426226
2.2311304565232914
1.8352377453121174
1.7273966735744792
3.2618423904633667
3.2070335175054456
1.771782221599798
1.4256051990169438
2.0670314951575843
2.1116189667841123
1.5216406363433184
0.5916727785823275
1.9795739585136225
2.7898980954642876
1.2958363892911637
2.270942421748537
2.495602923729013
2.8073549220576046
1.822815600352516
2.8423709931771093
2.077235445408308
0.9587118829771318
3.006238928653389
2.2920966889958763
1.2309595631140104
3.0496434903989615
0.0
2.7395722619867224
2.18680859456305
3.1556390622295662
1.271782221599798
2.9621125200283
1.2567796494470396
3.039148671903071
2.290611576049492
2.5735572622751848
2.467720100474499
0.8569957178540346
1.60683227831811
1.9628150414142902
2.2890179898186576
2.8258459340407494
2.4410685859554375
1.8012693629222505
2.2988252450030506
1.8565647621309542
0.0
1.7169171866886992
1.807354922057604
2.417459319338487
0.0
2.4137995646056805
1.5744174271404585
1.2567796494470393
1.7002237262558648
3.0
2.1055872616982603
1.5809743038999018
2.7185463540765222
1.4913146570363986
2.1266144718101816
2.464385292821944
2.7272170014624826
1.5306390622295665
0.0
1.230462381972166
1.176065103715944
0.0
0.0
0.0
0.0
0.0
0.0
2.054445922376683
2.3086126988727123
2.6337314206421327
2.3593667550283692
2.4522994498863815
2.2115030678256895
2.217021885879718
2.472905595320056
2.542328989413759
2.708694969562842
2.040223928941852
2.8729055953200557
2.9217897106839215
2.142807090162227
1.7028195311147831
0.0
2.270942421748537
1.3821022532543101
2.4056390622295662
0.0
1.868485604847367
2.615724605447171
2.0134893002931977
2.0634582986483037
1.7695459925589747
2.606238928653389
2.2988252450030506
1.0949143184120975
1.7169171866886992
1.8352377453121174
1.978430973342977
1.9740140520649856
0.0
0.0
1.3752793655393791
1.7783283537314114
1.5916727785823275
2.288019280279689
1.8937666738014507
2.1967916319816365
2.827819531114783
0.7732266742876346
2.5224358573884715
2.6384600665861555
2.199086165113526
0.0
0.0
0.0
1.9068905956085187
2.4225797618424916
2.85845859334435
1.7401363754207824
2.733206219346495
1.5916727785823275
2.3695710038552735
2.8423709931771093
2.332914563979398
2.467720100474499
2.592081826851456
0.7345299214394703
2.415922063835166
0.0
3.1416192081839784
2.311278124459133
0.9886994082884974
1.2638091738835462
2.303701696057348
2.1800365325772657
1.5628066316931741
2.256564762130954
1.5451936105874193
2.2860082711099534
0.0
1.4772170014624826
1.2638091738835462
2.0957149145815652
2.4962058480965483
3.011008214982762
2.692380602454975
2.231401845392172
2.0419460322060456
1.9546859469463558
2.8464393446710154
2.077819531114783
2.170107308849152
2.0634582986483037
1.907516971950949
1.950212064914747
1.6894822670191825
1.9920139962755845
2.880242298942895
2.333775615611495
1.272905595320056
2.3082708345352603
1.8638263900908156
1.8250112108241772
2.1179631753145163
1.4098449412673983
0.7345299214394703
2.577819531114783
1.3262414919702752
0.0
1.8073549220576042
1.9852281360342514
2.8962915290459277
3.006749918638778
1.7884504573082893
2.75
2.305958492868042
2.840223928941852
2.2892464285091583
2.0419460322060456
1.640223928941852
1.4345491399952024
2.0202442071537563
0.0
0.37123232664087563
2.465069461815837
2.5
2.672399104556455
3.3216011382271864
0.0
1.0949143184120975
1.2516291673878228
1.2415101887362598
1.4079824483474699
2.615319618251277
2.5895183026895365
2.615319618251277
2.7107770844150676
2.549787381523038
2.615319618251277
2.5895183026895365
2.5895183026895365
3.106890595608518
2.615319618251277
2.549787381523038
2.9735572622751847
2.615319618251277
2.5895183026895365
2.5895183026895365
2.549787381523038
2.615319618251277
2.549787381523038
2.549787381523038
2.549787381523038
2.549787381523038
2.549787381523038
2.549787381523038
2.5895183026895365
2.6688388898504303
2.615319618251277
2.784010874644601
2.6294817080809567
2.8464393446710154
1.4966407621868583
2.5492553971685
2.713124384036734
2.9735572622751847
2.9735572622751847
2.6632908081776594
2.974231084433338
2.5724312513221195
2.270942421748537
2.099601752714581
2.5995812306460646
2.0306390622295662
2.689246428509158
2.1474090711040166
1.2475562489182659
2.124429189186364
3.039148671903071
0.0
2.1800365325772657
0.0
2.350209029099897
2.625726425198104
0.0
1.5353095429737658
0.0
2.5032583347756456
2.339572261986723
2.098579861712074
2.35274578087187
1.8753156176197312
3.4464393446710155
1.186278124459133
0.9055872616982603
2.2062389286533897
0.0
2.4980775466236413
2.4225797618424916
1.1994602933016414
1.540807219790588
1.272905595320056
2.2584598927441624
2.495602923729013
0.0
0.0
2.4237949406953985
2.378783493486175
2.2492870686521593
1.6879430945989
2.3908636968570445
2.1055872616982603
2.6565647621309543
2.260820318171659
2.260820318171659
2.260820318171659
2.260820318171659
2.260820318171659
2.260820318171659
2.260820318171659
2.260820318171659
2.260820318171659
2.260820318171659
2.33012496531497
2.74771279763467
2.74771279763467
2.74771279763467
2.74771279763467
2.74771279763467
2.74771279763467
2.6746307003312033
2.064042639445697
2.6701188915748095
2.217021885879718
1.9301249653149701
1.8322488896002305
1.6660563421790617
0.0
1.1488348542809166
2.0930692077718898
2.1055872616982603
2.311278124459133
1.8895782867502309
0.0
2.146782221599798
1.9189370966640706
1.8221189251103271
0.0
1.9434206552075692
2.1800365325772657
2.146465798504072
2.9274512249645186
1.7735572622751854
0.0
2.374556048381884
2.1418215960223486
1.6704644447746344
1.9628066316931743
1.7280260015441264
2.256564762130954
0.0
1.6783898247235196
2.6475921473084956
2.3522170014624826
0.0
0.0
2.4137995646056805
2.7923766229704454
2.0831774840171216
