Shannon_Entropy
1.4488633018457302
0.5032583347756457
1.6404974280872366
1.5752061585391703
1.2309595631140104
1.532419498446859
1.5
0.7345299214394703
1.5149388591578226
1.272905595320056
1.2326602568158205
1.6030242373675734
1.384431504340598
1.5052838498690502
1.9051420496788538
1.56151018873626
1.9894908719265076
0.5225593745369408
1.5137847242254339
1.4223470349805576
0.3372900666170139
1.49692754611459
1.2741912122206154
1.6541881272613423
1.7433927290103626
1.7232063399115263
1.4716022614097979
0.9402859586706311
1.8915763120776685
1.3294340029249652
1.311278124459133
1.7527152789797045
0.7793498372920851
0.9494520153879484
1.4197367178034825
1.4294732983598406
1.1220908699584855
1.3752793655393791
1.8316299222636485
1.2366407419411674
1.9005717488083727
0.3372900666170139
1.3968026688153785
0.345117314944953
1.7445842076889957
1.550320971251336
1.7034651896016473
1.7994427194787626
1.3690297765932318
1.2210477851797181
1.5779772001172403
0.8795064608120066
1.6709505944546688
0.9780155566622414
1.2754245365381236
1.416361954434675
0.0
0.0
1.8920795639257109
0.9664516287472262
1.4466479595102752
1.3244602933016414
1.856103445314211
1.1965094976219794
0.8997437586982626
0.3372900666170139
1.5534845018187062
1.2970892603744264
1.0681873374585056
0.39124356362925566
1.5700578392573044
1.6467176228373717
0.5907239186406502
1.4783828541831574
1.4897221636136735
1.2908520829727552
1.2366407419411674
1.3244602933016414
1.7907148496715317
1.8990149311795161
1.363120568566631
0.7424875695421236
0.0
1.6577427265048887
1.497385205007079
1.5289659680720937
0.998363672593813
1.5305145360666694
0.9852281360342515
1.8364665159366838
1.7224945678306305
1.061278124459133
1.5324194984468593
1.9334975949679492
1.7924812503605783
1.5569010760354054
1.0892300788425848
0.41381685030363374
1.7080986635018058
1.8618540887146815
0.2974722489192896
0.863120568566631
0.6840384356390417
0.8403586716091171
1.5700578392573044
1.3633800759802648
1.7349318561521048
1.7224945678306305
1.2072100267448116
0.0
0.9451696091196163
0.0
0.9463729359854419
0.35335933502142136
1.4329831210560051
1.428794734004785
1.446251711459046
1.5916587014077148
1.490468570732828
1.4516607643577668
1.7033848993102918
0.0
1.6577427265048887
0.7424875695421236
1.734111152870701
1.9792824271730933
1.4814897165319587
1.383099991189334
0.9957274520849255
0.0
1.4516607643577664
0.8030717273241024
0.9055872616982603
0.0
1.2577148214953864
0.9612366047228759
1.7224945678306305
1.4236725926912006
1.0957952550009336
1.8024677973715657
1.4190352743388661
1.4256051990169438
1.6636046175975003
0.0
0.6193821946787638
1.061278124459133
1.0214554656116668
1.058277043226334
1.631904586941773
1.2674438038072338
1.543751954420502
1.6282202760321465
1.321606958388347
1.4836591643979626
1.2419460322060458
1.9825371387877464
1.4294732983598406
0.934068055375491
0.8112781244591328
1.397117414050501
1.7652465283787413
1.003776107012657
1.6171895725927152
0.9366673818775626
1.7224945678306305
1.400501389930559
1.4039904575514162
0.9182958340544896
2.420406227457096
1.8824373408045867
1.7636596133999978
1.5577277787393193
1.5683182557028439
1.311278124459133
1.6578764348499595
0.0
1.6954618442383218
1.3699740752745009
1.9510115182719732
1.824816986216862
1.7224945678306305
1.7723388509380995
0.4021791902022728
1.2145404077952502
1.3699740752745009
0.9182958340544896
0.0
1.7223991560653202
0.0
1.208830175294948
1.4716022614097979
1.5943029514736249
0.39124356362925566
1.198192411043098
1.402081402756032
1.4772170014624826
1.7142977509479211
1.914828640717357
0.6722948170756379
1.5430657843695366
1.6282202760321463
1.6779842806377734
1.1606586502711562
1.1981174211304033
1.4913146570363986
1.4056390622295665
1.785227892260356
0.0
1.839622465782869
1.8170594523438588
1.6234651896016474
0.9463729359854419
1.3370328706441053
1.8004422822781616
1.585197859209209
1.1941737342569119
1.891346433249389
1.4832261969709113
1.9358011307048992
1.5055213905049436
0.41381685030363374
1.8016767850079793
1.716047706294417
1.4366664819166872
1.5577277787393193
0.6193821946787638
1.3663146570363986
1.590468570732828
1.215533232382473
1.6784124677945969
0.6193821946787638
1.0
0.0
1.2366407419411674
1.7709505944546686
1.404678473063571
1.4553467891236884
0.590121388395226
1.7062344991659344
1.0975378398419535
1.6152452768827619
1.6107482339528836
0.7424875695421236
0.0
1.779907716207443
1.6409310976167812
1.6482387129958878
1.3699740752745009
1.5487949406953985
1.5198391430437928
1.2987949406953985
1.9064514568588302
1.672629192274968
1.3244602933016414
1.8009709569877819
1.3588407364298163
1.8097455408415875
1.7730114897389875
0.0
0.9463729359854419
1.4411665441579466
1.4345491399952024
1.7224945678306305
1.3752793655393791
1.5219280948873621
0.9463729359854419
0.7732283485249176
1.061278124459133
0.0
1.1819141738305752
1.3695315041510037
0.9976267918964659
1.311278124459133
1.9101579502566837
1.4002582326102067
1.3752793655393791
0.0
0.9182958340544896
0.8112781244591328
1.4904685707328282
1.2604408810349512
1.3361742222619
1.7224945678306305
0.0
1.8250112108241772
2.1280852788913944
1.0
1.0892300788425848
0.4689955935892812
1.0892300788425848
1.914265041002201
1.7490339557881076
1.1488348542809166
1.6794293668139548
0.5032583347756457
1.657742726504889
1.54515219719895
1.379877637552799
0.2460225782203316
1.8802704430860202
1.4083445441575106
1.5487290032420458
1.6541881272613426
1.706175026531343
2.0314018453921716
1.466133997652441
0.9852281360342515
1.4716022614097979
0.7793498372920851
1.5954618442383217
1.584962500721156
1.5577277787393193
1.6437519544205021
1.5016144718101816
1.3233641945259922
1.2009102795095283
1.428794734004785
1.7136037764193532
1.4466479595102752
1.6107482339528836
0.5489544344250401
0.9444885341662053
0.6500224216483541
0.7755126581331477
1.7047668562193679
1.683240358011977
0.7793498372920851
1.372887960626887
1.5166422780956523
0.0
0.39124356362925566
0.943890815994469
0.0
1.4836591643979626
1.3968026688153785
0.0
1.7098759370157945
1.7665504966998746
1.192250860234642
0.0
0.0
1.740653050325335
1.6633513647663403
1.3716407621868583
1.5822346742454096
1.404678473063571
1.2987949406953985
1.7925730902686046
0.0
0.0
1.6627992560224794
1.5221898721658211
1.4197367178034825
0.5916727785823275
0.8569957178540346
1.6577427265048887
0.6193821946787638
1.2419460322060458
1.5694452621548822
1.7006568218843343
1.532914563979398
1.3221793455166666
1.8047604500341234
1.646798729322978
1.5678183759027002
1.734111152870701
1.7798299876761599
1.7040386490267634
1.6922686281326946
1.728282381065477
1.646798729322978
1.7002237262558648
1.624821327228443
1.5727683138330129
1.207518749639422
1.643252475785101
1.4411665441579466
1.7895341619085974
1.8380398168981547
1.4294732983598406
1.1904924696318402
0.8180959929710641
1.7843151288554941
1.5016144718101818
1.0681873374585056
1.612197222702993
0.9780155566622414
1.3355055565170972
1.1216407621868583
1.9268680175017443
0.9132829641650988
1.7956828983511028
0.7793498372920851
0.8904916402194913
1.8079045751188838
0.863120568566631
1.9299533811047405
1.2366407419411674
1.379558855444687
1.6578764348499595
1.657742726504889
1.3599924922184878
0.3372900666170139
1.9663236712849366
1.5492111247114508
1.2516291673878228
1.88083816621909
0.0
1.115520093581932
1.3294340029249652
1.647730922119161
1.5394705707972522
0.8112781244591328
0.9709505944546686
1.1542221846835221
1.4594316186372973
1.3995812306460644
0.23519338181924143
1.7990077544108969
1.5224639918491387
1.311278124459133
0.9976267918964659
1.4355205042826666
0.4394969869215134
1.5275070675902451
1.9194762135576875
1.6113834567195195
1.404678473063571
1.969810703872047
0.9933927290103626
1.5683665223594052
1.5569010760354054
1.3699740752745009
1.4558681898088421
1.4657904693384451
1.6276575936849547
1.6137129703673825
1.4800836951874476
1.857234960124469
1.4294732983598406
1.3896749186460426
0.0
1.4034099330298797
1.4854752972273344
1.495538029919111
1.6677527782585484
0.6193821946787638
0.4798320236161285
0.6998428398862386
1.1464834066027543
1.7105469665065995
1.4675493083185953
1.1219280948873622
0.4394969869215134
1.3713146886497212
1.4567796494470395
1.5193308322365362
1.5099686126368168
1.014097655573916
1.3699740752745009
1.5574319619297041
0.7793498372920851
1.4788979029874791
1.3563429881688325
0.0
0.0
1.267931645520725
0.8904916402194913
0.39124356362925566
1.8841273467338053
1.1500617154483042
2.08282985618071
0.0
0.0
1.061278124459133
1.5737888130660205
1.7224945678306305
1.695689304536347
1.386274093895968
1.1981174211304033
1.5016144718101818
1.4591479170272448
0.7907669479360189
1.3699740752745009
1.7363918270255536
1.5016144718101818
1.404678473063571
1.8513747769406534
1.9644052674484187
0.6500224216483541
1.014097655573916
1.5304930567574824
1.437181403208764
1.7490339557881078
1.432655235722093
0.0
1.7098759370157945
1.3699740752745009
1.4913146570363986
1.5052408149441479
1.3599924922184878
1.3355055565170972
1.331237061506163
1.5016144718101818
1.383866329597683
1.5678183759027002
1.7273536033721064
1.4591479170272448
1.456564762130954
1.4098449412673983
1.014097655573916
1.272905595320056
1.563202089984486
1.4716022614097979
1.2639334294856335
0.74959525725948
1.6014465249842875
1.9677648376739316
1.1971594382081292
2.154751027863945
1.7132463024570679
1.6253785496437987
0.0
1.2210477851797181
1.4179493739444216
1.0869877023399053
0.0
1.371314688649721
1.0892300788425848
1.5676898236494567
1.2772018112022603
1.3199958387470214
0.0
0.6402064333604701
1.4237949406953985
0.7793498372920851
1.578897902987479
1.0350402793845221
1.765246528378741
1.562860565632466
1.4603721872403521
1.6503255293408436
1.6139196316024074
1.6784124677945969
1.6430741894285699
1.2640886121123147
1.8250112108241772
1.683240358011977
1.8020456244375826
1.5052408149441479
0.35335933502142136
1.6073063324403511
1.688035144392618
1.3814608545340696
1.5969590115213375
1.679429366813955
1.841673479476989
1.4716022614097979
1.876654497859216
1.4197367178034825
1.7389832426388456
1.2993633238421212
1.4591479170272446
1.0
1.9102699414555262
1.5694452621548822
1.678877477405748
1.765246528378741
1.4793852096543112
1.6387586809150083
1.3752580686696534
0.4394969869215134
1.209294386555767
1.2997367636952522
1.437092708153044
1.608700165519891
1.3821022532543101
1.3328204045850196
0.6500224216483541
1.720175521464345
0.6500224216483541
1.6130876138583303
1.2059413017339653
0.3372900666170139
1.3527241956246545
1.6382533594712747
1.4294732983598406
1.0472024795701151
1.167267423822269
0.9957274520849255
1.076597655573916
1.6821501304958755
1.6137129703673825
1.59547671469767
0.0
0.24229218908241482
1.7060075793123284
1.9795739585136223
1.7868365920343188
1.63917720673691
1.439254017211876
1.1981174211304033
1.8799649487271108
0.9737837298712213
1.2640886121123147
1.4591479170272448
1.2366407419411674
1.8535681581652277
1.4494770942301447
1.3995812306460644
1.445280383848826
1.2516291673878228
1.2344977967946407
1.7363568979772654
0.9182958340544896
1.6805563732659934
1.3361602543738118
1.2361862832554125
1.7634893002931975
1.1191194231256714
1.3727069617019703
2.1117374334224666
1.4316452370847126
1.4806821149663847
0.5435644431995964
0.0
0.0
1.9423597120896154
0.4394969869215134
1.2615444195758783
1.8859768596329827
1.5289659680720937
1.014097655573916
1.5904089083037356
1.5027469851224096
1.456564762130954
1.5469371097526867
1.7332062193464954
0.41381685030363374
1.3699740752745009
0.41381685030363374
0.8112781244591328
1.2366407419411674
1.3699740752745009
1.3244602933016414
1.061278124459133
2.0772381508465254
1.4112050925821995
1.5166422780956523
1.0892300788425848
1.4839904575514162
1.483226196970911
1.5220552088742005
1.5813628169624045
1.3699740752745009
0.9912642605354287
0.5435644431995964
1.8703403030854326
1.5229571181374095
1.224394445405986
1.2803301792260264
1.6794293668139548
1.5943609377704338
0.3227569588973982
0.9912642605354288
0.9132829641650988
1.4567796494470395
1.5288018145253182
1.6423714487439018
1.1812908992306925
1.5577277787393193
1.6158045319402516
1.9400726873486538
0.41381685030363374
1.6152502650882519
1.3689955935892815
1.3917601481809734
0.6500224216483541
1.4466166676282084
0.0
1.7814963295286752
0.0
1.5739889616503064
1.6610896727583333
1.321606958388347
0.3227569588973982
1.5451936105874193
1.8240460500219924
1.2419460322060458
1.103307408607834
1.4294732983598406
1.07273728622321
1.1219280948873622
1.5016144718101818
1.0949143184120975
1.3377780971924957
0.41381685030363374
0.8403586716091171
1.0709824725244914
1.2419460322060458
1.8495291547981068
1.6048926650285
1.4387586809150081
1.311278124459133
1.321606958388347
1.3361602543738118
0.5665095065529053
1.2949950747154697
1.422430709727246
1.6183941088363931
1.014097655573916
1.4083445441575104
1.9300801441115987
1.7135971524443743
2.158222675578688
1.9000045546518303
1.8130502844998189
0.0
0.9852281360342515
1.401475275184332
1.786080697230572
1.5227119556807576
1.7822287189138015
1.6420325746664763
1.3752793655393791
1.4112050925821995
1.578897902987479
1.3244602933016414
1.997224320061398
2.0805576533947314
1.2577148214953864
1.7582975708748247
1.5535088547976783
1.2997367636952522
1.0889252905968951
0.9933927290103626
1.7676503615477757
1.5451936105874193
1.0892300788425848
1.8353362134321412
1.1216407621868583
0.9957274520849255
1.7566238110793633
1.7185245450398738
0.5689955935892812
1.4158209991620063
1.6107482339528836
1.5227119556807576
1.3244602933016414
2.049452072789394
1.220728902106009
1.5683182557028439
0.9567657083663145
2.0283997395768854
0.7553754125614287
1.5226544895821938
1.7464353842388933
1.8009709569877819
1.9401007535076198
1.5404328359334565
1.5919171866886992
1.3699740752745009
1.5055213905049434
1.4320062125405801
2.0368233459434153
1.2366407419411674
1.4329283087286118
1.3534485046116533
0.0
0.7793498372920851
0.8683927290103626
0.4854607607459134
0.9218339291539106
1.4130884364257577
1.6805563732659934
1.0
1.7990077544108969
0.9274479232123118
0.41381685030363374
1.6960736118322672
1.6444492199495462
0.8112781244591328
2.079627536341357
1.604306895313052
0.39124356362925566
1.7527606952524717
1.8255729210565663
1.5785711461308494
1.1772189178499455
1.428794734004785
0.41381685030363374
1.6625056054120886
2.2755643356120654
1.4197367178034825
1.9356468993981848
1.5325732575026199
1.1296938769174603
1.4256051990169436
0.4394969869215134
1.4567796494470395
1.1401156785146092
0.8865408928220899
0.0
1.3615419333359275
1.681131085144026
1.4256051990169438
1.272905595320056
1.684302438282819
1.5416892248400094
1.1941737342569119
1.5600259571974036
1.6867991444670907
1.7000878402726547
1.6567796494470395
1.4716022614097979
1.4836591643979626
1.2961089847004374
1.4464393446710155
1.6898914910349165
1.7068958789995876
1.4772170014624826
1.7334834339268832
0.41381685030363374
1.941645521915528
1.6277637415297184
1.8931558784658322
1.7688555892617415
1.4108478748063633
1.1164183955577662
0.6840384356390417
1.5739889616503064
1.6107482339528836
1.4689955935892813
1.672629192274968
1.7822287189138015
1.6125474873813834
0.0
1.7551201518045438
0.0
0.41381685030363374
1.6137129703673825
1.897588020029088
1.4716022614097979
1.2109995356350123
1.8364665159366838
1.5577277787393193
1.5016144718101818
1.8240460500219924
1.4955380299191112
1.603759374819711
1.6183941088363931
1.3971096255841837
1.4657904693384451
0.0
1.5285040787412214
0.0
0.7742433029172697
1.4613005461074873
1.476120721149274
1.4391506936400034
1.548360257234907
1.4373770511116049
1.617189572592715
1.5396082787805783
1.6321654021612106
0.8683927290103626
1.3821022532543101
1.528801814525318
0.5435644431995964
0.0
1.5416892248400094
1.7291353321499974
1.6514812425365815
1.3605273114437082
1.0949143184120975
1.6942398579365001
1.553415107256423
1.198192411043098
1.0389205950315936
1.4516607643577668
1.3716407621868583
1.711212904263819
1.311278124459133
0.0
1.3607362985857818
1.768853837616
1.2474130276286102
1.5607209299833698
1.47100725616386
1.6856161633204378
1.5243166733459836
1.6411537317874583
1.5813432267683
0.951994081908783
1.6437519544205021
0.41381685030363374
1.2366407419411674
1.642423961771975
1.3127443531093745
1.2086489509530647
1.189731916820733
1.4717374334224662
1.3931271734483175
1.4716022614097979
1.4716022614097979
1.54515219719895
1.7224945678306305
0.4394969869215134
1.5621213500372428
1.528368899209021
0.3227569588973982
1.2532975784630431
0.7793498372920851
0.6998428398862386
0.8112781244591328
1.5980505277442498
1.834530591664282
1.1540157730728
1.9242299136001453
0.9612366047228759
1.2210477851797181
1.3970574189813383
1.643751954420502
0.691289869405789
1.1687997226410385
0.6193821946787638
1.3954618442383218
1.6854752972273346
1.6049355947431312
1.437181403208764
1.4618602772540858
1.5535088547976783
1.4256051990169438
1.7247564826032797
0.7793498372920851
0.9967916319816366
1.531919635975994
0.37123232664087563
0.9305861291319928
0.7195563653739032
1.2285763800288916
1.3821022532543101
0.9055872616982603
1.5198528801243487
1.971747257128181
0.0
1.8918521728839344
0.4537163391869448
0.4394969869215134
1.7177602521413333
0.6402064333604701
1.8192407046368488
0.5435644431995964
0.0
0.6193821946787638
1.5693078231812962
0.8119405281230441
0.0
1.9591479170272446
1.6788979029874789
1.846093587042454
1.6804820237218405
1.457424881409171
1.5725552071907911
1.8834398781316906
1.6068322783181097
1.7617458011279303
0.7732266742876346
1.552389217314685
1.5372952641634292
1.6395862451836645
1.7205078555163835
0.9933927290103626
0.9463729359854419
1.5574319619297041
1.524723196190908
1.4415964871265927
0.0
0.41381685030363374
1.6636046175975008
1.437790870901344
0.2974722489192896
1.29832083155414
1.2987949406953985
1.3716407621868583
1.4516607643577668
0.9530138853315971
1.54515219719895
0.9975025463691153
1.6382533594712747
1.5537631144722455
1.8918521728839344
1.0949143184120975
1.3602492629180993
0.7219280948873623
1.736583320535582
0.7732283485249176
1.3699740752745009
1.7676503615477757
1.5455354215539245
1.784315128855494
1.192250860234642
1.2992294713735344
1.5020352759844962
0.7793498372920851
1.6520202738410539
0.7345299214394703
1.535348467053458
0.6402064333604701
0.41381685030363374
1.8158547401199892
1.8007225837732121
1.6503255293408436
1.6627992560224794
0.39124356362925566
0.0
0.9852281360342515
2.0524915398576344
1.1981174211304033
1.1401156785146092
1.3995812306460644
1.9001403722466925
1.4292750707107136
1.3605273114437084
1.733775615611495
1.958542981880303
0.3372900666170139
0.9182958340544896
1.103307408607834
1.3446296954942136
1.6804820237218405
1.5699740752745008
1.6950355658756875
1.0389205950315936
1.6391183950780281
1.2896085583481507
1.4674579648482995
1.528801814525318
1.0
1.7886514609637496
1.6329026691198367
1.5275070675902451
1.8097238785956846
0.9219280948873623
1.7147202632688487
1.4237949406953985
1.753405059919393
1.7431125700076544
1.5404388162579377
0.6051865766334206
1.5683182557028437
1.880872802197072
1.476120721149274
1.441786128982185
1.4618381992568747
1.3605273114437082
0.228538143953528
0.39124356362925566
1.061278124459133
1.7323082253324757
1.7379333349523614
1.62534897164364
1.0389205950315936
1.5324194984468593
1.8615070707589396
1.5592569301977197
1.5760265940517133
1.7358687167112332
1.6052067078749124
1.7576710282239203
1.7580364512459388
1.8499345666620646
1.7673810183899576
1.774217358340541
1.8559165877780939
1.878255869481549
1.8339528308733521
1.3752793655393791
1.6253785496437985
1.771760518286793
1.8499345666620641
1.9074407377797058
1.8600594603176297
1.8600594603176297
1.722936573945513
1.8564036841298914
1.8353362134321412
1.7842446932082967
1.8365784015507678
1.8353362134321412
1.722936573945513
1.8365784015507678
1.7689381692932875
1.8499345666620641
1.722936573945513
1.8516222824678443
1.921937109752687
1.9257171357173117
1.8600594603176297
1.8353362134321412
1.7842446932082967
1.722936573945513
1.722936573945513
1.8365784015507678
1.8024669627236165
1.950885201483158
1.6603946207633031
1.3752793655393791
1.2419460322060458
1.6337314206421327
1.0892300788425848
1.1911690666169847
1.4135819199522097
0.6402064333604701
1.4674579648482995
1.595461844238322
1.7854752972273342
0.8306021151458061
1.2326602568158205
1.2475562489182659
1.716047706294417
1.661932872373582
1.0949143184120975
1.8774487457092885
1.4256051990169438
1.2448406699719212
0.954434002924965
0.74959525725948
1.860964047443681
1.3294340029249652
1.3699740752745009
0.7345299214394703
0.8030717273241024
1.2309595631140104
1.2210477851797181
1.4256051990169438
1.6788979029874789
1.7712589600219497
1.996027777693686
1.1216407621868583
1.3792804872910602
1.1981174211304033
1.3633800759802648
1.3752793655393791
0.951994081908783
1.272905595320056
1.1216407621868583
0.39124356362925566
1.7725153511948017
1.158938532350277
1.404678473063571
0.0
0.7345299214394703
1.4294732983598406
1.0214554656116668
1.4832261969709113
1.404678473063571
1.4906401825684292
1.301240785481462
1.350116448800597
1.6841837197791887
0.9274479232123118
1.3917601481809734
1.8085947862963574
1.0063907096648228
1.690240172266613
0.9182958340544896
1.6137129703673825
1.2987949406953985
2.0273941713765185
1.683240358011977
0.747584679824574
0.7732283485249176
1.5331076715155763
1.8444783118555492
2.13077533100896
1.3244602933016414
1.8416734794769887
1.0949143184120975
1.8192407046368488
1.402081402756032
1.549211124711451
1.5289659680720937
1.5915398572273523
0.9917601481809735
1.3056334087653163
1.208830175294948
0.0
1.7221230673051187
1.367752615914034
0.9912642605354288
1.3699740752745009
0.41381685030363374
0.6193821946787638
0.9463729359854419
0.0
1.9862949406953985
1.1595547523787308
1.413816850303634
1.4832261969709113
1.8437519544205019
1.6627992560224794
0.4537163391869448
0.4394969869215134
1.7713560220214335
1.6282202760321463
1.192250860234642
0.7219280948873623
0.9886994082884974
0.8366407419411672
1.571346433249389
1.7858063886958977
1.2607717938967942
1.7282308649180784
1.468090781663233
1.3728879606268867
1.0892300788425848
1.4519076150714065
1.0676111603502403
1.3056334087653163
1.6960736118322672
0.5916727785823275
0.35335933502142136
1.1488348542809166
1.4574248814091713
1.5275070675902451
1.9276942711037668
1.3050416913014387
1.7187828921272557
0.41381685030363374
0.4394969869215134
1.8679653582397107
1.4256051990169438
0.0
1.3713146886497212
1.6031649549155953
0.8886865525783176
0.9912642605354288
1.722266311943983
1.4152689500270954
0.9980008838722996
0.8166890883150209
1.3382689280764646
1.8390343235579991
1.2366407419411674
0.5665095065529053
1.547897627500467
1.3092966682370037
1.134969974603941
1.131314688649721
1.9766480916739717
1.6166422780956524
1.4882607163738673
1.7884233867221702
1.3821022532543101
0.0
1.4657904693384451
0.9626573844450642
1.456564762130954
1.613193861095465
1.938983606387077
0.9751190649408661
1.383099991189334
1.7178267443346074
1.6349288300680025
1.2471047436314369
0.9967916319816366
0.7793498372920851
1.2344977967946407
0.9402859586706311
1.4387586809150081
1.4969152532855432
1.931584071702181
1.8854752972273343
1.7187828921272557
1.4567796494470395
1.450467463408549
1.7959924664401181
1.321606958388347
1.3792804872910605
0.9402859586706311
1.8098225451324987
0.362051251733998
1.7918789923728298
1.4716022614097979
1.2419460322060458
1.5016144718101818
1.4185644431995963
1.3411548353945062
0.41381685030363374
1.1425175164144374
1.3500996096414135
1.4882607163738673
1.8191855110932742
1.8282344370732122
1.3472230399326601
1.54515219719895
2.02092060716391
1.3752793655393791
1.6805563732659934
1.1242592373746325
1.7224945678306305
1.3787834934861753
1.702572560264057
0.9182958340544896
1.6282202760321463
1.4716022614097979
0.3372900666170139
0.6722948170756379
0.6699250014423124
0.0
0.4689955935892812
1.4185644431995963
1.5055213905049434
1.3752580686696532
1.5828920259075365
0.0
0.4394969869215134
1.7917374334224665
1.6277637415297184
0.828055725379504
1.192250860234642
1.5929400908928628
0.6292492238560345
0.9463729359854419
1.3372449392958772
1.642423961771975
0.0
1.635845326292259
1.0892300788425848
1.4657904693384451
1.6675897585466832
1.997224320061398
1.4207698111459766
1.7197178887549165
1.2455547971375829
0.9912642605354288
1.5055213905049436
0.0
1.6729330318733675
0.41381685030363374
0.6488989277142435
1.5083826242427791
1.5365148255599745
1.5016144718101818
1.442508097190614
1.54515219719895
1.612197222702993
1.158938532350277
1.3716407621868583
1.8287696364217316
1.3779630390761746
1.2419460322060458
1.1863137138648348
0.863120568566631
1.8005536741835049
1.0529407605626346
1.5221898721658211
1.5822359560770862
1.7778888545281915
0.954434002924965
0.0
1.1488348542809166
1.0949143184120975
0.4394969869215134
0.7345299214394703
0.0
1.6087001655198914
0.9612366047228759
1.7695459925589747
1.6597218324096137
0.0
1.708098663501806
1.5016144718101818
1.4716022614097979
1.8233134197163956
1.7491409325218195
1.653660689688186
1.657742726504889
1.456564762130954
1.6709505944546688
2.008805622540176
1.7723388509380995
1.4098449412673983
1.4652556501132248
1.0529815751302694
1.3603059777020794
1.4373770511116049
0.35335933502142136
1.7709505944546688
1.4609640474436811
1.7333557549816876
1.3821022532543101
1.857156314358455
1.7047668562193679
1.5694452621548822
1.8166422780956524
0.8904916402194913
0.35335933502142136
1.7502049129484882
1.3571305013426214
0.0
1.4913146570363986
1.7294468445267843
1.7224945678306305
1.6052067078749124
0.7793498372920851
1.9532654793870368
1.6962362927712482
1.5837579847456593
1.6956893045363468
1.3792804872910602
0.28639695711595625
1.3355055565170972
1.6753362134321412
0.0
1.7201755527081781
1.1829857654994849
1.682841657441665
1.5783898247235197
1.5285040787412214
0.988180837004676
1.3752580686696534
0.5131851787372753
1.709282221599798
1.5739889616503064
0.6193821946787638
1.1595547523787308
0.9366673818775626
1.9300801441115987
1.0529815751302694
1.7346939516467024
0.39124356362925566
1.5569010760354054
1.2210477851797181
1.8255729210565663
1.404678473063571
1.3995812306460644
0.74959525725948
1.4788979029874791
1.6692462556711996
1.3946565044459276
1.62864574657914
1.4373770511116049
1.4969275461145894
1.4941800941150334
1.3935632931006345
0.0
1.7313600291909115
1.208830175294948
1.3784188527203236
0.74959525725948
1.5478976275004668
0.0
1.4256051990169438
1.657439042450237
1.3752580686696534
1.5890191852411102
1.1219280948873622
1.890920993589198
1.8676338909712125
1.3699740752745009
1.2886134199863002
1.1994602933016414
1.4256051990169438
1.6294281569541282
1.6854752972273346
0.5665095065529053
1.6758220575766962
1.679822907155627
1.5455354215539245
0.8014698931335287
1.47312842712131
0.5665095065529053
1.7224945678306305
0.7230020642792742
0.7793498372920851
1.7152791759669173
1.6158045319402516
1.5390744139305776
1.2192407046368487
1.7412336264198882
1.7830681177336596
1.8250112108241772
1.7609640474436812
1.8743968275792586
1.6514812425365815
1.3446983751597128
1.383099991189334
0.7345299214394703
1.4056390622295665
1.5822346742454099
0.8904916402194913
1.2332247882202196
1.4945403523436764
1.4551160528034568
1.3727069617019703
1.42895317868103
1.0892300788425848
0.0
2.0234576517244154
1.7490603243994
1.5577277787393193
0.6292492238560345
0.9373012413074895
1.2866926683547546
1.6135681581652277
1.682841657441665
1.2607717938967942
0.0
0.863120568566631
0.0
1.7990077544108969
0.969918434275037
1.7332062193464954
1.4772170014624826
1.3599924922184878
1.3382689280764646
0.0
1.8667417169634417
1.6087001655198914
1.115520093581932
1.6143180698290447
1.8885105964272468
1.7057328617496865
1.8338496710294616
1.7224945678306305
1.0949143184120975
0.9463729359854419
1.3257847812033308
0.5032583347756457
1.5739889616503064
0.9402859586706311
1.3494997688488455
1.6016812830583902
1.5052408149441479
1.704381457724494
1.4932133643654213
1.8233134197163956
1.8240460500219924
1.1221136771091087
1.5569010760354054
1.8240460500219924
1.5694452621548822
0.0
1.439063449695035
1.1542238918616845
0.7219280948873623
1.722266311943983
0.9933927290103626
1.5157895841746822
1.2309595631140104
1.8255729210565663
0.8112781244591328
1.7176856953872668
1.4772170014624826
1.4247346189316263
1.158938532350277
0.41381685030363374
0.7732283485249176
1.5927846621897885
1.6663137138648347
0.9912642605354288
1.456564762130954
1.5709505944546687
1.4466479595102752
1.7263472243434208
0.5916727785823275
1.5929400908928628
1.439254017211876
1.7187828921272554
1.7502248772852351
1.7224945678306305
0.41381685030363374
1.6514812425365815
1.674398693025764
1.7332062193464952
1.6627992560224794
1.402993418443045
0.0
1.608700165519891
1.6969290438733742
1.4445169170274446
1.439254017211876
1.6627992560224794
1.3931271734483175
1.3685225277282065
1.1216407621868583
0.8112781244591328
1.3382689280764644
1.5678183759027002
0.9055872616982603
1.9300801441115987
1.543751954420502
0.6998428398862386
1.6382533594712747
1.6963052716018403
1.022420703848328
1.5342190211803401
1.2309595631140104
1.497385205007079
1.3244602933016414
1.3216069583883467
1.74917466839001
1.5143029514736248
1.8822287189138016
1.4237949406953985
1.7990077544108969
0.9852281360342515
0.8112781244591328
1.4237949406953985
0.0
0.0
1.8364665159366838
0.0
1.6158045319402516
0.0
0.0
0.9182958340544896
1.720066048330332
1.3663146570363986
1.3995812306460644
1.6805563732659934
1.5096125835748972
1.6921341646649464
0.0
1.7263472243434204
1.455016806767447
1.1488348542809166
1.7605307928611307
2.0423852466813512
1.4197367178034825
1.850983694881109
1.647730922119161
0.863120568566631
1.6087001655198914
1.2309595631140104
1.086987702339905
1.602131444182858
1.4687704274131959
1.1216407621868583
0.9612366047228759
1.0219280948873624
1.3752793655393791
1.7987343707067043
1.4256051990169438
0.5665095065529053
1.7360069464476562
1.4130884364257577
0.5916727785823275
1.415833856726865
1.3397218324096136
1.8266997895676038
1.8012693629222505
0.4394969869215134
1.271782221599798
0.0
1.49692754611459
1.5157895841746822
1.7990077544108969
1.8402855730017518
0.0
1.4373770511116049
1.2475562489182659
1.198192411043098
1.6052067078749124
1.2220978930340163
1.727351814444994
1.7438718180150592
1.2112938253354983
1.8676338909712125
1.5304930567574824
1.7609624596749829
1.4166422780956522
1.207518749639422
0.0
1.1216407621868583
1.5020352759844962
1.221694907636328
0.8112781244591328
0.35335933502142136
0.9912642605354288
1.4466479595102752
0.9986359641585718
1.3628504699855937
1.54515219719895
1.876343241564794
1.7628818212796875
1.6152502650882519
1.5832376216802213
1.6203352658383443
1.5317035250512132
1.707904653973488
1.0154312795575997
1.6253785496437985
0.0
1.5016144718101818
1.2677702161044204
0.0
0.5689955935892812
0.0
1.1863929342238186
1.497131930408469
0.29181825659888583
1.794468414860448
1.4294732983598406
1.442508097190614
1.8219280948873622
1.7679666023812524
1.1221136771091087
1.88744238385754
1.5537651978285885
1.1219280948873622
2.10918081414208
2.097542123129943
1.8197218324096136
1.402081402756032
1.3009376049438532
1.075875645896709
1.2765885198579092
1.4519076150714065
1.8814099964358766
1.6141650708250679
1.6244920900653286
1.7273966735744792
0.9402859586706311
1.450467463408549
0.9402859586706311
1.3548425676587292
0.7193856441631259
1.306170651709187
1.483226196970911
1.4237949406953985
1.3885308110207435
0.5225593745369408
0.7345299214394703
1.3382689280764646
1.5192619198553947
1.6729330318733675
1.7278674937985983
1.404678473063571
1.49692754611459
1.3589990024650802
1.3294340029249652
0.9402859586706311
1.5531568569324172
1.7512809122619042
1.7363918270255536
1.4716022614097979
1.7263472243434208
1.3699740752745009
0.4537163391869448
1.0892300788425848
1.3716407621868583
1.0973231569554882
1.2494602799216175
1.3917601481809734
0.0
1.6277637415297184
1.7379333349523611
1.4060075793123286
1.4586444649084445
1.272905595320056
0.6500224216483541
1.456564762130954
1.4256051990169438
1.0949143184120975
1.2406705316766884
1.4108478748063633
1.6163485660751644
1.351084188113726
1.5503407095463881
0.1654270339962668
1.54515313983491
1.4294732983598406
1.7233239797551376
1.4913146570363986
0.0
0.5435644431995964
1.719553828322125
0.9760206482366149
1.2934356963218767
0.222284830685688
0.6665783579949205
1.9021748142117278
1.4060075793123286
0.2761954276479391
1.7365241034834313
1.6794293668139548
1.0
0.9055872616982603
0.0
1.7263472243434204
0.9612366047228759
1.5980505277442498
0.5489544344250401
2.0062578944388543
0.0
1.4836591643979626
1.383866329597683
1.7273966735744792
0.9402859586706311
1.450467463408549
0.9402859586706311
1.0949143184120975
1.7720744553985661
1.4473252329913513
1.8873178814768274
1.4952230009258445
1.5226544895821938
1.8416734794769887
1.1660870601063933
0.8683927290103626
1.2475562489182659
1.439254017211876
1.7224945678306305
1.5534845018187062
1.4294732983598406
1.2607717938967942
1.7080986635018058
1.7098759370157945
1.2366407419411674
1.6538094455846624
1.47312842712131
1.2997367636952524
1.7601553465802904
1.2332247882202196
1.7425857246245653
1.817740505541007
1.7799500009615414
1.450467463408549
1.6286457465791397
0.5435644431995964
0.0
1.8725490163287837
1.781901188909337
1.1216407621868583
1.790492223970158
0.6193821946787638
1.6477309221191607
1.3705557172035028
1.6060922171728338
0.6840384356390417
0.6962122601251458
1.541982284286398
1.746435384238893
1.4112050925821995
1.3954618442383218
1.5166422780956523
1.9556419240186993
2.0547731686306117
1.3824373408045867
0.9132829641650988
0.9321115676166747
2.1440377841787277
1.4955380299191112
1.186278124459133
1.7091479170272448
1.4773344666381945
1.4559168622760035
1.4108478748063633
0.9055872616982603
0.9780155566622414
1.632105718491017
1.740653050325335
1.6019431074952406
1.494193430493157
1.6692462556711996
0.9402859586706311
1.8474201200521745
1.121177460903491
0.863120568566631
0.0
1.6977710315479306
1.4056390622295665
1.6633726580786887
2.1562497319212706
1.4237949406953985
1.5654483718208252
1.5844350719354883
1.755336213432141
0.9402859586706311
1.6577427265048887
1.8345901684333654
1.6113834567195195
1.608700165519891
1.0762976257251988
1.7856875890692074
1.014097655573916
1.8983684194708568
1.8743968275792584
0.4854607607459134
1.5025342603810576
1.7004448031130075
0.9731284054960412
1.6451407133456024
1.1981174211304033
1.6709505944546685
0.37123232664087563
1.5828765043125574
1.6134875526799912
1.5016144718101818
1.014097655573916
0.3095434291503252
1.455016806767447
1.5301404544057031
1.3784188527203236
0.0
1.1783577099564695
1.2949950747154697
1.4567796494470395
1.4294732983598406
0.8904916402194913
1.4366664819166874
1.5341889905464643
1.5941859576379551
1.4634651896016473
1.8383685150260665
0.28639695711595625
1.7638421227824583
1.613519734232519
1.4590697871865872
0.0
1.4256051990169438
1.5709505944546687
1.6163485660751644
0.691289869405789
0.5907239186406502
1.3352377453121176
1.4256051990169438
0.7793498372920851
1.704381457724494
1.1254908068679135
1.5301404544057031
0.0
1.022420703848328
0.6193821946787638
1.6887565441488555
1.4237949406953985
0.0
0.9402859586706311
0.0
1.3217312492060502
1.7016377521383699
0.6343095546405662
0.0
1.158938532350277
0.0
1.3294340029249652
1.189731916820733
0.0
0.8739810481273578
1.771070758477898
1.3716407621868583
1.4716022614097979
0.9182958340544896
1.5204260414863777
1.6477309221191607
1.1917601481809734
1.649420725737184
1.2419460322060458
0.9182958340544896
1.8601043367317969
1.9728585986276301
0.9274479232123118
0.6722948170756379
1.6152265762833478
1.9364823836654392
1.347792585664096
1.533206219346495
1.4281536886141402
1.8975870361235374
1.5723516633085879
1.311278124459133
1.7709505944546686
1.5737888130660203
0.9463729359854419
1.2593984370492775
1.7256780552463373
1.5478976275004668
1.6577427265048887
1.6306882747516656
1.3954618442383218
1.442508097190614
1.7634893002931975
1.6368421881310118
0.0
1.3754446716614537
1.5016144718101818
1.6812801214019801
0.8112781244591328
1.578897902987479
1.3699740752745009
1.2098003386604828
1.5693078231812958
1.590131201194239
1.207518749639422
1.3784188527203236
1.5754508105601306
1.221694907636328
0.7219280948873623
2.03329257002673
0.6610547526158855
1.8221189251103271
1.7187828921272554
1.5157895841746822
1.3633800759802648
1.305803563478725
1.2957378005380122
0.9980008838722996
1.1830056806765854
1.7420763712293135
0.0
1.494193430493157
0.934068055375491
1.8380398168981549
0.8112781244591328
1.746465798504072
1.496065911543853
1.5166422780956523
1.3382689280764646
1.9242299136001453
1.7944684148604482
1.3752793655393791
1.9663236712849366
0.5665095065529053
1.7763318528003074
1.4197367178034825
1.4112050925821995
1.3516441151533922
1.7416838940090766
1.8429078545765152
1.275162982784857
1.4716022614097979
1.428794734004785
1.4294732983598406
1.2210477851797181
1.5154241592897058
1.5304930567574824
1.4609640474436811
1.7576710282239203
0.8841837197791889
1.1981174211304033
1.5916727785823275
1.5683182557028439
1.615250265088252
1.5451521971989497
1.7673757978160416
2.058688570451097
1.5289659680720935
1.7360069464476562
1.0892300788425848
1.2366407419411674
1.1386865525783176
1.9766480916739717
1.311278124459133
1.0681873374585056
0.4537163391869448
0.0
0.9141828384352135
1.7091506004425066
1.4772170014624826
1.3995812306460644
0.0
1.2567796494470393
1.6117022325423545
1.2917601481809733
0.9444885341662053
1.5678183759027002
1.3533570332344018
1.4229155276862506
1.3691424330717252
0.0
0.9780155566622414
1.1981174211304033
0.9933927290103626
1.5739889616503064
1.159554752378731
1.4108478748063633
1.198192411043098
0.5032583347756457
1.72644428975599
1.014097655573916
1.4932133643654213
1.7377525373457157
1.5002723456084084
1.7709505944546686
0.6500224216483541
1.3537427557213084
1.3342094594480487
1.2364405016961446
1.6219011889093373
1.4716022614097979
1.2087030080822634
1.725181382994295
1.4265732850165125
1.6126487284855062
1.442508097190614
1.7956828983511026
1.5577277787393193
0.0
1.022420703848328
1.3096910973393818
0.7195563653739032
2.04445108611554
1.158938532350277
1.5678183759027002
0.0
1.83748482971194
1.8949645376549997
1.1867043459100246
1.6798229071556268
2.02582876380795
1.4108478748063633
1.8734936758692482
1.456564762130954
0.0
1.5487290032420458
1.6388067184095578
1.3716407621868583
1.8468870513032214
1.8097238785956844
0.9402859586706311
1.4294732983598406
1.2366407419411674
1.4256051990169438
1.1981174211304033
0.3095434291503252
1.755336213432141
1.8540808080736912
1.4518328109238237
1.4534909080039504
0.9182958340544896
1.8709505944546687
1.0949143184120975
0.0
1.8405456486299727
1.4387586809150081
1.5822359560770862
1.7224945678306305
1.4913146570363986
0.8180959929710641
1.1216407621868583
1.2269161181131352
1.1401156785146092
1.6925786457610767
1.2086489509530647
1.4534909080039502
0.0
0.4689955935892812
0.5665095065529053
1.4523134900448902
1.4516607643577668
0.9141828384352135
1.5693078231812958
1.7642045065086203
1.7177602521413333
0.9912642605354288
1.5077577608066894
0.0
1.395613476735685
1.5725552071907911
1.6627992560224794
1.5684255885460798
1.2554312795575997
0.9938972639364229
0.7424875695421236
1.1749946599731704
0.0
0.5916727785823275
1.580395847576277
1.0529815751302694
1.3355055565170972
1.6805563732659934
1.5683182557028437
1.8776205033895348
1.4256051990169438
1.8240460500219924
1.4519076150714065
1.9459977435195102
1.5739889616503064
1.1994602933016414
0.5916727785823275
1.5103893948045581
2.0216406363433186
1.0949143184120975
1.4185644431995963
1.103307408607834
0.954434002924965
1.6004512092982517
0.6193821946787638
1.9291489716509524
0.0
1.5492111247114508
1.3752793655393791
1.6627992560224794
1.1911535278793055
1.5990919739558995
0.6685644431995964
0.0
1.3382689280764646
1.5868068964791813
0.6193821946787638
1.5408072197905878
0.6500224216483541
1.6203352658383443
1.3954618442383218
1.494193430493157
0.7219280948873623
1.3699740752745009
1.483226196970911
1.2997367636952522
0.8886865525783176
0.0
1.4652556501132248
1.3995812306460644
0.4426608980694471
1.0975378398419535
1.7393538721672006
0.7732283485249176
1.4509082837501823
1.3699740752745009
1.695689304536347
1.6074794854080132
1.0534081504863568
1.061278124459133
1.4716022614097979
0.8524051786494786
1.8345901684333654
0.0
0.6500224216483541
1.2776134368191154
1.3244602933016414
1.6113834567195195
1.6493102540559317
0.0
1.613519734232519
1.2720552088742005
1.5534592837283852
1.1515653788493414
1.3599924922184878
1.5550416913014387
1.748915448982839
0.5907239186406502
0.6193821946787638
1.3342094594480487
1.4989789131202476
0.9967916319816366
0.9463729359854419
0.6795563653739031
1.7075978722471448
1.1545676820893709
0.0
1.9782990980624293
1.5919171866886992
0.8904916402194913
1.400501389930559
1.6183941088363927
1.3294340029249652
0.7219280948873623
0.4394969869215134
1.4466479595102752
1.8745067320851345
1.1567796494470395
1.3716407621868583
1.4594705707972522
1.061278124459133
1.7854752972273344
1.915321187333897
1.2309595631140104
1.7224945678306305
1.5032583347756456
1.7224945678306305
0.6193821946787638
1.2366407419411674
1.5644050517413437
1.6804820237218405
1.49692754611459
1.5288018145253182
1.56151018873626
1.7498677622562895
1.4108478748063633
1.789929075309999
0.39124356362925566
1.7224945678306305
1.4256051990169438
1.5324194984468593
1.419035274338866
1.8423709931771086
1.275162982784857
1.3382689280764644
1.6350323655554484
1.8679653582397107
1.5785195257779265
0.5665095065529053
1.442508097190614
0.5489544344250401
0.9760206482366149
1.947996533166584
1.6464417904241373
1.7452338386694564
1.3856019237010448
1.628445159431229
0.7219280948873623
1.7944684148604482
1.8010981710072647
1.6183941088363931
1.595795255000934
1.4716022614097979
1.7149431431718385
1.4098449412673983
0.6402064333604701
1.6166422780956524
1.6451407133456024
1.3416303588849137
0.0
1.7057328617496863
1.2607717938967942
0.0
1.7567542543918
1.468090781663233
0.9990102708804813
1.8472444899122604
0.5665095065529053
1.4836591643979626
1.4772170014624826
0.9852281360342515
1.4772170014624826
1.058277043226334
1.2366407419411674
0.969918434275037
1.6382533594712747
1.9042788285498586
1.6444492199495464
1.2086489509530647
1.6368421881310118
1.0529815751302694
0.6193821946787638
1.6232308821676005
1.6143308351592656
1.7507384623843862
1.390856298386412
0.0
1.1941737342569119
1.3752793655393791
0.41381685030363374
1.8618084674058866
1.1411535278793055
1.7450972181704334
1.236160254373812
1.6651392945474015
1.519460297515797
1.4717374334224662
1.918645033308507
1.6577427265048887
1.578897902987479
1.8290410360817406
1.2419460322060458
1.5394910703001345
1.6113834567195195
1.8190269457641055
0.7642045065086203
1.7120434127277009
0.9864267287308424
1.581862660461909
0.0
0.41381685030363374
1.4197367178034825
1.3012517848198515
1.9110510372114404
0.6610547526158855
0.0
1.8774487457092885
1.4438561897747249
1.5016144718101818
1.5715257588786526
1.5596860514952977
1.4256051990169438
1.8811780403507088
1.3244602933016414
1.5325713820021747
1.1981174211304033
0.954434002924965
1.4652556501132248
1.7688555892617415
1.6331761732195722
1.689573656632333
0.6500224216483541
1.3900089363911967
2.146240625180289
1.613519734232519
1.5016144718101816
1.7263472243434208
1.4716022614097979
0.8960382325345574
1.7154535460473683
0.8795064608120066
1.4717374334224662
0.6292492238560345
1.722266311943983
1.4854752972273344
0.7793498372920851
1.7956828983511026
1.9192112991783832
1.4060075793123286
1.4932133643654213
1.0529407605626346
1.679329140385912
1.4466479595102752
1.6183941088363927
1.3328204045850196
0.8366407419411672
1.8464393446710157
1.6514812425365812
0.9055872616982603
1.4519076150714065
1.4318347236008648
1.1812908992306925
1.0949143184120975
1.5783898247235197
1.9350635099170614
1.5873740598845876
1.7832474385325099
0.7345299214394703
1.457424881409171
1.7909273997744422
1.768853837616
1.498809384193494
1.4486092328524887
1.3709505944546687
1.8221189251103274
0.0
0.6500224216483541
0.9774178175281716
1.7033848993102918
1.1981174211304033
0.8850672865827044
1.2363864108712896
1.9858736285640906
1.014097655573916
1.598816797162542
1.3727069617019705
1.6411537317874583
1.7631006224466697
1.3995812306460644
1.1182751607709762
1.3342094594480487
1.3709505944546687
0.9912642605354288
1.4832261969709113
1.6752388501139215
1.3605273114437084
1.1917601481809734
1.6925786457610767
1.6805563732659934
0.5916727785823275
1.7206166448818938
1.720175521464345
1.0389205950315936
1.6052067078749124
1.061278124459133
1.439254017211876
1.6539967386657088
1.3516292011348527
0.39124356362925566
1.7861594809486754
0.7732283485249176
1.7019011889093374
1.4056390622295665
1.6567796494470395
1.5577277787393193
1.1589526439463853
1.6679511971986447
1.0238995733215064
1.578897902987479
0.9463729359854419
1.7385047371845146
0.0
1.6219011889093373
0.8343470230852538
1.173185867971725
1.5663293988620242
0.0
1.2987949406953985
1.158938532350277
1.5
1.7095263323230747
1.6172488983973201
1.2772018112022603
1.7730114897389877
2.1490410360817407
2.226958884704032
0.5665095065529053
0.3095434291503252
1.6088711989563733
1.6577427265048887
1.8190269457641055
1.3663146570363986
1.7356407123411168
1.1226079684006318
1.8256810541556123
0.41381685030363374
1.840545648629973
1.2838868242312453
1.716763599199235
1.4815101887362598
1.7172745699976013
1.7333557549816874
1.3976931442604226
1.7445842076889955
0.6500224216483541
0.9637459942073318
1.5229571181374095
1.3520301017579528
1.7445842076889957
0.7793498372920851
1.4112050925821995
1.450467463408549
1.8654705207065088
1.1656062405705747
1.7474130395316414
0.7732266742876346
1.1635402011210707
1.7880091193547945
1.0949143184120975
1.4108478748063633
1.201146430569501
0.9182958340544896
1.5539081800685832
1.5577277787393193
0.7703437707962479
1.7397218324096135
1.7047334852678528
1.8503470232150987
0.9463729359854419
1.6909338059596861
1.4237949406953985
1.661765788055024
1.7765531230277096
1.7661665870542804
0.5665095065529053
0.5665095065529053
0.6402064333604701
1.5433829556661305
1.4620933843749282
1.1941737342569119
1.0862293462325945
0.6583514224564075
1.7322216637616483
1.2475562489182659
1.0746314749738703
1.4609640474436811
0.8314743880097293
0.0
1.4256051990169436
1.6052067078749124
0.7793498372920851
1.52660108745383
0.0
1.5487949406953985
1.5221898721658211
1.2364405016961446
2.111095787753339
0.9463729359854419
1.8001617703821686
1.4256051990169438
1.5016144718101818
0.5916727785823275
1.6340649724200549
0.6685644431995964
1.5342190211803406
0.9055872616982603
1.8853775057695392
0.9957274520849255
1.9681300137657636
0.0
0.8904916402194913
0.0
1.456564762130954
0.9912642605354287
1.4256051990169438
1.8048956511448038
1.7672934871781265
1.4534909080039504
1.7450972181704332
1.383807735464083
1.4154372473067622
1.3516441151533924
1.6627992560224794
1.0892300788425848
1.158938532350277
1.3249692858267146
