Shannon_Entropy
0.0
0.0
3.315410725242699
0.0
0.0
1.6879430945989
2.2588718484453603
2.0741647430225756
2.7068905956085185
1.610577243331642
2.404678473063571
0.0
2.5492553971685
2.0191534613250357
2.2359263506290326
1.7464657985040721
0.0
2.599389591616702
0.0
1.856564762130954
2.440404017720928
3.094835434657933
2.154751027863945
2.533369020804085
3.376073558252013
3.096236804365369
2.359879028736861
1.6266888497018317
3.086048612313038
0.0
2.60845859334435
3.2120230543033297
3.1781281339249876
2.610577243331642
2.4410685859554375
2.372094637795624
2.2938135858333486
1.3294340029249652
2.120952031026403
1.2924108984132547
2.395054798865899
2.952819531114783
2.7770178778197736
3.82638672569845
1.8618540887146815
2.6644977792004614
2.9232314287976204
2.5366082543914996
1.6137129703673825
2.6565647621309543
0.0
0.0
0.0
2.9056390622295662
1.683240358011977
3.948533867771222
2.058117008486823
2.8423709931771093
1.8322488896002305
2.1211274733371868
1.8210319581338212
1.6348224724072002
2.7799500009615414
1.9056390622295665
1.8942738697712644
2.35274578087187
2.089003828777592
3.741874494397838
2.7534343861887853
2.8962915290459277
2.1464657985040723
2.4137995646056805
2.699513850319966
2.665957320949175
2.359879028736861
3.2447917335936864
0.7441942138263227
1.4216744278153237
2.8638263900908156
2.4056390622295662
2.040223928941852
1.4836591643979626
2.3050365325772657
3.43162356584743
2.7898980954642867
1.6266888497018317
2.656564762130954
3.006238928653389
2.8152023999804863
1.8322488896002307
0.0
0.0
0.0
2.5860388152612774
2.10845859334435
0.0
1.5380923396932817
1.7490339557881076
1.7448425317532439
2.867398046033665
2.271782221599798
3.7826392437494936
2.694781460584273
2.2256051990169436
2.1492553971685
0.0
1.7330733225264865
1.1216407621868583
2.472905595320056
2.4692407821722844
2.7272170014624826
1.7884504573082893
1.9016094970590274
2.107735252622104
3.239097917988786
2.289246428509158
2.1209520310264027
2.2988252450030506
2.649397470347699
2.8665871058289594
2.2544475789720946
2.3935823097180293
2.263809173883546
2.6022170014624826
1.800924277228159
2.163865121950854
2.516943566865439
2.5810134015775863
0.8683927290103626
3.2732119867311837
1.3244602933016414
2.084623255359982
1.9303489601996071
1.9211854965885542
1.8210319581338212
2.1492553971685
2.1209520310264036
1.7232314287976207
2.274983599956846
2.5233178137684864
2.47400569010888
2.35274578087187
3.1395722619867223
2.5249449750847117
2.45311500557286
2.5
2.7528553052032323
2.5772089162931815
2.9586949695628415
0.0
2.380770107572479
1.3563429881688325
2.0717350271381694
2.4662478973127313
0.0
0.0
2.3329145639793976
2.3935823097180298
2.2544475789720946
2.6582680180511957
2.2806390622295662
1.8011426734662328
2.0201866968442483
2.7646946861307384
1.3520301017579528
3.118078209349709
0.0
1.7469327965153287
1.5546097612655667
2.6100635408770723
0.0
1.7405198931769963
1.8437519544205019
1.0
2.1147869792568113
0.0
2.2062389286533897
1.825605199016944
1.610577243331642
1.5466316153937778
2.1280852788913944
2.3276328092906367
2.8218881955261783
3.009723965912959
2.7107770844150676
0.0
0.0
0.0
1.53012496531497
2.656564762130954
2.3527457808718695
2.3457192839305274
2.0225797618424917
3.2359263506290334
2.8655768552072476
2.6420846845805
2.7659573209491746
2.9185579573627534
2.1632095937363847
2.577122502380667
2.2256051990169436
2.3921530325775926
2.815819454206724
2.4137995646056805
3.059188519254187
3.8194740166024546
2.2892464285091583
4.03850880201795
3.173639129374069
3.200392094401418
2.870894057129421
2.021782221599798
2.647592147308496
0.0
0.0
1.4534909080039502
2.0049355947431313
2.8218881955261788
1.6266144718101818
1.9419777593466587
1.8409745639875459
1.7387586809150082
2.378783493486176
1.679822907155627
2.2988252450030506
2.007856063692049
2.139899565918703
2.5542292966721747
2.1803877328455874
2.610577243331642
3.956662057680634
2.5342436128428614
2.294629213844555
2.389898095464287
2.8073549220576046
2.040223928941852
0.0
1.94115093316285
1.8944445162652963
2.0741647430225756
2.0532635745669556
1.584962500721156
1.1981174211304033
2.946439344671015
2.3865353052562366
2.498929563690935
1.781937063546704
1.847984096622461
2.163865121950854
3.4613201402110083
2.227534334005981
3.960806267585639
2.0419460322060456
2.467720100474499
3.421850652878724
3.572711181684666
2.260820318171659
2.63692108527943
2.3718956694089632
1.7028195311147831
1.532914563979398
2.0662478973127314
1.8702538164316223
2.1179631753145163
2.404678473063571
3.9885473345223286
2.5559130951758244
2.4729055953200563
0.0
2.389898095464287
2.656564762130954
1.3663146570363986
2.511207817992993
1.901506402501506
2.005977711423774
2.002755067189044
2.588465279604108
2.218846363733215
2.617978140453044
2.5249449750847117
1.5435644431995963
1.6137129703673825
2.4840668364809173
2.0792884008140087
1.6805563732659934
2.469240782172285
2.48345859334435
1.9211854965885542
1.9898980954642875
2.270942421748537
0.0
0.0
1.727396673574479
2.5487949406953985
2.8423709931771093
2.146465798504072
2.35274578087187
2.4137995646056805
0.0
0.0
2.4305946180235427
2.8423709931771093
1.7534343861887849
2.7393538721672006
2.9650121452832345
3.2869582225616187
3.027880447234184
2.664741682540626
2.2389205950315936
1.9301249653149701
2.546631615393778
2.4863286677871854
3.2044479607083516
2.699513850319966
1.9254106352407239
2.434027509699048
1.5589385323502771
2.25
2.8073549220576046
1.6788979029874789
2.606238928653389
2.816340113853408
2.4137995646056805
1.4345491399952024
1.863120568566631
2.923231428797621
4.039584019540151
0.0
1.950212064914747
2.421127473337187
2.5492553971685
2.7045348998193437
0.0
2.2510345501401265
2.3166637853271714
2.5495234595978316
1.0529815751302694
2.0202442071537563
3.888814133240944
1.8773870642966133
2.2062389286533897
0.0
2.498929563690935
1.5628066316931741
2.7744019192887706
2.353759374819711
1.7382689280764647
2.2825887305018333
2.5497873815230374
1.2366407419411674
2.181937063546704
2.905764584655453
2.827819531114783
2.943850822564574
0.0
0.0
0.0
1.8419171866886992
1.9182958340544893
2.816307519224645
2.1179631753145163
2.35274578087187
1.8024212838293647
1.7617458011279303
1.5759136532083846
1.1488348542809166
2.4159220638351666
2.1280852788913944
4.018607625839675
2.3904685707328284
2.4536606896881854
2.6688388898504303
4.021499030249602
1.9526832779469112
2.2256051990169436
2.1632095937363847
2.4662478973127313
2.5483767108432334
0.0
0.0
2.2988252450030506
2.1055872616982603
3.2711605081899315
1.924174352300441
2.378783493486176
1.3244602933016414
2.289246428509158
1.4568017817750278
2.245869617795809
3.998618880729989
0.0
2.7414460711655213
2.50558726169826
4.006589019153521
3.422433742616382
0.0
2.7324637247241337
2.35274578087187
2.321928094887362
3.1841837197791887
3.2943067755969406
3.135821824148036
3.2581959528658837
3.943866163632888
3.9636065185717695
2.1800365325772657
2.5868878409958143
3.906629999984334
3.955292245747307
2.5995812306460646
0.0
2.270942421748537
2.6062389286533896
1.871602261409798
3.9612798011546713
0.0
1.9399824743635556
1.8716022614097982
2.8222188890049646
2.270942421748537
1.0949143184120975
1.626688849701832
2.146782221599798
1.672905595320056
2.588338647382062
2.6800365325772657
2.902847620477935
2.6098501660289424
1.962806631693174
2.556656707462823
2.0670314951575843
3.9431452893558223
2.155968102145908
0.0
1.5693078231812962
2.1739731346044096
2.2569089895583545
2.7898980954642867
3.9624992087007507
2.708098663501806
2.8423709931771093
1.7534343861887849
0.0
2.2807876549494517
1.856564762130954
2.8638263900908156
2.7806721295208874
2.396782221599798
2.146465798504072
2.1280852788913944
3.010893460834816
1.704381457724494
1.710053567474341
0.0
3.035042145075546
2.2389205950315936
2.8962915290459277
3.2844018624089153
2.973557262275185
2.1492553971685
2.382856063692049
1.8592730414532865
2.2920717524577867
3.260754662766713
2.8423709931771093
2.292071752457787
2.2389205950315936
2.656564762130954
2.5497873815230374
2.064042639445697
2.332914563979398
2.6654287319935026
3.952429555051917
2.1440377841787277
2.577819531114783
1.1994602933016414
4.1117156266184365
2.2544475789720946
0.0
2.521640636343318
1.74917466839001
1.9301249653149701
2.946439344671015
2.5104571539253078
2.278351811711312
1.7804463148460088
3.4282917632785175
2.6638651219508542
2.5941178916311856
4.115224501491854
2.789898095464287
0.0
2.48702144807822
2.584183719779189
2.2567796494470396
2.2715173454796593
2.7614173902752386
2.399397470347699
1.3778903318832147
2.256564762130954
0.0
0.6500224216483541
1.5589385323502771
2.4662478973127313
0.0
2.607861226141997
2.639353872167201
2.875
2.872905595320056
3.1464393446710153
2.8221819586428727
1.4689955935892813
2.147348781633051
2.8725111538380093
2.1209520310264036
2.1451363701530526
2.7550576199383072
3.1358218241480356
2.811278124459133
2.8910611120726526
3.980948196843047
2.389898095464287
2.4662478973127313
3.957688285559444
3.488554862192845
0.9182958340544896
2.274397470347699
0.0
1.6158045319402516
2.872905595320056
2.1815525171888464
1.0892300788425848
2.865957320949175
0.0
0.0
2.279799131837405
1.7219280948873623
2.217021885879718
1.9852281360342514
2.5495234595978316
3.031821334092855
2.8293300401491175
2.23345859334435
1.4966407621868583
1.7960885595978366
2.876853130799308
1.4345491399952024
2.5868878409958143
2.208196592277087
2.5661902165503228
2.8013119014329306
1.807354922057604
0.0
1.7382689280764647
1.7489992230622806
1.494083579488318
2.389898095464287
2.7492553971685
2.4466166676282084
2.827025535001665
2.1735572622751853
1.9528195311147831
2.5559130951758244
2.4332062193464954
3.91846363218155
3.4066663167406883
2.3134597501718237
2.2825887305018333
2.521782221599798
2.339572261986723
2.7254335853569454
2.822579761842491
2.050784030405251
2.26149018937388
2.974937501201927
2.10845859334435
2.022579761842491
1.6968428034773932
0.0
2.0131324651707385
2.1405180562767114
2.275170354773194
2.005977711423774
2.0081320258333997
2.422579761842491
2.10845859334435
2.888256542774987
2.487516816236266
2.64488945173324
4.008448067437193
1.7961796919474975
3.225727075994711
2.8073549220576046
2.8685078989692365
3.7083507394183193
2.3764281306111803
2.5249449750847117
2.1414460711655217
1.8073549220576042
1.5744174271404585
2.8086949695628416
2.7272170014624826
1.936278124459133
2.619970710927635
4.011818982889362
4.023973747247073
0.0
0.0
2.009344885266253
3.09306920777189
2.077819531114783
2.288019280279689
3.2464393446710154
2.699513850319966
1.2958363892911637
2.210307403129792
2.3248629576173565
2.699513850319966
2.8962915290459277
2.332914563979398
2.4355205042826666
2.5436450333085068
2.359879028736861
2.6644977792004614
3.241202481433726
2.1179631753145163
1.6894822670191825
0.0
2.107735252622104
3.5168990805563243
3.9916119692385315
4.089459088293007
2.915944696403075
1.4256051990169438
2.5016094970590275
3.0565647621309537
1.781937063546704
2.1179631753145163
3.8162842812296125
3.9342504043865136
2.8152023999804867
2.851149423893032
2.4677201004744993
2.1800365325772657
2.0414460711655216
1.9211854965885544
2.754356941508889
2.133387491316597
2.4749525415173124
0.0
0.0
0.0
0.0
0.7345299214394703
1.8128876215181604
2.6816259570743926
3.2402239289418517
2.382856063692049
2.6062389286533896
2.847201281628924
2.74894004700543
2.4419235206010987
3.892041267277569
0.0
1.965596230357602
3.0565647621309546
2.2825887305018333
1.870253816431622
2.5868878409958143
2.664653803789036
2.1506140041158783
2.399397470347699
2.5827936132549505
2.83422148391762
2.263809173883546
2.692380602454975
2.2988252450030506
0.0
2.3715335947907836
0.0
1.9399824743635556
2.2200683022340693
2.4410685859554375
1.2366407419411674
3.7621343605182247
0.0
0.0
2.4275019499768535
2.9803419725690823
0.0
2.380430487800112
0.0
0.0
0.37123232664087563
2.0662478973127314
1.5589385323502774
1.41379956460568
1.5306390622295665
2.610577243331642
3.2274842982971137
1.5546097612655667
1.9852281360342514
0.0
0.0
2.8962915290459277
2.0718951276085518
2.495602923729013
2.102187170949333
2.4729055953200563
1.8009709569877819
4.004332004119126
1.4315602842833157
1.5317035250512132
2.7068905956085185
2.495602923729013
2.932202470024281
2.7712913544466957
2.350209029099897
3.7824061201928267
3.9519619814966047
2.6100635408770723
2.0225797618424917
2.5261120853163925
2.3329145639793976
3.2359263506290334
2.8402239289418514
2.5294881142662007
2.1280852788913944
2.984234164652489
2.080500530640267
2.267117875964918
2.225610814520738
1.727396673574479
2.7898980954642876
1.4229612453414173
1.92452563764237
2.4377433986576875
2.747089260374426
1.7028195311147831
2.5731144546409044
1.6266888497018317
2.4219280948873623
3.8772296162383673
1.9274512249645188
2.2062389286533897
1.7909273997744424
2.7219280948873625
2.7068905956085185
3.347480094756062
2.3564924137968246
2.4225797618424916
2.563472392503777
2.705609047607591
2.6856422170047898
3.405304428166081
2.377443751081734
2.337019353315419
2.794653473544342
0.0
3.2368573034220733
2.8086949695628416
2.6835423624332306
4.017675621854394
2.6455933144511468
0.8343470230852538
0.0
3.006238928653389
2.038760752862686
0.0
1.5916727785823275
2.484255144794799
2.209888638014727
2.1682328933388106
3.0708470936225174
2.5495234595978324
0.0
1.5589385323502774
2.0419460322060456
2.625
2.4677201004744997
2.0634582986483037
2.78845045730829
2.349601752714581
2.295461844238322
2.5304930567574826
2.2389205950315936
2.7534343861887853
1.103307408607834
1.7244078178625923
2.699513850319966
3.7892403825116285
4.0296894960979435
2.8962915290459277
3.3305250130427275
2.33012496531497
2.656564762130954
1.8073549220576042
2.233997907838827
3.1186533736747593
2.5994839817876882
1.856564762130954
2.3467560203614735
2.274397470347699
2.2062389286533897
2.2988252450030506
2.0191534613250357
2.4662478973127313
2.4885548621928453
2.0989295636909353
1.3516441151533922
2.1682958340544896
2.6416041678685938
2.6688388898504303
2.335505556517097
2.8380718373228855
2.9015875015224415
2.7107770844150676
2.217021885879718
1.901506402501506
2.4662478973127313
2.6088804716947926
2.5495234595978316
2.263809173883546
0.0
2.923231428797621
1.3605273114437084
2.0922718656836103
1.9301249653149701
2.399397470347699
3.97474866640602
0.0
2.610577243331642
1.5487290032420458
0.0
1.4913146570363986
1.4926140680171258
2.859880977513952
2.2081965922770874
2.2825887305018338
0.0
1.924174352300441
2.4516084941043093
2.0670314951575843
3.8185449401040477
2.4973419908730565
2.521640636343318
0.0
2.765957320949175
2.270942421748537
2.224394445405986
0.0
2.415922063835166
2.6800365325772657
2.2920717524577867
2.66329080817766
3.308694969562842
4.037548952828344
2.3627402784989338
0.0
0.0
1.9056390622295665
1.3787834934861753
3.038080975258399
2.311278124459133
3.0373463674654975
3.5094255971031805
2.163865121950854
3.1572682296173897
1.2958363892911637
2.4885548621928453
1.4627552262645034
2.0485421394990637
2.6455933144511468
1.9301249653149701
2.9151512344992474
3.599708527261128
2.3331752942320656
0.0
2.098579861712074
1.5546097612655667
2.6654287319935026
2.5492553971684995
2.339572261986723
2.2062389286533897
1.8429078545765154
2.4137995646056805
2.4237949406953985
1.6879430945989
2.2773276830375746
2.2825887305018333
2.656564762130954
1.8322488896002305
2.671602261409798
0.0
2.7721854605116727
2.35274578087187
2.389898095464287
0.0
0.863120568566631
1.800924277228159
2.107735252622104
0.0
1.9254106352407239
1.595461844238322
1.7489992230622806
0.0
2.4772170014624826
2.064042639445697
2.4199369646252213
2.687751489323111
3.1048099327622225
2.433206219346495
2.8673179739539485
3.7121332276410266
3.807706735705708
3.9805267602583023
2.7944684148604475
2.3857000186160167
0.9927744539878083
0.0
0.0
0.0
0.0
1.5216406363433184
1.6244143985316333
2.263809173883546
2.6455933144511468
2.5
2.5306390622295662
2.60845859334435
2.35274578087187
2.2062389286533897
2.289246428509158
2.923231428797621
0.0
1.5744174271404585
2.656564762130954
2.663865121950854
2.4464393446710155
2.6389794065524934
2.656564762130954
3.858507995097474
2.7052290027422967
2.2934550525280595
1.1981174211304033
1.7103377769685428
3.9167423688267604
2.067031495157584
2.699513850319966
4.053138897230642
3.9551851038267825
3.906861627786845
2.4980775466236413
0.0
1.6893917467430877
2.899062536259512
1.8012693629222505
1.6922718656836107
2.155968102145908
2.465145119504242
2.4137995646056805
2.472905595320056
0.0
0.0
0.0
0.0
2.2987949406953985
2.8962915290459277
2.745805350336005
2.8962915290459277
2.656564762130954
2.35845859334435
2.181937063546704
1.7758589482446405
1.8050365325772657
2.062683189255492
0.0
2.952819531114783
1.9925841407933456
1.683240358011977
2.56507654233637
0.0
1.464381457724494
1.0529815751302694
1.8712612804207123
0.934068055375491
1.7960885595978366
1.965596230357602
2.4225797618424916
1.1981174211304033
3.9161691312658977
1.7244078178625923
3.30276315622127
2.9056390622295662
3.9685018450752834
3.9725473566630383
2.2062389286533897
1.758842712835596
1.778368899209021
3.03856233607563
2.274397470347699
2.382856063692049
2.0670314951575843
2.866247897312731
2.1967916319816365
2.962359932167628
2.3745560483818835
2.162368783573502
1.929309207916729
1.9211796919474975
2.0638651219508537
2.3904685707328284
2.4536606896881854
2.6688388898504303
3.2609590455286583
2.8423709931771093
2.725480556997868
1.781937063546704
0.0
0.0
0.0
1.626688849701832
1.8062389286533895
1.7244078178625923
2.655050539417774
2.209888638014727
2.2655833228877333
2.4414460711655215
2.498929563690935
2.0662478973127314
2.0300872246321315
2.7528553052032323
2.749647882451771
2.864430859491841
2.5550939823297005
2.4153804750964945
2.656564762130954
2.0225797618424917
2.063558608511122
1.483831706844689
2.4935410903536543
1.9898980954642875
3.101881223476018
2.0202442071537563
3.0062389286533895
3.287601135993693
3.9210382418384477
2.1179631753145163
0.0
0.0
1.9301249653149701
2.091917186688699
2.98345859334435
0.0
2.753434386188785
2.8962915290459286
3.0414460711655216
2.217021885879718
1.870253816431622
2.7395722619867224
1.5221898721658211
3.944601268189109
2.656564762130954
0.0
0.37123232664087563
2.6986604604011157
3.0373463674654975
0.0
2.808694969562842
1.0957952550009336
2.715326698771809
2.35274578087187
1.6282202760321463
1.9852281360342514
1.6493974703476992
2.8393538721672007
1.7233083338141042
2.4729055953200563
2.973557262275185
2.8258459340407494
1.7987949406953985
0.0
0.0
3.0300433912983404
2.3016094970590273
2.8744934713060357
2.573557262275185
0.0
2.7534343861887853
3.805666971405006
2.4521471875050294
3.0113571427221055
2.738149333192866
2.522620309531022
2.4115091984199104
2.3920788329783202
2.654255313215029
2.5820599105802575
2.6703397002311062
2.465069461815837
2.7550576199383072
2.0741647430225756
2.570950594454669
1.5916727785823275
2.5521796970665482
2.3991303913908
2.270942421748537
2.4410685859554375
2.5046934208291405
2.9453330215651157
2.4613201402110083
2.822579761842491
2.217021885879718
2.611641588620618
2.839775539645508
2.6744608685361086
3.0129665265669683
2.939058909205346
2.6535442970305683
2.6601297526332575
2.6556390622295662
2.558979806746293
2.288019280279689
0.0
3.806715751849254
3.835237745312118
2.0202442071537563
2.742161306346215
2.3248629576173565
1.6225562489182659
3.077819531114783
0.0
2.298688570451097
1.6126502330422663
2.808694969562842
1.3834390845887161
1.9990298316961874
3.146286370662105
2.3443609377704338
2.370963042825407
2.142079563925711
2.7534343861887853
2.3248629576173565
2.5027361715940035
2.6171895725927143
2.4137995646056805
0.8112781244591328
3.055839243610609
3.057425813763051
2.860964047443681
3.9674341642065794
0.0
0.863120568566631
2.3248629576173565
3.0048939446523226
2.573557262275185
2.76149018937388
3.2136359618228263
2.4056390622295662
2.9398290174664026
0.0
0.996316519558962
1.924174352300441
2.041814515501815
2.30827083453526
2.606238928653389
3.039148671903071
2.217021885879718
2.3220847276178658
2.467720100474499
2.0042859090703913
2.9232314287976204
2.699513850319966
2.4935410903536543
2.1464657985040723
1.8828560636920488
4.019680971586446
1.2516291673878228
2.765957320949175
2.8225797618424915
2.9056390622295662
2.067031495157584
2.35274578087187
2.9151959937952423
2.8064438107590797
2.2584598927441624
1.7003319468582219
2.9859683379664084
2.263809173883546
2.4115091984199104
3.468386699171736
0.0
2.0
2.368681608963656
2.5400712272231747
2.0670314951575843
2.3220847276178658
2.794653473544342
2.6556390622295662
0.0
3.992702055508151
2.747089260374426
3.1037016960573482
1.9268680175017443
1.62864574657914
2.621291394642249
3.7969598421333672
1.870253816431622
2.6601297526332575
1.6956893045363468
2.454175711228204
2.2627834289765825
2.2195083368391986
2.8218881955261788
1.6348224724072002
2.828781483140605
0.0
1.9746017527145814
1.9669171866886992
1.8942252286541448
2.0
2.8423709931771093
2.8962915290459277
1.9852281360342516
2.739572261986723
2.699513850319966
2.380430487800112
3.9106855856631992
2.0989295636909353
2.24929588972045
3.9446755772507585
2.3576004726263524
1.768853837616
3.8765507150384346
0.0
1.1859165425124096
1.9211796919474975
2.674460868536108
2.276189345909147
0.0
0.0
2.3966238110793627
0.0
0.0
1.5221898721658211
2.5996659733039564
1.6729055953200562
2.7898980954642867
2.638920595031593
0.9141828384352135
2.656564762130954
2.827819531114783
2.155913095175825
2.78845045730829
2.1820058147602133
0.0
2.7107770844150676
2.372094637795624
2.867633890971212
2.521640636343318
2.0202442071537563
1.9290929654977997
0.9852281360342515
1.0219280948873624
3.1863929342238184
1.950212064914747
2.8850245340748835
3.9478847332532223
1.560413791950178
1.2022921890824148
1.7028195311147831
1.7743974703476992
1.7743974703476992
2.0705934438130758
2.577819531114783
2.681276369602581
2.467720100474499
1.4652556501132248
3.1523164860933854
1.965596230357602
2.256564762130954
2.6455933144511468
2.2806390622295662
3.932690068045785
1.5306189948485172
1.9068905956085187
3.6921573054884256
2.8580072301048838
0.0
1.6922474331963002
1.9099710609363056
2.3531906713383224
3.1015087558678784
0.0
2.332263854738758
2.48345859334435
2.71187789258087
1.8895782867502309
2.8729055953200557
1.4056390622295665
2.0662478973127314
1.7987949406953985
2.2322628970242686
3.039148671903071
2.739572261986723
2.699513850319966
1.7131060113376824
2.699513850319966
1.8914182898983305
2.424835634986198
0.0
0.0
3.8980264722776847
1.9852281360342516
2.872905595320056
1.9852281360342514
2.9559130951758243
2.1492553971685
2.822579761842491
2.606238928653389
2.7898980954642876
2.606238928653389
3.127212212813302
3.2477426785812735
2.077819531114783
2.0570148112524405
2.4137995646056805
1.9056390622295662
2.176908169168578
2.2584598927441624
0.0
2.3515937233487554
1.7695459925589747
2.0461796919474975
2.50558726169826
2.4772170014624826
2.8655768552072476
2.5232314287976205
2.365596230357602
1.640223928941852
2.9276942711037672
1.6894822670191825
3.003011459121717
2.0709505944546684
0.0
1.9056390622295662
1.565596230357602
2.2008257945180882
2.1211274733371868
1.9386790169573507
2.565671135998205
2.298852726158181
3.08694997520317
2.148834854280917
2.50558726169826
0.0
2.836591668108979
3.772573883611434
0.0
0.0
2.7088893539326557
2.822579761842491
2.48345859334435
1.7909273997744424
2.0814963295286755
2.217021885879718
2.2226985348317254
2.0634582986483037
2.0134893002931977
2.6416396727898706
2.8895494308620884
0.0
1.9910760598382218
2.467720100474499
2.8546362150986235
2.4262927116736352
1.936278124459133
3.1186533736747593
3.181366328891458
0.37123232664087563
2.4922031072054134
1.8751310486364097
2.217021885879718
1.8073549220576042
2.3012693629222505
1.8565647621309542
2.699513850319966
2.772185460511672
2.714813684705936
0.0
1.962176455619043
1.457424881409171
2.6582680180511957
3.2368489059491363
1.7216117239699014
2.224601752714581
2.708694969562842
4.03669726583193
1.9237949406953985
2.5828765043125577
2.349601752714581
1.8776205033895346
2.125
2.6482626505364224
2.834889801979304
2.517226962994476
2.5958417238343907
2.495602923729013
1.9211854965885544
2.7395722619867224
2.467720100474499
2.3071251585103023
2.35274578087187
1.8062389286533895
1.9528195311147831
1.887351814444994
1.763911156578927
2.9719224597790608
0.0
0.0
2.140361163698485
2.0419460322060456
2.3598790287368607
2.5249449750847117
2.610577243331642
2.2030741894285697
1.4256051990169438
2.0182155146751497
2.2892464285091583
2.683542362433231
2.521640636343318
2.271782221599798
1.2448406699719212
1.4056390622295665
1.0
2.064042639445697
2.040223928941852
1.7794238321465294
0.0
1.9211854965885544
0.0
2.6601297526332575
2.8696068993294115
1.965596230357602
3.857811713662939
3.9854848101959113
1.971335285306981
2.6062389286533896
2.0202442071537563
3.151363669197544
2.3522170014624826
1.7884504573082893
1.8322488896002305
1.5779772001172403
1.626688849701832
2.699513850319966
2.0202442071537563
3.5108950682690168
0.0
0.0
2.6158045319402516
1.7534343861887849
2.294127106260297
2.1800365325772657
2.6016094970590276
2.1774212838293647
2.4482380750225783
2.7414460711655217
1.781937063546704
2.4233412768431513
2.5547140724775397
3.8517662327641244
0.0
2.10845859334435
0.934068055375491
0.0
2.35274578087187
2.4410685859554375
3.241415297816866
3.3885874010185213
2.9443949486565364
2.2062389286533897
3.0086949695628418
2.8423709931771093
3.866671517880087
2.5566567074628237
2.8258459340407494
2.6570914161644232
1.6143180698290447
2.3395722619867225
2.8423709931771093
2.440223928941852
2.5495234595978316
2.011920928594794
1.8294732983598407
1.9319231973290005
1.6774212838293647
1.9751060324573733
2.4961268547517808
2.5941178916311856
2.0286176254608126
2.0741647430225756
1.3787834934861753
2.5519303648244724
2.4226754683112177
2.4581731596118197
3.066153568032655
2.8505939106335556
2.126614471810182
3.3781770196092484
2.41379956460568
1.6052067078749124
1.8166422780956524
1.9810410951419466
2.411509198419911
2.7013757559060485
2.7527152789797045
2.6654287319935026
1.0892300788425848
2.692380602454975
2.4137995646056805
0.0
0.0
2.0461796919474975
2.973557262275186
2.9232314287976204
2.85845859334435
3.7523190763095253
2.169925001442312
2.4677201004744993
2.4183076860588137
2.7534343861887853
2.389898095464287
2.6659573209491745
2.401058322494375
2.9735572622751847
2.739572261986723
2.692380602454975
2.467720100474499
2.120952031026403
2.406666316740689
2.071345139730238
3.970312759213473
2.217021885879718
2.6767370300521325
2.467720100474499
2.502736171594004
2.0933521729550124
1.7743974703476992
3.127986806877675
3.9003273042300526
3.816437293240043
2.377443751081734
2.344462299865442
2.777776811456786
2.2043791550168934
2.4772170014624826
2.245024044901939
3.0659573209491744
3.9639301861412637
1.2958363892911637
3.8158858395071737
2.472905595320056
1.5216406363433184
3.581499825280024
1.7884504573082896
0.0
1.9211854965885544
1.9211854965885544
1.9211854965885544
1.9211854965885544
1.7244078178625923
2.1492553971684996
1.5016144718101818
2.614369445886757
3.9566714692206064
2.0225797618424917
3.7804298725354237
2.4137995646056805
2.4662478973127313
2.2584598927441624
0.0
2.2417812580773235
2.681276369602582
2.148834854280917
1.3516441151533924
2.950212064914747
2.493016849144568
2.5495234595978316
2.2588718484453603
2.1055872616982603
3.627203840796256
2.708694969562842
2.186278124459133
2.484183719779189
2.225610814520738
2.322756958897399
1.6737949406953985
2.789898095464287
2.5995812306460646
2.0741647430225756
2.4806821149663842
2.4056390622295662
0.0
0.0
2.220068302234069
0.0
2.270942421748537
1.2366407419411674
2.8729055953200557
2.6644977792004614
2.4834585933443494
2.606238928653389
2.599581230646064
1.850983694881109
2.2440954395801547
3.403852710140151
2.3199730940219747
2.5115225487546784
2.4137995646056805
1.4411665441579466
2.365596230357602
2.655050539417774
2.498929563690935
1.9852281360342514
1.5306390622295665
2.5025980682472606
2.270942421748537
2.7534343861887853
2.8423709931771093
3.980625816187892
2.0550365325772657
2.378783493486176
2.524397470347699
3.1898980954642866
2.23345859334435
3.930348530871177
2.8218881955261783
2.4772170014624826
0.0
2.4137995646056805
3.475730253289193
1.9804820237218406
2.5901998765158556
2.4633846523503107
2.245838938745422
2.4662478973127318
1.9015064025015063
2.0989295636909353
2.610577243331642
3.834663151868605
1.7732143550933814
2.206238928653389
0.0
2.1992818130163667
1.6113834567195195
1.9056390622295665
2.3115056833310406
2.1488358463196944
1.3824373408045867
0.0
2.3242764617775693
1.9628066316931743
0.0
1.0
0.0
3.7748850563050187
3.995200474400947
1.5916727785823275
2.0930692077718898
0.0
0.0
2.217021885879718
2.1492553971685
0.9927744539878083
2.8808381662190894
3.2847739764787343
2.5
3.303020651160425
3.121928094887362
2.217021885879718
0.0
2.663865121950854
2.542481250360578
1.8999495676359617
2.2830741894285698
2.5735572622751848
1.965596230357602
2.8729055953200557
2.8397755396455078
4.013714118897566
3.94846061274677
3.8611885686441916
2.8057456515210597
2.8282129458410012
2.1055872616982603
3.857826470230122
2.4137995646056805
3.9478279810149317
3.8717586069887595
2.8246358745577473
2.7073580308947647
3.961743061031547
2.007506782206766
0.0
1.969389419529156
2.221251836004466
4.096019613827016
3.6267338044562334
2.0741647430225756
0.0
2.577819531114783
2.6644977792004614
2.206238928653389
1.7382689280764647
4.0100293819132125
2.303701696057348
2.25
2.350209029099897
3.8888866937984945
2.610577243331642
2.472905595320056
2.1353503825268683
2.4484768596329824
1.5916727785823275
2.8423709931771093
1.1488348542809166
3.613405166019526
3.8644875922164315
4.003373347706698
2.0550365325772657
0.0
0.0
2.2806390622295662
2.524397470347699
1.8419171866886992
1.3366664819166874
1.9628066316931743
2.3700333844140458
2.3806286041263833
3.006238928653389
2.6644977792004614
4.0238458243068465
2.0922718656836103
1.456564762130954
1.2638091738835462
1.4899343783255763
1.186278124459133
0.0
0.0
2.263809173883546
1.684185736908434
2.378783493486176
2.800044618479009
2.8537196970758525
2.020186696844248
0.0
1.53012496531497
2.448815635725185
2.0202442071537563
2.224394445405986
2.5144093452479406
2.64488945173324
2.5656256092405534
2.765957320949175
0.0
2.0670314951575843
2.2389205950315936
0.0
1.2958363892911637
2.556656707462823
2.699513850319966
1.6956893045363468
2.855904922469693
2.080500530640267
3.049167272452843
3.8189639367060906
2.5492553971685
1.75
0.0
2.3329145639793976
2.5883912141109655
3.850982525323082
3.879910170081699
3.6281788869920293
2.436278124459133
0.0
2.0375438189150485
2.2261207468426805
2.54763634476985
2.546846589342404
1.1981174211304033
0.0
2.4662478973127313
2.278351811711312
2.8655768552072476
1.8565647621309542
3.8854970772704815
3.7790703376358743
1.7169171866886992
2.495461844238322
2.4159220638351666
2.1697367178034828
2.7489400470054295
2.35845859334435
2.8073549220576046
2.0741647430225756
0.0
3.208694969562842
0.0
2.822579761842491
0.0
2.4729055953200563
2.0157404324930677
0.0
2.4956029237290127
2.810446901403825
2.3329145639793976
2.35274578087187
2.7550576199383072
2.5497873815230374
2.359879028736861
4.003602933465513
2.8611665030805615
2.7045348998193433
3.284082906666458
1.4108478748063633
0.0
2.495602923729013
2.610577243331642
1.5435644431995963
0.0
0.0
2.117445131143149
2.5219280948873624
2.41379956460568
2.546439344671015
3.9539262900334315
1.2577148214953864
2.924229913600145
2.35274578087187
3.09306920777189
2.3859768596329824
2.307820398454125
2.2256051990169436
1.8322628970242685
2.521640636343318
2.176908169168578
2.9040418805979287
0.0
2.522740045214949
1.9015064025015063
2.7959551429857226
2.2988252450030506
0.0
1.7216117239699014
0.0
1.822815600352516
1.8024212838293645
1.3824373408045867
1.9056390622295665
2.548865913981859
2.4056390622295662
2.270942421748537
1.870253816431622
3.070847093622518
2.291620193427939
2.556656707462823
1.9293092079167293
1.173030669557363
1.9990298316961874
1.9546859469463558
3.9172364757075973
1.4256051990169438
2.404678473063571
2.3655962303576015
3.2653115322251014
1.5032583347756456
1.8763576394898522
3.049523459597832
3.326360407952694
3.1928966084191077
3.1689852837277743
0.0
1.950212064914747
1.5919171866886992
2.0178015074140134
1.7019011889093374
1.1657840518150733
0.0
0.6840384356390417
2.524397470347699
2.7827315205218937
2.1465318247166496
3.8504426460367855
2.647592147308496
2.6062389286533896
3.972271937296669
2.084183719779189
2.005977711423774
1.9254106352407239
2.610577243331642
2.1405180562767114
0.0
1.822815600352516
0.0
1.2896085583481507
2.408549096875309
1.9852281360342512
3.0781850232981505
4.083010631416853
1.4815419333359277
1.6183941088363931
1.845627669738219
1.8206641857090724
2.074164743022575
4.003750375843076
4.012154213643772
2.245869617795809
0.0
1.2970892603744264
2.291620193427939
2.1492553971685
2.5046934208291405
2.90180665191376
2.973557262275185
2.701375755906049
2.545573263111497
2.9538678589595166
2.4857312481032303
2.485498448028842
2.6817540114099554
1.7233083338141042
1.1488348542809166
2.6565647621309543
2.952819531114783
2.467720100474499
3.9070642408432383
2.422579761842491
3.0565647621309537
2.440404017720928
2.2389205950315936
2.389898095464287
2.1055872616982603
2.5910029073801066
3.913545755073571
0.37123232664087563
1.595461844238322
2.789898095464287
2.2667574842042293
0.0
2.4591479170272446
1.7947367178034825
2.4419235206010987
2.0306721295208874
2.6070904061744136
2.339572261986723
2.5232314287976205
0.0
2.4225797618424916
1.311278124459133
2.270942421748537
0.8865408928220899
2.6556390622295662
2.9852281360342525
2.5550365325772657
1.936278124459133
2.217021885879718
2.673996476221812
2.332914563979398
2.3531906713383224
0.0
3.72571402605059
3.7329197466888124
3.7349141535809864
2.60845859334435
1.8050365325772657
1.6879430945989
1.2958363892911637
2.091124755212831
1.875
1.8437519544205019
2.453582957309917
2.6022170014624826
1.7382689280764647
1.8024212838293647
1.6253785496437987
2.3248629576173565
1.927451224964519
2.862961352340425
2.789898095464287
2.3248629576173565
2.33012496531497
2.224601752714581
2.8206430175852826
2.610577243331642
2.4826170920085118
2.0609640474436812
2.467720100474499
0.0
3.95363383544201
2.440223928941852
1.4955380299191112
3.9585689178062533
2.368681608963656
2.125
2.0419460322060456
2.8709505944546683
2.4662478973127313
2.794653473544342
2.4885548621928453
2.517405811425518
1.5347871065076941
2.260820318171659
3.2542325322897576
2.8395982887330335
2.779822781587355
2.312907291846956
2.5304930567574826
2.363865121950854
2.259799223400567
3.593997619834324
2.217021885879718
3.894557973188271
2.0061612064153094
3.0213383566902525
2.610577243331642
2.1622242557679536
2.4772170014624826
3.0860486238704348
2.524397470347699
2.0741647430225756
1.6774212838293647
3.4498376288991537
3.97354294276418
0.0
0.0
2.0192365361682794
0.0
2.1735572622751858
1.5275070675902451
2.424835634986198
2.0091553909100295
2.524397470347699
2.556656707462823
1.6627992560224794
2.649397470347699
1.6894822670191825
2.0550365325772657
2.4313076001654323
1.7723388509380997
2.594117891631186
2.8603207778330435
3.346439344671015
0.0
2.9346939516467017
0.0
0.0
1.2886134199863002
2.5492553971684995
2.0577174691301483
2.016875695766564
2.1194140305639055
1.707803343297225
1.2916919971380596
0.9709505944546686
2.2261624731578604
2.899397470347699
2.0698936164374757
2.0662478973127314
3.9093781894347797
1.768853837616
3.053400832946984
1.8556037770398301
1.8016366412706075
2.2251852797155727
2.274397470347699
2.8073549220576046
2.239097917988786
2.422579761842491
2.365596230357602
2.702819531114783
2.640772483430232
0.0
1.7743974703476992
1.9182958340544893
2.35274578087187
2.4137995646056805
2.730145743710253
2.7247198033190516
2.5447367178034823
2.7967934947545605
3.332949869741615
2.737558931958651
0.0
0.8683927290103626
0.0
0.0
1.924824066737395
2.119716230759037
2.4085490968753085
1.836591668108979
1.9275320167427823
2.091917186688699
1.5744174271404585
1.5546097612655667
1.0949143184120975
2.472905595320056
2.067031495157584
2.3908054820769817
2.7550576199383072
2.289246428509158
1.8763576394898522
3.03856233607563
3.4739820661114935
3.85721069137528
2.498929563690935
3.4659866776877077
2.279799131837405
2.0670314951575843
2.8423709931771093
2.6022170014624826
3.9366330069270403
2.606238928653389
2.4863286677871854
2.077819531114783
1.9990298316961874
2.7052290027422967
1.9327229249500353
2.330271284264167
2.66634260514767
2.040223928941852
3.992490624432571
2.8423709931771084
2.992856050160461
2.6582680180511957
2.5480797641829533
2.195223828139826
2.365957320949175
0.0
2.73345859334435
1.5567796494470394
1.9461715671127928
2.6601297526332575
1.9814963295286754
2.591793226077496
3.0130709291038453
3.077780939298761
2.5974168451037096
2.5981578497775537
2.4772170014624826
2.535010175434736
2.4164997849817107
0.0
1.5546097612655667
2.2389205950315936
2.4300365325772653
2.366428310992824
1.061278124459133
1.701274591568175
1.3516292011348527
2.74894004700543
2.6455933144511468
2.8962915290459286
2.689246428509158
1.198192411043098
2.3329145639793976
4.04462580868247
2.202819531114783
2.0131324651707385
2.1209520310264036
1.9211854965885544
2.0225797618424917
0.0
0.0
0.8683927290103626
2.086048612313038
1.640223928941852
0.0
3.668421518161902
1.061278124459133
2.080500530640267
0.0
0.0
2.7946534735443422
2.536608254391499
0.0
2.349601752714581
1.2197484934607565
2.2810361125534233
2.656564762130954
2.390805482076982
2.6800365325772657
2.0989295636909353
0.0
2.8026106623129876
1.786311831947582
1.9841973056014781
1.9182958340544893
1.992778107459939
2.5697738350294776
2.4137995646056805
2.827819531114783
2.33901192379001
2.875
2.4006829536694982
3.6267338044562334
0.9141828384352135
2.217021885879718
2.984769618706743
2.4137995646056805
1.271782221599798
2.279799131837405
2.0883763717345074
0.0
0.0
2.1061450333085068
2.1063829379027887
2.2062389286533897
1.2916919971380596
2.75
2.209888638014727
1.6922718656836107
2.8423709931771093
2.6755957776053108
2.4846970025308774
2.263809173883546
3.927870455471244
2.7534343861887844
2.349601752714581
2.3898980954642877
3.956253019464301
1.4690471946962462
2.610577243331642
2.522740045214949
1.626688849701832
1.4299111709758698
2.946387519131128
2.8073549220576046
2.3904685707328284
2.4536606896881854
2.6688388898504303
2.50558726169826
2.800044618479009
2.8073549220576046
2.610577243331642
2.35274578087187
3.136337154038528
1.6266144718101818
2.6475921473084956
1.4256051990169438
2.332914563979398
2.4885548621928453
1.7360411676599221
0.0
2.279799131837405
1.4466479595102752
0.9852281360342515
1.9301249653149701
2.5735572622751848
0.0
2.220429781138912
1.4966407621868583
1.7884504573082896
2.7107770844150676
2.263809173883546
0.0
2.4225797618424916
1.9128876215181603
2.424835634986198
3.1898980954642866
2.6100635408770723
1.6627992560224794
2.468624724049719
1.9852281360342514
1.672905595320056
2.656564762130954
2.5648894517332406
2.9232314287976204
2.699513850319966
0.0
0.0
0.0
0.0
0.7345299214394703
1.8062389286533895
1.2958363892911637
1.086987702339905
2.212503842372268
2.217021885879718
0.0
1.6922718656836107
1.7278674937985983
0.0
1.058277043226334
2.2256051990169436
1.1981174211304033
2.0341591278514217
2.8073549220576046
2.390805482076982
2.270942421748537
2.7107770844150676
2.625
2.526280481683624
3.4593268823515313
0.0
0.0
1.7169171866886992
2.7534343861887853
1.9609640474436811
3.051108500731241
2.48345859334435
2.4659573209491747
1.2366407419411674
2.8073549220576046
4.051936159927007
2.721781835882688
2.7617331044269884
2.2806390622295662
2.008694969562842
2.3282129458410017
2.2854752972273347
2.83743011962521
0.0
0.0
0.0
2.3025108045316376
2.556656707462823
1.9211854965885544
0.0
2.780858935500047
1.9072655114661394
2.656564762130954
2.2988252450030506
2.2295739585136225
2.224601752714581
2.131407607854671
2.8697379727293746
1.8565647621309542
2.557727778739319
1.2366407419411674
1.9042250239883554
1.7884504573082896
2.2390183299752544
2.389898095464287
2.6062389286533896
2.389898095464287
2.606238928653389
2.9463875191311275
3.127986806877675
2.606238928653389
2.389898095464287
2.389898095464287
2.389898095464287
2.389898095464287
2.606238928653389
2.606238928653389
2.855904922469693
2.8962915290459277
3.0337781364463403
2.753434386188785
2.8423709931771093
2.753434386188785
2.7534343861887853
2.9337845426315847
3.5610514015062575
2.606238928653389
2.606238928653389
2.606238928653389
2.606238928653389
2.606238928653389
2.606238928653389
2.606238928653389
2.606238928653389
2.606238928653389
2.606238928653389
3.1416354077249595
2.8037016960573484
2.8423709931771093
2.6282129458410015
2.9463875191311275
2.753434386188785
2.8962915290459277
2.867633890971212
2.8962915290459277
2.8962915290459277
3.077819531114783
3.1464393446710153
3.1942374312668544
3.0306390622295662
3.046439344671015
3.4541684103574046
1.822815600352516
2.8522170014624826
1.9211854965885544
1.9068905956085187
2.2464393446710154
2.279799131837405
2.823465189601647
2.8962915290459277
2.656564762130954
3.03856233607563
1.7884504573082893
2.5735572622751848
2.363865121950854
2.54333405195336
2.0419460322060456
2.6601297526332575
2.928212945841001
1.7382689280764647
2.1280852788913944
0.0
3.2359263506290334
1.9986525468781666
3.1219643096414798
0.0
2.1719505165357167
0.0
0.0
2.5550365325772657
2.3522170014624826
3.0986885704510967
1.2309595631140104
1.9561386673686305
0.0
0.0
2.091917186688699
1.8240460500219924
2.655050539417774
2.3655962303576024
1.0
1.2958363892911637
3.192417846776969
1.2170387554376858
2.8638263900908156
3.4541684103574046
2.1266144718101816
2.6037016960573482
0.0
0.0
2.475273234346241
2.8920186296362997
2.4237949406953985
1.965596230357602
2.708966082694623
2.0989295636909353
2.2815101887362594
1.8638263900908159
2.1054105870684143
2.0989295636909353
1.8024212838293647
2.6688388898504303
2.9101750463407297
2.5189432299090937
2.135053392163643
2.0191534613250357
2.3608015840569645
2.1054105870684143
2.557727778739319
2.373735909525858
0.0
0.0
1.4056390622295665
2.498929563690935
2.6426434808900545
1.9669171866886992
2.263809173883546
1.731360029190912
2.548076663102543
2.610063540877072
1.731360029190912
1.7534343861887849
3.3921472236645345
1.5058231002082845
2.4922031072054134
2.636056086195823
2.1895415173391393
2.9053077763737463
2.4566437016935008
2.9072682296173893
2.846140128746668
2.668385991622478
0.8366407419411672
1.5628066316931741
3.8833404803095255
1.945530556036326
2.591793226077496
2.259799223400567
1.0529815751302694
0.0
2.7329145639793975
0.0
1.3968436982954155
2.3904685707328284
2.4536606896881854
2.6688388898504303
2.327632809290636
1.6444492199495464
1.681899067522611
1.7295290545023005
2.013006500506917
1.8419171866886992
1.8675416913014387
2.0550365325772657
0.0
2.4056390622295662
2.9735572622751847
3.98476782980547
1.7273966735744792
1.889916845319988
1.878685982661894
3.871303910845129
3.9884675413376867
1.947338796187554
3.3564924137968246
2.05621500939744
1.8254513993116463
2.1492553971685
2.1464657985040723
2.5452094407051864
0.0
0.6962122601251458
2.217021885879718
1.5394705707972522
0.0
2.855953642864355
0.0
0.0
2.459147917027245
1.6266144718101816
2.8962915290459286
2.495602923729013
1.2772018112022603
1.9386790169573507
2.495602923729013
2.481714572986072
2.1577174691301484
2.498929563690935
2.610577243331642
2.0670314951575843
2.6384600665861555
2.1324373408045867
2.3248629576173565
2.6062088944024344
1.014097655573916
2.005977711423774
2.495602923729013
2.4300365325772657
2.3975267432099665
2.077819531114783
2.6455933144511468
2.7534343861887853
2.0634582986483037
2.3329145639793976
3.438721875540867
2.493541090353655
0.0
1.8073549220576042
1.0949143184120975
2.395461844238322
2.1209520310264036
1.5744174271404585
2.078491674029184
2.19508495181978
2.247084753917085
1.3716407621868583
2.557727778739319
3.0503018554349812
3.9366003173212487
3.208806871223069
2.816307519224645
2.0191534613250357
2.365596230357602
3.065957320949175
1.6337314206421327
0.9402859586706311
1.439254017211876
2.610577243331642
1.9057584610289318
2.7107770844150676
3.331945493364032
2.296316830826212
3.1368637096073178
2.8152023999804863
1.9751060324573735
3.2959145219518393
2.8503485378425646
2.699513850319966
1.8565647621309542
3.084895119997385
2.606238928653389
1.2866926683547546
2.495602923729013
2.0948567835487384
1.8625319799338416
2.047820072251734
0.0
0.0
2.6497944620435705
2.8638263900908156
0.5746356978376794
2.4772170014624826
1.822815600352516
1.893766673801451
1.9211854965885542
3.9307577396737177
2.146465798504072
2.424835634986198
3.856312404804365
0.0
2.869737972729375
2.760666827231598
2.847054654208527
2.785554632098879
2.910992253015046
2.3904685707328284
2.1464657985040723
2.6688388898504303
2.227217001462482
2.4830067805200744
2.858278308418045
2.165957320949175
2.5783371647621083
2.6143340317924078
2.808694969562842
2.555340569206221
2.0306390622295662
2.0131324651707385
0.0
2.1440239107574226
3.3608664399441444
2.367111469779674
2.1280852788913944
2.1812056673346514
2.6895253832100687
2.427501949976853
3.016875695766564
0.0
0.0
1.5916727785823275
1.8322488896002305
2.4729055953200563
2.771902372038559
0.0
0.0
0.6962122601251458
2.41896119556797
3.8707951121397763
2.0321496699531787
3.006238928653389
2.1820058147602133
0.0
1.6697367178034823
2.85845859334435
2.7232196723355075
2.3071885761626687
2.8221819586428727
2.064042639445697
2.8464393446710154
1.4657904693384451
3.951870610308927
0.0
1.689391746743088
2.9232314287976204
0.0
2.5566567074628237
1.8423709931771086
2.2952174219545816
1.8565647621309542
2.5223939303299114
1.9211854965885542
2.984234164652489
1.4108478748063633
0.0
0.0
0.74959525725948
1.9211854965885542
2.332914563979398
2.0670314951575843
2.7395722619867224
3.127986806877675
3.4573155075365625
1.8828560636920488
3.4240244208650217
2.75
2.341609150457117
2.7373227798185953
2.714401073652438
1.311278124459133
1.7187828921272557
2.1690354219421173
1.626688849701832
2.8016094970590277
1.8177405055410072
2.3677441766885825
2.155968102145908
2.950212064914747
0.0
1.4567796494470395
0.0
1.2309595631140104
2.2120588327576596
2.689246428509158
2.24833883491675
0.0
1.7232314287976207
2.4137995646056805
2.466247897312731
3.356492413796824
2.3787834934861753
2.362355971203013
2.289246428509158
2.6565647621309543
2.389898095464287
2.472905595320056
3.341145052120446
2.5495234595978324
0.0
2.4677201004744993
2.3248629576173565
2.606238928653389
2.5560542104133326
2.382856063692049
2.0273941713765185
2.4772170014624826
1.7534343861887849
2.222683189255492
2.8665871058289594
2.2806390622295662
2.072905595320056
2.4056390622295662
2.3071885761626687
3.20323592563305
2.7272170014624826
3.9767104022880724
2.4956029237290127
3.141920482081218
2.8218881955261788
2.467720100474499
3.537147636795641
3.4910073483370945
2.35845859334435
2.7898980954642876
1.4256051990169438
1.3372449392958772
2.1179631753145163
2.3208020839342964
1.9197367178034825
2.057924310831006
2.288019280279689
2.057924310831006
2.3299574748443264
2.5048003829823355
2.022579761842491
2.6022170014624826
1.5744174271404585
2.35274578087187
2.3507720234032266
2.0419460322060456
2.057924310831006
2.288019280279689
2.3921472236645345
2.2096909728231857
2.9103392887261097
2.9624623598051016
4.023128256028946
3.8879945741563433
2.48345859334435
2.155913095175825
2.378783493486176
3.1009166856947723
3.3270900447203595
2.9140163035068447
2.8537196970758525
3.101227480952956
3.0271691184406184
3.101227480952956
2.969731566544131
3.1009166856947723
2.8152023999804863
2.8073549220576046
3.141619208183979
2.9697315665441306
3.236857303422074
3.27280432733462
2.6892464285091577
2.969731566544131
2.9697315665441306
2.5495234595978316
3.27280432733462
3.1015087558678776
2.8073549220576046
3.27280432733462
2.8385464473934894
2.8510644374893808
3.2433003685389576
3.0048861640918427
3.095795255000933
3.437005148199783
2.0
3.6269928523648183
2.946439344671015
3.9042145573865468
1.950212064914747
3.2407369864152793
2.5048003829823355
2.271782221599798
2.1127408236392258
2.378783493486176
2.3248629576173565
2.448815635725185
3.0528786893420303
1.2309595631140104
2.649397470347699
2.640111173284975
1.6894822670191825
2.6793652793002187
3.0739463078359446
2.8876315956077256
3.1399380990090107
3.7883667920082233
2.9056390622295662
3.973382418515921
0.0
1.9301249653149701
3.799093313620196
1.6960884128159108
2.3071885761626687
2.3454372523105547
2.8603207778330435
2.225605199016944
2.9659573209491747
4.036879619300725
1.6493974703476992
2.728857990108783
2.253690051211817
2.6848794615210916
1.8788765742524296
3.039148671903071
2.4331958387289765
2.0131324651707385
1.7695459925589747
3.9882475528573207
2.7777768114567865
2.146782221599798
2.0804820237218404
2.5061440668531976
1.8784775129881184
2.950212064914748
2.1173503715768223
2.0021722231837638
2.2609640474436814
0.0
2.373735909525858
3.881489360772527
2.4016094970590274
2.4588718484453604
2.551098171007265
2.1234786725698864
3.974549942091786
2.365596230357602
2.3248629576173565
3.412372432257102
1.731360029190912
2.8464393446710154
2.091917186688699
2.3068905956085186
2.4225797618424916
2.7107770844150676
2.5385633610646092
2.45887184844536
0.0
3.956335235898749
0.0
2.3318026736242854
2.889549430862088
2.2825887305018333
2.3576039891860257
2.4956029237290127
2.495602923729013
1.6894822670191825
0.954434002924965
1.103307408607834
3.00623892865339
3.018088242238599
3.3361398424249527
3.625309850646197
1.2366407419411674
0.0
2.422579761842491
2.1451363701530526
2.727217001462482
2.080500530640267
3.1158340921632193
1.755336213432141
1.5216406363433184
2.210973616506754
3.0
0.8524051786494786
2.8522170014624826
2.2684727516311214
2.220429781138912
4.014194672465756
0.0
0.0
2.1492553971685
2.321127473337187
2.6086949695628423
2.579171380180126
2.470051040248247
2.4258734828291604
2.242518703017229
3.0359793243293374
2.885373119003964
3.4152561427200046
3.2952175624983884
2.7647268954196216
0.0
3.146557814306143
2.591793226077496
1.6493974703476992
1.875
1.894273869771264
2.224601752714581
2.8962915290459277
2.005977711423774
1.9087830712952814
2.2469113240052834
3.1502856177071688
2.656564762130954
2.1577174691301484
2.225610814520738
0.9852281360342515
2.4477979600193267
1.8453509366224368
2.4315660145410205
1.5628066316931741
1.8892464285091581
1.3995812306460644
2.973557262275185
2.49155327022262
3.9664621571620207
1.731360029190912
2.63947252694149
2.1054105870684143
3.6299949329165844
2.609850166028943
3.106890595608519
2.1735572622751853
2.1280852788913944
2.9655839357277807
3.893328442554181
2.120952031026403
0.0
1.610577243331642
1.5628066316931741
3.9231694171982587
2.279799131837405
2.451011518271973
2.5566567074628233
3.4472426914599468
3.651098034294776
3.9719235768947767
2.5341468438052397
3.1856675431837065
2.086048612313038
3.185097794106435
2.7078405195307838
1.5394705707972522
1.5715416718219246
2.6682958340544896
1.8565647621309542
2.794653473544342
2.8729055953200553
2.0948567835487384
2.8218881955261788
2.7395722619867224
2.699513850319966
2.7324637247241337
2.692380602454975
2.387918502671133
3.536910677117275
1.781937063546704
3.949305908469344
2.063458298648303
2.6601297526332575
2.49155327022262
1.6894822670191825
0.0
2.610577243331642
3.4148657099397464
3.8754034161843074
3.8972656068980793
2.365596230357602
0.0
0.0
0.0
2.816307519224645
2.773131523414322
2.955795331773674
2.359879028736861
2.2806390622295662
2.1266144718101816
3.1841837197791887
2.327632809290636
4.058015249331336
3.9531019149915148
2.233997907838827
2.7528553052032323
2.6455933144511468
1.7534343861887849
2.8221819586428727
1.7079046539734877
2.6556390622295662
2.270942421748537
2.71187789258087
0.0
2.2623623773882575
1.3862740938959681
2.0081320258333997
2.3134597501718237
0.0
1.4838317068446891
1.404678473063571
2.586887840995814
1.610577243331642
2.5775689644321154
2.1231991154262255
2.1470776733965518
2.0989295636909353
2.3318299273282146
2.699513850319966
3.9768935404223327
2.659810109746918
2.9258530145612824
2.725480556997868
2.606238928653389
0.0
3.0565647621309537
0.0
2.460964047443681
2.4010583224943756
2.364785262894329
2.345719283930527
2.1800365325772657
2.352217001462482
3.8524498471288937
0.0
1.9628066316931743
2.467720100474499
2.202819531114783
2.7550576199383072
4.03846523005583
1.5650052234382272
2.0233404348510473
3.8939873802040115
3.894493538337585
2.196446712893367
1.5589385323502771
4.007490597375964
1.4488156357251847
0.0
2.5492553971685
2.3787834934861753
1.532914563979398
3.3637974358257536
2.9477027792200903
0.8030717273241024
2.1726036347680946
2.325693025890049
2.4137995646056805
1.6266888497018317
1.875
2.1492799881316267
0.0
3.405304428166081
2.1878785072265203
2.220429781138912
3.9272088452442353
3.94644137237595
1.6627992560224794
2.7792553760679404
2.803701696057348
0.0
2.52902557364365
2.5195743359515355
2.60845859334435
3.1216535224393334
2.6644977792004614
2.48345859334435
2.4980775466236413
2.466247897312731
2.610577243331642
2.288019280279689
2.656564762130954
3.9909149654446585
2.524397470347699
2.0550365325772657
2.7395722619867224
2.2954618442383214
2.217021885879718
0.0
2.4137995646056805
3.9976699923614145
1.2787475490004674
2.624286608975459
2.1740358683479806
0.9182958340544896
2.4137995646056805
2.8423709931771093
2.057924310831006
3.690920976928395
1.8288713632524445
1.9546859469463558
2.39207883297832
2.708694969562842
2.660673233416842
2.4662478973127313
2.8016094970590277
2.072905595320056
2.075074223172834
4.019193576716555
1.4152689500270954
2.495602923729013
2.3220847276178658
2.377443751081734
1.2916919971380596
2.217021885879718
0.0
0.0
0.0
2.950212064914747
2.6644977792004614
3.334209459448049
0.0
0.0
2.4915485198790632
2.130470963575288
1.7924812503605785
2.312907291846956
1.965596230357602
2.4885548621928453
2.2295739585136225
3.020727779800786
2.0274893113295236
2.8078154240614452
2.7075696535050606
2.4662478973127313
2.214773694089725
2.216521698179525
2.155968102145908
2.521640636343318
2.974937501201927
2.5218221688567297
2.3355055565170972
2.9086949695628417
2.6858157091530304
0.863120568566631
3.8854646557811567
3.82638672569845
2.1800365325772657
2.5703326197105736
4.08299411614711
2.2062389286533897
2.6892464285091577
2.4225797618424916
2.8962915290459277
1.9301249653149701
2.606238928653389
2.472905595320056
2.1279868068776753
3.8810153120039894
1.8327230088457283
1.8322488896002307
2.7524876891689534
2.699513850319966
2.624726209504296
0.0
2.803701696057348
2.3242764617775697
0.0
2.794653473544342
2.4980775466236413
2.951030703872751
2.424835634986198
2.145136370153053
2.4237949406953985
1.7273966735744792
2.653107168362811
2.3082708345352603
2.971962854481335
2.603975726610715
1.7273344666381947
1.8423709931771084
1.9211796919474975
1.681899067522611
1.6737949406953985
2.134969974603941
2.0741647430225756
0.0
2.2339466645252255
0.0
2.556656707462823
3.897986999737894
3.6966912610488984
1.2866926683547546
2.3551164151968456
1.5136624542334844
3.3636291466410166
0.0
1.4345491399952024
2.6644977792004614
1.7263472243434208
2.0461796919474975
2.5492553971685
0.0
0.0
2.0535088547976783
0.0
2.6384600665861555
0.9463729359854419
2.4677201004744993
0.0
0.0
1.442508097190614
3.6565531941884704
0.0
2.2062389286533897
2.374556048381884
1.6644977792004614
2.939829017466402
2.5
2.822181958642873
2.4137995646056805
2.539353872167201
2.770950594454668
2.610577243331642
2.895505620611538
2.954003642329854
2.610577243331642
2.1552215288595122
1.7263472243434208
2.495602923729013
1.965596230357602
2.7052290027422967
1.7987949406953985
2.9242299136001453
2.4137995646056805
2.270942421748537
3.652959880433471
2.4477979600193267
3.9172364757075973
0.0
2.5492553971684995
2.270942421748537
2.753434386188785
2.1209520310264036
3.920232427039092
1.8423709931771084
2.217021885879718
2.35274578087187
2.974937501201927
3.1186533736747593
2.699513850319966
2.467720100474499
2.555913095175825
1.6840384356390417
1.8313135686043989
2.1179631753145163
2.1179631753145163
2.4130884364257574
1.9864267287308424
2.362355971203013
2.7068905956085185
2.077235445408308
3.303913345734721
3.113124708596788
2.715577020223582
2.064042639445697
1.9852281360342514
2.025530007843451
2.584262225315332
0.0
0.8997437586982626
2.378991986900062
2.8423709931771093
0.0
1.8895782867502309
2.327892846383611
2.1820058147602133
2.2825887305018333
2.699513850319966
1.6688388898504305
2.217021885879718
3.8326108225492415
2.8073549220576046
1.9042788285498586
0.0
0.0
1.6879430945989
1.9669171866886992
2.7068905956085185
0.0
0.0
1.145235779471061
2.263809173883546
2.0782975702780195
2.152518266288633
1.9035239700887407
4.121317150052553
2.7334585933443494
2.467720100474499
2.5577174691301483
1.6893917467430875
3.91846363218155
0.0
2.657742726504889
4.012947336412082
2.2256051990169436
2.7727236360178322
2.3991303913908
2.129390686118258
2.3977896371457224
1.930080144111599
2.2295739585136225
2.263809173883546
2.251629167387823
2.3189516306418954
2.557727778739319
2.548079764182954
0.0
2.4410685859554375
2.5550365325772657
1.5744174271404585
2.4772170014624826
2.365596230357602
2.835237745312118
2.263809173883546
2.601609497059027
1.7587559869687581
2.60845859334435
1.6894822670191825
2.074164743022575
2.3995372250875984
1.5525376869038472
2.426402541105223
2.0487949406953985
2.1319045869417734
2.531510777487775
1.9852281360342516
3.239097917988786
2.2806390622295662
3.538072172376042
1.8322488896002305
2.4300365325772657
2.0402239289418524
2.5136459293583706
2.495602923729013
2.771902372038559
2.0922718656836103
2.0670314951575843
2.5675300937945202
2.083431198783941
2.6981203125901447
2.2588718484453603
2.9797213575823873
2.9232314287976204
2.5495234595978316
2.5100564603565387
2.9282129458410013
2.074164743022575
2.217021885879718
1.76420450650862
2.148834854280917
3.1717724742428297
3.950296292954041
2.2988252450030506
2.077819531114783
2.450699332842307
2.495602923729013
0.0
3.1748858687242363
2.0191534613250357
2.2256051990169436
2.2256051990169436
2.365596230357602
1.822815600352516
2.2825887305018333
2.117492461184755
2.5220552088742005
2.4885548621928453
2.6416041678685938
2.5996659733039564
2.3977896371457224
2.2295739585136225
2.4655292671008886
0.0
3.9562230166441767
2.146782221599798
2.35274578087187
2.0461796919474975
0.0
2.4772170014624826
2.155221528859512
1.949137865273585
2.217021885879718
2.4255339864017804
2.1280852788913944
2.6659573209491754
2.6565647621309543
3.942511835572919
3.478402505261205
3.7264717699892134
2.3935474965388988
3.8868577395491677
2.067031495157584
3.09306920777189
1.4913146570363986
1.319035274338866
2.013132465170739
2.610577243331642
1.2059413017339653
2.705229002742297
2.6062389286533896
2.0989295636909353
1.7224945678306307
4.0245587061898
1.8380267541624737
2.1280852788913944
2.699513850319966
2.1179631753145163
1.5916727785823275
2.424835634986198
2.5492553971684995
3.9344670377152275
0.0
2.1492553971685
2.6556390622295662
2.6416041678685938
1.8709505944546687
1.5628066316931741
1.7832474385325099
2.0300872246321315
0.0
0.0
1.7534343861887849
1.856564762130954
1.8799649487271108
3.0363722498302232
2.019079840822976
2.974937501201927
2.8895681174890337
2.4137995646056805
3.2476384427292793
2.9151959937952423
3.027468079535331
2.406666316740689
2.577819531114783
2.0481270304082697
2.1464657985040723
2.3588718484453604
2.5305305774401186
2.3327853303971717
2.270942421748537
3.1606894051919547
2.606238928653389
1.2958363892911637
2.209888638014727
2.4410685859554375
2.0670314951575843
1.2086489509530647
2.321127473337187
2.247084753917085
2.745381503719074
3.0
2.6674925305971167
2.5492553971684995
1.9528195311147831
0.0
1.578897902987479
2.387125158510303
1.5478976275004668
2.422579761842491
2.396782221599798
4.035348217914483
2.8729055953200557
0.0
0.0
2.257856063692049
2.217021885879718
2.220429781138912
0.0
2.7898980954642867
2.6100635408770727
0.0
2.0419460322060456
2.4137995646056796
0.0
1.610577243331642
1.5306390622295665
1.3315796225857792
2.7274972248524723
2.35274578087187
2.3788854623691473
3.963408607778071
4.100338272554335
0.0
0.0
2.1864823836654392
0.0
0.0
2.699513850319966
3.006238928653389
2.4531150055728594
2.19291849165332
2.465069461815837
2.1492553971685
2.259799223400567
1.800924277228159
2.28112194140146
1.809200032697812
0.0
2.296316830826212
3.039148671903071
2.699513850319966
2.4613201402110088
1.6137129703673825
2.1506333242880316
2.0593407582869148
2.27959195085763
0.0
0.0
1.8490070880144414
3.9208445622813946
3.9372948697925714
2.5503407095463877
1.4315602842833155
2.217021885879718
1.9160563421790617
2.4662478973127313
2.2256051990169436
2.4662478973127313
2.649397470347699
2.2256051990169436
2.5868878409958143
2.469240782172285
2.6688388898504303
2.516150648454355
2.4466166676282084
2.556774146807922
2.5521796970665482
2.8934671989561176
3.0596030567820085
1.6688388898504303
2.3394011482590806
1.5435644431995963
1.6479181946455819
2.108694969562842
2.6022170014624826
1.7723388509380997
1.6846696209693475
2.8016094970590273
3.0306390622295662
2.7068905956085185
0.969918434275037
2.040223928941852
1.6805563732659934
2.610577243331642
1.9833830982290133
1.950212064914747
1.875
1.9688238866642982
3.987559653180614
2.4164997849817103
2.8073549220576046
2.656564762130954
2.2825887305018338
2.127478486418822
3.041625614369223
1.809200032697812
0.0
0.0
1.870253816431622
1.8353362134321412
2.8560310144308367
3.167124282150162
2.969389419529156
2.5492553971684995
2.1464657985040723
1.9659902819357729
0.0
1.4591479170272448
2.7033403188266765
3.9703234589108254
2.1739731346044096
2.064042639445697
2.155968102145908
2.155968102145908
1.620256341096246
2.0841837197791886
2.4772170014624826
2.08746284125034
2.378783493486175
1.578897902987479
1.7233083338141042
4.040306595558137
3.893377726507451
3.812153410263534
2.8918519463822396
1.9211854965885542
2.6632908081776594
1.8212190502498395
1.9751060324573733
2.59353468416841
1.8937666738014507
2.7076013115120565
2.146782221599798
1.6266888497018317
2.606238928653389
2.4056390622295662
2.2810361125534233
3.3500365423811767
2.939829017466402
1.9426049431802972
1.950212064914747
2.9353764260494435
2.094017981486945
1.949137865273585
2.074164743022575
2.35274578087187
2.389898095464287
2.482292189082415
3.1751231351134614
1.6402239289418519
1.9301249653149701
2.5533858642127227
2.217021885879718
2.3531906713383224
2.6799360853693943
2.602110141984888
2.1506140041158783
2.910211677361916
3.9834948012988627
0.0
1.9386790169573507
2.442862165155466
2.320423374953668
2.2345343316793014
0.0
1.8024212838293647
1.992778107459939
0.0
1.5739889616503064
0.0
2.7898980954642867
2.9037016960573485
2.344588545728125
2.4480235981320417
2.609848961433283
3.010960605406695
0.0
0.0
0.0
0.6609623351442084
1.8423709931771088
1.5546097612655667
1.875
2.610063540877072
2.692380602454975
2.9181821632319624
2.546323864394701
1.7464657985040721
2.7534343861887853
2.9735572622751856
1.936278124459133
1.950212064914747
1.220728902106009
2.465069461815837
2.148834854280917
2.2988252450030506
2.801923998388251
2.3329145639793976
1.965596230357602
2.365596230357602
2.6477178514411284
2.0419460322060456
1.8638263900908156
1.8638263900908159
2.0216148719112956
2.605388542207534
2.2880192802796895
2.5941178916311856
2.7107770844150676
3.1207505427313436
0.0
2.923231428797621
2.303889050536836
3.835307567182613
2.0943609377704333
1.2419460322060458
2.5383105956150063
2.4817145729860726
2.2904619233779213
1.5916727785823275
2.2389205950315936
2.4662478973127313
1.6511972890007982
3.1135388697992603
3.174674231978642
2.845173639173068
1.4083445441575106
1.7169171866886992
0.5032583347756457
2.8962915290459277
0.0
2.0670314951575843
2.3071885761626687
1.727396673574479
2.3522170014624826
2.289246428509158
2.3671114697796742
0.0
0.0
2.7898980954642867
3.0175968822051673
2.596994891941921
3.7746162329843567
2.6556390622295662
3.826530068724361
1.3244602933016414
3.9286989544968285
0.0
0.0
1.8585552118703146
2.1492553971685
2.615724605447171
2.473048966073217
1.6774212838293647
1.856564762130954
2.365596230357602
2.6638651219508542
1.8210319581338212
1.6479181946455819
2.3385107583973457
2.1488358463196944
3.9864975043584225
2.4577174691301487
0.0
3.162505605412089
1.6893917467430877
2.9523191426459237
2.9883167106100115
0.0
0.0
1.620335265838344
2.0705934438130758
2.289246428509158
0.863120568566631
2.2904619233779213
2.577819531114783
3.158738092372471
2.8152023999804867
2.094856783548739
2.6644977792004614
1.2916919971380596
1.3405071628991212
1.9990298316961874
4.003219338516797
2.875
2.48345859334435
1.5589385323502774
3.847079090091882
2.801515280317513
2.29597512699001
0.0
2.0
2.0524212838293647
3.084382579578543
2.50558726169826
3.9553329726826565
2.911080496244278
3.016875695766564
2.903701696057348
2.4729055953200563
4.062659327053448
0.0
0.0
2.1632095937363847
2.59003315350789
2.582031116540498
2.3531906713383224
2.0989295636909353
0.0
3.1072038662650563
3.423981820580905
3.3897670658637624
3.016807506186579
2.9605742573135707
0.0
3.884001338297699
1.765246528378741
1.2059413017339653
2.6873230684749942
3.046439344671015
2.181937063546704
2.270942421748537
1.983084164143437
2.0741647430225756
2.7527152789797045
3.2617543450691975
3.414441303694973
2.664615816909422
2.372094637795624
2.8962915290459277
2.1820058147602133
1.7947367178034825
1.8452178053170998
2.217021885879718
1.8716022614097982
1.8352377453121174
2.542482693809728
2.7052290027422967
1.8322488896002305
2.218846363733215
2.7395722619867224
2.389898095464287
2.1464657985040723
2.0225797618424917
2.1735572622751853
2.524397470347699
2.828493070364558
1.541982284286398
2.217721077570213
2.2256051990169436
2.148834854280917
2.188721875540867
1.8702538164316223
2.1209520310264036
2.072905595320056
2.5100564603565387
2.1800365325772657
2.1280852788913944
2.2569089895583545
2.599011412296561
2.212503842372268
2.4466166676282084
2.8003411555702633
2.7329145639793984
2.181937063546704
2.5152998034933436
2.5016094970590275
0.0
0.0
3.5819545747592065
1.8288713632524445
0.0
0.0
0.0
0.6998428398862386
1.9248240667373948
1.9254106352407239
2.4115091984199104
2.6361750035058655
3.8580957167706127
2.5735572622751848
2.048393575326511
2.9586939817296773
1.3954618442383218
3.926685310108394
0.0
2.0670314951575843
2.4225797618424916
0.0
0.0
1.2516291673878228
0.0
2.218846363733215
2.4577174691301487
2.5025980682472606
2.90194695925137
2.049452072789394
2.682588730501833
2.98345859334435
2.840223928941852
3.155221528859512
3.892466983262309
1.2366407419411674
2.129567987418323
2.5637169871277954
2.3871251585103024
2.4387439204017474
2.224394445405986
2.7744019192887706
2.3636930228018427
2.522620309531022
2.771902372038559
0.0
2.0202442071537563
2.8073549220576046
2.8423709931771093
0.0
1.9852281360342516
2.495602923729013
2.359879028736861
2.984234164652489
2.471109238269861
3.9666630046908193
