Shannon_Entropy
3.261842390463366
3.3133636549517416
2.950212064914747
3.2516291673878226
3.1068905956085184
3.182005814760214
3.5013978254341036
2.287783719941071
3.04642419731627
2.8553885422075336
3.194548827786958
2.7329145639793975
3.4841837197791885
3.3787834934861767
2.8537196970758525
3.6131874400108606
2.9258530145612824
3.4771752334356236
3.55592698363834
2.396782221599798
3.5032583347756456
3.560974488340005
2.9689185639620974
2.918295834054489
2.7806390622295662
3.463465189601647
3.3927474104487847
3.562761010873135
3.03856233607563
3.6678377974034158
3.4594911601991534
3.935955649986687
3.5666921206004147
3.4469144031150467
3.3241767435304808
3.402934238195389
3.308277477377708
3.308277477377708
3.515319531114783
3.2577560641285173
3.2841837197791888
2.6556390622295662
2.8553885422075336
3.7411233606416663
3.238901256602631
3.4632228122910904
3.2466342381206563
0.6665783579949205
0.4689955935892812
0.37123232664087563
3.6729677389182083
3.4387218755408675
3.650013373778756
3.701597680110229
3.1056721842714325
3.8487920504840245
4.026128001509185
3.750844742581261
3.9470852650013297
3.51440934524794
4.034618317629754
3.5841837197791886
3.8972723558549154
3.0220552088742
3.4483382451227294
3.5524525112079455
2.7192945256669794
2.969389419529156
3.1952959344962166
0.9709505944546686
3.375
3.375
3.084962500721156
3.238901256602631
0.35335933502142136
2.7120588327576605
2.9468374992530824
2.4508257945180887
2.6556390622295662
3.189898095464287
3.88534744193386
2.8731406795131336
3.8868846043412195
3.0062389286533895
3.689703732199547
3.788341339656749
3.189898095464287
3.6402239289418516
2.918295834054489
3.419381945646371
3.0220552088742
2.1280852788913944
1.6835024445205309
1.7601553465802904
1.9068905956085187
1.842737648613667
1.1883084294182185
1.6528941751826873
1.8565647621309542
1.8230264907128848
1.6805563732659934
1.4784345996621122
1.690240172266613
1.6610896727583333
1.7167635991992347
1.6479181946455819
1.7381493331928661
1.7654998962681026
1.6395524429854613
1.6733013760180302
1.6388982897948376
1.6222759389452543
1.7567779172908018
1.7629739078284905
1.6691803368667308
1.7861789859292954
1.7355527304721567
1.7155462874275176
1.8243220819972437
1.6862243199033757
3.3927474104487847
3.292770193936991
2.973497414561221
2.5949463795152954
2.807942621966743
3.180832987205441
3.0680303358642105
3.038845522100137
3.106890595608518
3.1157684143908635
2.950212064914748
3.055252898666608
2.752487689168953
3.4830050302680124
2.6556390622295662
3.0220552088742
3.430457025500558
2.396782221599798
3.338804369244613
3.4648530979805168
3.489364839362275
3.238901256602631
3.480721944688849
2.899397470347699
3.5328786893420308
2.899397470347699
3.344360937770434
3.266332639970623
3.353269689515108
3.925613740476478
3.756178461109207
2.897849384264468
2.792481250360578
3.8727871818191533
3.786017049292404
3.02228695549263
2.8729055953200557
3.53616167045514
3.3342094594480485
3.8084598206883173
3.2098671219040353
3.348798912202497
3.7616606300104385
3.9104640126046974
3.5284918290289053
3.170134892428193
3.0930692077718893
3.808333955181581
3.501629167387823
3.529696439528413
3.751846442794295
3.5352926367167816
2.952819531114783
2.688721875540867
3.613337314045307
3.0269868333592873
3.327339900083509
3.5622277244985057
2.021782221599798
1.3520301017579528
1.9393538721672008
1.9211064542967686
3.576617644908665
3.845871285471606
3.772055208874201
3.867737106338011
3.8953823913226584
3.663532754804254
2.2806390622295662
2.3553885422075336
3.2516291673878226
3.795088586397733
3.1898980954642866
3.4316235658474303
2.1608467607817
1.98404513501038
2.217021885879718
2.133937566094917
2.054585169337799
0.3227569588973982
0.18717625687320816
1.2958363892911637
2.347067094075591
2.422579761842491
1.6140054628542202
1.8314018453921717
2.1050299225462052
1.271782221599798
2.4914140933210747
2.287783719941071
2.720400920900922
2.521640636343318
2.7744998774912792
1.7556266947226713
0.2580186686648155
2.4775640793284857
4.112285391165675
3.2932140933854797
3.080489394133351
3.9035239700887416
3.0376827622893847
3.2996971362101686
3.1634116623870265
4.054580352404243
2.8150724101159437
3.3439485586434885
3.1427933465212146
4.123524262596172
3.0748356850629137
3.757854445516394
3.182005814760214
3.3769969054470677
2.374556048381884
3.730289691218125
3.169925001442312
3.6074753914554893
1.2638091738835462
0.9760206482366149
1.3143204867061788
1.760495029766198
2.7107770844150676
2.7500635229313355
3.3918926446809317
2.9689185639620974
3.1395722619867223
3.534219021180341
3.0269868333592873
3.4193819456463714
3.231401845392172
3.7898980954642876
3.6841837197791882
3.172810733519864
4.110720072686213
2.751629167387823
3.639408423097839
3.4757315032041878
3.4117518537749354
3.71378046369979
3.386266142526533
1.7720772537350808
2.2516291673878226
2.149397470347699
1.1867198445327563
3.3787834934861767
3.3927474104487847
3.52257158913636
1.834330465748335
3.8373261452560077
2.871596383178741
3.8990912168196807
3.855382996279247
3.180832987205441
3.795042772369206
2.9339545780481746
3.4387218755408675
2.8962915290459277
3.744900586602905
3.0790795706241743
3.7054239009957453
3.8742089292303143
2.155968102145908
2.899397470347699
3.633766930989916
3.962103165155795
2.950212064914747
3.778072268663131
1.1009828144799871
1.9974826032927555
2.2841591278514217
2.927451224964519
2.573557262275185
1.2958363892911637
3.896291529045928
3.939829017466402
3.6178096843744547
3.5883543471732335
3.826615385895286
3.2927701939369904
3.945464952495108
2.969389419529156
2.440223928941852
2.9398290174664026
3.521640636343319
2.70143323925505
3.22467921775583
3.683796945555042
3.1556390622295662
3.24249629764402
3.6043232416804374
2.6841837197791887
3.6619328723735824
3.240223928941852
3.3387495672237675
3.2780262306743597
3.236186283255413
2.8729055953200557
3.805761811409652
3.197159723424149
3.1464393446710153
3.1158340921632206
3.239079570624174
3.4399062531785916
3.454685946946355
2.623516641218015
3.411292961913278
3.43162356584743
3.351227480952956
3.0306390622295662
3.155221528859512
3.5063672253535
3.7528285348190678
3.010570934268483
3.8198625192152273
3.378783493486176
3.5416920639190304
3.709132133786865
3.4481598770434116
3.459470570797252
3.085055102756477
3.327136685629678
3.478065264267491
3.4484396079803274
3.039148671903072
3.5554141844097327
2.8155527162681313
3.450460078606792
3.6242685482546197
3.564465015109517
3.2516291673878226
3.346439344671015
3.4617616455244478
3.3688840705376353
3.180832987205441
2.8423709931771093
3.146286370662105
3.172441467515504
3.6572901364521044
2.9591479170272446
3.4942393994994716
3.106890595608519
2.077819531114783
3.467451694591552
3.0220552088742005
3.0849625007211556
2.8522170014624826
1.206908425151817
1.4516004395921698
3.6163485660751635
3.8607833528033657
1.4488156357251847
3.2516291673878226
0.28639695711595625
0.39124356362925566
2.2212209686904365
3.5585186130489057
3.5464393446710156
3.180832987205441
3.327819531114783
2.6258145836939115
3.010570934268483
2.021782221599798
1.969389419529156
2.0078560636920493
1.9132211452241212
2.040223928941852
1.7419560553694582
1.9197367178034825
2.0324754741921796
3.6083327552710234
3.5282098466954115
3.329594236559539
3.384183719779189
3.6281975359511223
3.3614063297218424
3.5363302230396325
3.0016094970590275
3.5065976592457875
3.7031083516890226
3.7427845114936993
3.342848183285656
2.6535442970305683
3.4574599877827406
3.7037751248486446
3.5667920437069127
2.7806390622295662
3.286790198827112
3.601903090297621
2.2062389286533897
3.632888427914606
3.786492389019879
3.703242907913381
3.8075628220125775
3.67829518958677
3.700266459073937
3.7073631124273265
3.6719112133136993
3.683573678039315
3.7950885863977324
3.7287244452691404
3.7182377194067677
3.9282708759947114
3.8656345102637433
3.5424812503605785
1.2197484934607565
2.752487689168953
3.5121884039686613
2.6556390622295662
3.0220552088742
3.430457025500558
2.396782221599798
3.338804369244613
3.7849418274376423
3.966831272699697
3.9384044260046442
3.943942707918268
0.9940302114769565
1.123087582630798
1.7064037619433776
2.252264981739471
3.4613201402110083
3.5766176449086653
3.4841837197791885
1.610577243331642
0.3095434291503252
2.192597539672646
0.37123232664087563
2.3329145639793976
2.7333330526810657
2.756429137585441
2.4225797618424916
2.745461844238321
3.7219280948873625
1.678770585643888
3.0269868333592873
2.8150724101159437
3.084962500721156
3.375
3.2608281712244556
3.6732696895151076
3.0565647621309537
3.381620107948735
3.4219280948873623
3.2359263506290334
0.8166890883150209
2.751629167387823
3.276323975484884
3.086048612313038
2.688721875540867
3.4992275471326932
3.1751231351134614
3.0454057916826316
3.5695142871446017
2.71929452566698
3.6118738137597464
3.53421879490138
3.0269868333592873
3.5426656239213923
3.4256776657012566
3.7126553972141414
3.2586155039743376
3.2946635862096043
2.816340113853408
3.836976056114502
2.6635327548042547
3.197159723424149
3.0817475629608078
3.189898095464288
3.4399062531785916
3.319801905828917
3.444241510584305
3.43162356584743
3.351227480952956
3.4511346202348507
3.387622799908149
3.300696186205842
3.612747368726378
2.7516291673878226
2.6841837197791887
3.486440501696145
3.1559130951758245
3.2893593629677373
3.2946635862096043
3.1216535224393334
3.7871317381605607
3.548904329502333
3.3908054820769813
3.5877920143571576
2.610577243331642
3.1125853906355427
2.9852281360342516
3.459470570797252
3.4225108928657995
3.085055102756477
3.5810261271079256
3.4145398046305804
3.5902691720478295
3.430875944625621
3.625
3.3026555965581874
3.2922723664519906
3.471354487013928
3.556054210413333
3.4617616455244478
3.3688840705376353
3.180832987205441
3.184577619070014
3.3005590923909534
3.172441467515504
3.4733993637183223
3.424659836945186
3.500427775615669
2.4187229080665604
3.481727678869736
3.182005814760214
3.0849625007211556
2.950212064914747
2.835237745312118
2.5102192694486187
3.4613201402110083
3.5724312513221195
3.5766176449086653
3.708132064658602
3.3927474104487847
3.085055102756477
3.202819531114783
3.381580488309164
3.2359263506290334
1.766150648454355
1.1487361244596448
0.39124356362925566
0.35335933502142136
2.123236793821358
0.8112781244591328
1.676824502786661
1.584962500721156
1.8301509499142814
2.052705293534207
1.4885252948977485
3.3735572622751846
3.3735572622751846
3.3735572622751855
3.182005814760214
3.248365046750904
1.191501106916491
0.41381685030363374
3.323231428797621
3.734521664779752
3.418295834054489
3.826874881864637
0.41381685030363374
0.97663491144401
4.012991328795893
3.5724312513221195
3.899017261422218
3.702471512219747
3.9890947225945528
3.52164063634332
3.3735572622751846
3.189898095464287
3.9414678801994483
3.2359263506290334
3.039148671903071
3.593269689515108
4.045924296214706
3.7841837197791888
3.180832987205441
3.0269868333592873
3.2359263506290334
0.3095434291503252
0.17556502585750278
3.2075666947266
3.272905595320056
1.6691803368667308
1.9877733714879842
2.816307519224645
2.8244351273796737
2.688721875540867
3.0269868333592873
2.7107770844150676
0.2761954276479391
1.1956217818146277
3.084962500721156
2.4349054335653717
2.9113996921256113
2.6691964531697607
2.750841359671052
2.8943602090190756
2.929349683562334
2.8938905170125744
2.9185232131639904
2.5739348962840563
2.5212959891142863
2.94371567355395
2.8969679916942055
2.4846987825969653
2.897876451380139
2.4737494397552267
2.8471045352990663
2.8712492560010765
2.8730402970828997
2.803195723319396
0.0
2.611641588620618
2.271782221599798
2.3767171930943927
2.290392408882595
1.9877733714879842
2.494267575150375
1.9877733714879842
2.7527054819279444
2.390863696857044
2.3179508276569885
2.032149669953179
2.463458298648303
2.5547236077663773
2.3232196723355076
2.4909047849862587
2.545049326586652
2.5137948768030918
2.430313437343593
2.4761771390325653
1.9877733714879842
2.3667292966721747
2.501173353827496
2.4498913025454447
2.430313437343593
2.3636085007312415
2.4267169896450365
2.4175447287524445
2.3921472236645345
1.9628150414142904
2.3795185654187025
1.9877733714879842
2.091917186688699
2.4267169896450365
2.4179653410624566
2.3083002276831013
1.9877733714879842
2.4179653410624566
2.4398636856929845
2.2816696599988733
2.3246841191945378
2.199687794731328
2.4137995646056805
1.7349112826910291
3.1898980954642875
2.9852281360342525
3.182005814760214
3.337175341123077
3.4548223999466066
3.471354487013929
2.9877110700184035
2.092271865683611
2.1556390622295662
2.0915249014414816
2.1808329872054406
2.1812056673346514
2.1375814913924285
1.9327229249500353
2.0930692077718893
1.6486845986336454
3.378783493486176
3.2359263506290334
3.3927474104487847
1.2955001740239136
1.494193430493157
1.9473387961875537
2.292481250360578
1.5271036266528566
0.9798687566511528
2.873140679513133
2.8553885422075336
3.334209459448048
3.2777471629109445
3.393821402265813
2.9126878900165245
2.994820486892363
2.889549430862088
0.9798687566511528
2.2294688696510314
2.1120764285857723
2.330791845975584
2.204118413153215
3.084962500721156
3.085055102756477
3.461320140211008
3.535522141100092
3.4685766296878655
3.7395362660281255
3.3787834934861767
2.873140679513133
3.2368489059491363
3.238901256602631
3.2194705707972515
2.950212064914747
2.8855130303998817
3.5926839514006197
2.7773627950641693
3.1841837197791887
3.6392151468778677
3.00998721300187
3.443133720606753
3.077572638281769
3.0748757755837683
3.2726648416435347
3.2089873002587996
2.647592147308496
3.445095649545758
3.5923918047315175
2.957543733018063
3.398304868487957
3.2414460711655217
2.8423709931771093
3.2726648416435347
2.9053077763737463
2.7192945256669794
3.6507175233640177
3.460057263100607
2.925853014561282
3.0220552088742
2.8662478973127308
2.7806390622295662
3.3239348962840563
3.238901256602631
2.107833210824613
2.3574058114255183
2.404417186688699
1.9508257945180885
2.3749589477025563
2.466247897312731
2.506715542928469
2.404417186688699
2.251629167387823
2.263809173883546
2.497198650804625
2.2256051990169436
1.8751310486364097
2.1500732360592685
2.191210429982964
2.358938532350277
2.2797208524644614
2.304403484609977
2.6146467280713646
2.107833210824613
2.4508257945180882
2.2062389286533897
2.406666316740689
2.8537196970758525
3.263148812430441
3.2359263506290334
2.6389205950315935
3.1512851552462813
3.2359263506290334
3.1659040208618188
3.2246127355392367
3.0515956556743844
3.1944527985315263
2.968884070537636
3.0081741888771663
2.8073549220576046
3.069773835029478
1.4926140680171256
1.5179159574361383
3.2516291673878226
2.9217897106839215
3.014785679593515
3.00998721300187
2.7777471629109445
2.7534343861887853
2.5827936132549505
2.5162649802318
3.182005814760214
2.939829017466402
0.24229218908241482
0.2974722489192896
3.2359263506290334
3.0849625007211556
3.3908054820769813
2.561848239589024
2.3729752305874636
2.4477979600193267
0.41381685030363374
2.512049317995993
1.801781795414582
2.05279363084913
3.9014470607075857
3.531941205546659
3.4116022179746714
3.2158411726837524
3.3735572622751855
3.4058222502856896
3.5875986337223496
1.1238561897747246
0.9081783472997051
0.8314743880097293
1.0434356963218767
1.134969974603941
1.1071323362387913
1.010391003825988
2.9146892241642455
2.9140163035068447
0.9967916319816366
1.9945702559656546
2.5041290152175866
2.5741622984917454
2.676240084176066
2.610577243331642
2.648884070537636
2.507415099200157
2.4518945589270222
1.8294732983598407
1.7543203969513907
3.928488202030632
3.906706427523356
3.312653631952572
0.3095434291503252
0.3095434291503252
0.8886865525783176
3.0269868333592873
2.9689185639620974
3.128085278891395
3.175123135113461
3.1556390622295662
2.952819531114783
2.792481250360578
3.0269868333592873
3.170134892428193
3.014789962422136
2.542328989413759
2.7369288818246704
2.7534343861887853
3.118740004089725
3.0212933865718656
2.2892464285091583
2.2494902553755804
3.5178941476196224
3.106890595608519
0.35335933502142136
0.39124356362925566
0.26676498780302604
2.143752432393343
3.2359263506290334
3.2883305297503083
2.965573479968077
2.855388542207534
3.0016291673878226
1.9459861334930804
1.6486845986336454
3.260828171224455
3.077819531114783
3.5342190211803413
3.327819531114783
2.688721875540867
1.7345587976584802
1.8322488896002307
2.0277646912980174
0.41381685030363374
3.0850551027564768
2.6472103113389793
2.361052451250288
2.8584585933443494
2.353533948577482
2.4137995646056805
1.7804463148460088
1.801383798079599
2.0419460322060456
1.8672324766238964
2.9735572622751847
2.8073549220576046
2.5493736124732957
2.546439344671015
2.2988252450030506
2.084962500721156
3.2402239289418517
3.084962500721156
3.327484781955842
3.022629778890169
3.481182982530896
3.5113061459995176
3.463465189601646
2.8630945514207635
2.873140679513133
2.9708400131019848
3.3868421881310122
3.077819531114783
3.4510159879684346
3.4756995690991395
3.485261597078033
3.3650623812953033
3.290627362360659
3.6195828639768535
3.3908054820769817
3.56469160764428
3.4796564324304993
3.477859001205904
3.5797921267175283
3.491940702282097
3.5689441069234813
3.544672631180784
3.430701649151221
3.5646448978586163
3.599665973303956
3.4392369650132406
3.507023543650464
3.618367649916838
2.931208948910323
3.5652554431022567
3.050301855434982
3.4444138295776106
3.378591330815498
3.4856788457996912
1.5058231002082845
1.2866926683547546
1.876496786366209
2.0662478973127314
1.9151548910756127
2.089003828777592
1.9542473996920802
1.0
3.7936055819252443
2.349601752714581
3.711960834091279
3.419381945646371
3.0565647621309537
3.3787834934861767
3.0849625007211556
2.6644977792004614
2.873140679513133
0.6098403047164004
3.509013030298812
3.5478981913738386
3.5850283992654925
3.4405730675270125
3.4724147967078403
2.345851989338261
2.2737288290053255
2.219973094021975
0.41381685030363374
1.0862218199398501
3.180832987205441
3.180832987205441
3.4713544870139286
3.202819531114783
3.375
2.918295834054489
2.9182958340544896
0.41381685030363374
0.3372900666170139
1.481187901728517
2.0642269935116486
1.3605273114437082
1.3352670440581997
2.1280852788913944
3.821928094887362
3.907017461694051
3.931810911439437
2.822169235259032
2.590044660216553
2.672701678280028
2.680397648279799
2.736507211378892
2.359879028736861
1.7283192288945832
3.039148671903071
2.931208948910323
3.238901256602631
3.2195282822995477
3.09306920777189
3.323231428797621
3.471354487013929
3.2516291673878226
3.8035088547976788
3.7841837197791888
1.5737888130660205
2.59535543553317
0.41381685030363374
0.41381685030363374
2.5868878409958143
2.458036505566265
2.667958228826023
2.617978140453044
2.6852050188723013
2.221251836004466
2.8230679822736606
2.7982975702780193
2.1146719399684946
2.0466985024729194
0.6500224216483541
0.39124356362925566
3.378783493486176
3.189898095464287
3.0269868333592873
3.418295834054489
0.21084230031853213
2.404678473063571
2.1055872616982603
2.046715977092782
3.375
3.375
3.373557262275185
3.8004834718261384
3.327819531114783
3.378783493486176
3.521640636343319
3.327819531114783
3.823881637518588
3.5766176449086653
3.2516291673878226
3.8792478552851724
3.0220552088742
3.577819531114783
3.521928094887362
3.145593314451147
2.8895494308620884
3.0220552088742005
3.5177410471164783
3.49873391101926
3.506890595608518
3.764735178725505
3.7636467706769263
3.8331602555388904
3.878068268345523
4.1223737282238915
2.6800365325772657
2.952819531114783
3.5
3.7843684875968617
3.5
3.787301737252941
3.418295834054489
3.6539967386657093
4.104118307023624
2.8665871058289594
3.1898980954642866
2.8553885422075336
3.246439344671015
0.41381685030363374
2.792481250360578
2.789865782092892
2.6535442970305683
2.4996981431844145
2.933954578048174
2.855985946473437
2.9906015629507228
2.7179717342678
2.7216227854342443
3.0739957249318337
2.4996981431844145
3.0337940209922127
2.947562303690022
2.8582783084180448
2.601382162091293
2.8553885422075336
2.9540036423298535
3.065537067301641
2.9852281360342525
0.41381685030363374
0.37123232664087563
2.2040384489329177
0.9661773513883509
3.479070406906844
2.7534343861887853
0.21084230031853213
1.2958363892911637
1.2958363892911637
3.084962500721156
3.180832987205441
3.616348566075164
3.202819531114783
3.418295834054489
3.039148671903071
3.238901256602631
2.884231505350792
2.875
3.2516291673878226
3.238901256602631
3.238901256602631
2.7334585933443494
2.4116022179746714
2.708694969562842
3.0849625007211556
3.2210972500579573
3.350209029099897
3.2516291673878226
2.793345194191516
1.9852281360342516
2.842465300850862
2.9113898165776417
2.9002540903448657
3.167492530597117
3.084962500721156
3.644787297266393
3.5988495544799393
3.407592567982128
3.0849625007211556
2.1135719947282983
1.971747257128181
2.752487689168953
3.4830050302680124
2.6556390622295662
3.0220552088742
3.430457025500558
2.396782221599798
3.338804369244613
3.4648530979805168
2.584962500721156
3.489364839362275
3.2359263506290334
3.465316418158466
2.7773627950641693
3.5564189999634372
2.8073549220576037
3.344360937770434
3.266332639970623
3.353269689515108
3.965199876515856
3.5881309433206363
3.292770193936991
3.453080342461318
2.792481250360578
3.8727871818191533
3.718177686702591
3.7243093280734683
3.02228695549263
2.8729055953200557
3.53616167045514
3.3342094594480485
3.6894636450182037
3.7648942712550135
3.2098671219040353
3.348798912202497
3.7616606300104385
3.9104640126046974
3.5636108755926315
2.9659573209491747
3.237445312036113
3.7921140506401003
3.501629167387823
3.529696439528413
3.6557437046282963
3.5256813526506323
3.5352926367167816
2.952819531114783
2.688721875540867
3.613337314045307
3.0269868333592873
3.327339900083509
3.5622277244985057
2.2609923900871105
2.199687794731328
2.341446071165522
2.7245377465557863
0.3372900666170139
0.3227569588973982
1.134969974603941
1.1411535278793055
2.166203744714952
1.2389012566026305
2.278351811711312
1.7028101121022154
1.950212064914747
1.8886844073114781
2.112585390635543
0.9902246902198684
2.65743365140446
2.9056390622295662
3.378783493486176
3.182005814760214
0.8812908992306927
0.9023932827949788
3.104077093914801
2.6586526652160156
0.35335933502142136
1.0
3.039148671903071
3.3232314287976203
3.1395722619867223
3.8646983261669603
2.197159723424149
1.584962500721156
2.6258145836939115
3.066615216738451
3.6206573285181993
1.4991453391563698
2.4996981431844145
2.5566567074628237
2.5566567074628237
1.2145404077952502
1.7884504573082896
1.53012496531497
1.7142977509479211
1.5197284615795614
1.206908425151817
1.1766796675107107
3.8453838977553247
3.43162356584743
3.1556390622295662
0.9402859586706311
2.408694969562842
2.658699374946127
2.7534343861887853
2.663101350010899
2.5654483718208256
2.5342436128428614
0.8366407419411672
1.4833557549816874
1.154173392945927
1.781937063546704
2.155620158813095
1.971765668774843
2.3360253406140252
2.6825974836859428
2.4492095258369706
2.576248464186655
1.1540157730728
2.8139107630313696
2.3270380147121923
2.539559534852857
2.0212235288928517
1.7256507561120937
1.4438648099831615
1.4299111709758698
1.590468570732828
1.591097372798259
2.113578911749501
3.418295834054489
3.4992275471326932
3.5
3.3927474104487847
3.418295834054489
3.5944656369614516
3.6635327548042533
3.6219280948873624
3.7839465300281336
3.755431641053727
3.5465935642949384
3.238901256602631
3.4613201402110083
3.728972140861
3.3927474104487847
2.6245101623319735
2.727217001462482
3.7429364496525137
3.2806390622295662
2.9708400131019848
3.2806390622295662
3.7539677775693243
3.43162356584743
2.8962915290459286
2.78845045730829
0.2974722489192896
3.5068905956085183
3.085055102756477
3.546439344671015
3.6978458230844122
3.7849418274376423
3.9346609061575015
3.933620569789381
3.909968003914575
3.084962500721156
3.90194695925137
3.202819531114783
2.2841591278514217
1.2448406699719212
1.1856161633204378
1.7167207681270038
3.1395722619867223
3.6910628198928435
3.30827083453526
3.700758744675457
3.43162356584743
2.9689185639620974
3.2195282822995477
3.4841837197791885
3.3232314287976203
1.4604846813131116
3.4548223999466066
3.3735572622751855
3.084962500721156
3.2359263506290334
3.519470298462935
3.5134125474351587
3.4023788129352557
3.511537835457736
3.5333699280693973
3.548573510111806
3.532274486470194
3.6038554443554545
1.7604924085446094
3.7628289460637308
3.084962500721156
3.323231428797621
3.538896214227932
3.2516291673878226
3.484183719779189
4.060598866859838
2.789898095464287
4.054604493872928
2.9182958340544896
3.987421299081626
3.039148671903071
3.146286370662105
3.746238082185231
3.874644526332662
3.1556390622295662
3.8820451081368628
3.8638843350984553
3.8746868863837785
3.2516291673878226
3.32323142879762
3.381580488309164
3.521640636343319
0.18717625687320816
3.826874881864637
2.8553885422075336
3.1556390622295662
3.323231428797621
3.238901256602631
0.998363672593813
1.6486845986336454
3.418295834054489
2.074164743022575
2.1416195253341384
3.7762768564735176
3.808208073322317
3.7080481500712326
3.8314018453921714
3.3232314287976212
2.6612262562697895
3.2516291673878226
3.497155802575668
3.0269868333592873
3.5841837197791886
3.5766176449086653
3.202819531114783
3.189898095464287
3.7294461949052566
3.391892644680931
3.3248629576173574
3.373557262275185
3.8129731576668235
3.649784863691883
3.8147072025113102
3.503997527334848
3.8518232255517653
3.3232314287976212
2.625814583693911
3.180832987205441
2.072905595320056
1.9055060595775872
1.957939355321115
2.188721875540867
3.7199025797939584
3.748328660365573
3.8062389286533898
0.20062232431271465
0.3227569588973982
0.3372900666170139
3.4104172527605203
1.681251785431337
3.2402239289418517
3.3232314287976203
2.8282129458410012
2.800044618479009
3.260828171224455
3.106890595608519
3.1018812234760182
3.327819531114783
2.8553885422075336
1.6893917467430877
2.1935111987318363
3.1395722619867223
3.3232314287976203
3.3660913291191914
1.7205682779317777
1.992119850842608
2.026461691592849
2.146782221599798
0.9871377743721863
2.6835423624332306
2.7516291673878226
2.9424955222917837
2.9424955222917837
2.625814583693911
2.6892464285091577
2.6799385034836893
1.1242592373746325
2.792481250360578
2.6892464285091577
2.8221819586428727
2.9196905670480295
2.958078802365555
3.1009851732995353
2.8913781707689887
3.0547542157424648
3.0654795444803145
3.1207707862309553
2.707601311512056
2.693020192448045
2.8740230126215702
2.8073549220576046
3.0419956487825135
2.926017284733953
0.24229218908241482
3.265583322887733
3.683448849228878
2.9232314287976204
3.2927701939369904
3.1751231351134614
3.0849625007211556
3.484183719779189
3.4613201402110083
3.189898095464287
3.30827083453526
3.378783493486176
3.238901256602631
0.41381685030363374
3.2402239289418517
3.3371753411230776
2.5075432428665914
2.5495234595978316
2.6633928390763826
2.6689371391946795
1.271782221599798
3.4548223999466066
3.084962500721156
3.039148671903071
2.9182958340544896
3.9128282867570463
1.8309785861049794
1.895240026925273
1.796100257634626
1.536631214305097
1.9526832779469112
1.8408768246097256
1.5716600510638832
1.5830435300531966
1.2344977967946407
1.3143204867061788
2.144702734405671
0.3095434291503252
3.139572261986723
2.9852281360342516
3.5424812503605785
2.9689185639620974
3.8524050691550045
3.0220552088742
3.824862957617356
2.4900829482028604
2.217021885879718
2.032954853212741
2.6158045319402516
2.6158045319402516
2.279799131837405
2.5739348962840563
2.374523927363478
2.5495234595978324
2.5424812503605785
3.5
2.752487689168953
3.4830050302680124
2.6556390622295662
3.0220552088742
3.430457025500558
2.396782221599798
3.338804369244613
3.4648530979805168
2.584962500721156
3.489364839362275
3.2359263506290334
3.480721944688849
3.5564189999634372
2.7329145639793984
3.344360937770434
3.266332639970623
3.353269689515108
3.965199876515856
3.5881309433206363
3.5368867237421666
3.453080342461318
2.792481250360578
3.8727871818191533
3.718177686702591
3.7243093280734683
3.02228695549263
2.8729055953200557
3.53616167045514
3.3342094594480485
3.6894636450182037
3.7648942712550135
3.2098671219040353
3.348798912202497
3.7616606300104385
3.9104640126046974
3.5636108755926315
2.925853014561282
3.237445312036113
3.7921140506401003
3.501629167387823
3.529696439528413
3.6557437046282963
3.5256813526506323
3.5352926367167816
2.952819531114783
2.688721875540867
3.613337314045307
3.0269868333592873
3.327339900083509
3.5622277244985057
0.3372900666170139
3.0220552088742
3.1068905956085184
2.2359263506290326
3.1898980954642866
2.5796106119984468
3.621928094887362
3.503258334775645
3.202819531114783
2.7773627950641693
3.3921472236645345
0.5304060778306042
0.3227569588973982
0.5907239186406502
2.8932333352564163
2.9999216508577593
3.2390979179887864
3.7178504651264324
2.25
2.0
3.5342190211803413
3.039148671903071
3.9883167106100115
