Shannon_Entropy
3.4072682296173897
3.0269868333592873
3.2075761659299387
3.373557262275185
3.378783493486176
3.039148671903071
3.6289826077623624
2.872905595320056
3.411602217974671
3.55592698363834
2.396782221599798
3.3231428049945433
3.6303298685176943
2.7534343861887853
3.2077070644704744
2.873140679513133
3.3772781309874365
3.239097917988786
2.8895494308620884
2.8553885422075336
3.101881223476018
3.4080938357417407
3.3161642885509757
2.984234164652489
3.5502668851770927
3.5330516047849017
3.495574960495609
3.2608281712244547
2.6923806024549743
3.03856233607563
3.454822399946607
2.8553885422075336
3.719821193949213
3.7849418274376423
3.46582672317773
3.2732696895151077
3.4074800330514057
3.452819531114783
3.6695767463163933
3.4992275471326932
0.5225593745369408
0.6292492238560345
0.39124356362925566
3.3927474104487847
3.188721875540867
3.27280432733462
3.5883543471732335
3.7166308917868656
3.180832987205441
3.6385787070246933
3.8428966084191076
3.417483149926974
4.0252485678549625
3.5766176449086657
3.0849625007211556
3.488554862192845
3.2516291673878226
3.2516291673878226
3.084962500721156
3.418295834054489
3.188721875540867
0.9744894033980523
3.25
3.084962500721156
3.418295834054489
2.8665871058289594
3.1018812234760182
3.0306390622295662
3.286895754518763
2.873140679513133
3.729551147288763
3.2516291673878226
2.7777768114567865
3.6504103051739905
3.09306920777189
3.238901256602631
0.35335933502142136
3.6897037321995474
3.0850551027564768
3.418295834054489
2.7516291673878226
3.521640636343319
3.5585186130489057
3.3927474104487847
3.25
3.7720552088742005
3.5434651896016462
3.2359263506290326
3.536886723742167
3.5878587982995085
3.3927474104487847
3.334679141051595
3.506890595608518
1.384431504340598
1.7471671973069338
1.6899461611103164
1.7047668562193676
1.6348509171908068
1.6625056054120886
1.8250112108241772
1.7381493331928664
1.5919171866886992
1.6181932054356447
1.6228840266950797
1.5919171866886992
1.6158045319402516
1.571346433249389
1.54515219719895
1.6181932054356447
1.5731146182710192
1.54515219719895
1.6181932054356447
1.5731146182710192
1.5919171866886992
1.6402239289418519
1.5919171866886992
1.6893917467430877
1.7758589482446405
1.6266487892315213
1.5510981710072647
1.6309826076665428
1.7167635991992347
1.5979090698087535
1.5854794242066728
1.657439042450237
1.6691803368667308
1.4854752972273344
1.6804820237218405
1.6634557405393622
1.469182539187755
3.418295834054489
2.9182958340544896
3.584012370211935
3.2516291673878226
2.48345859334435
2.4579357302173865
2.7773627950641693
2.950212064914748
2.950212064914748
3.182005814760214
3.006238928653389
3.6423714487439023
3.238901256602631
3.180832987205441
3.7561477564562926
3.375
3.3371753411230776
3.323231428797621
3.202819531114783
3.0761031709967215
3.0269868333592873
3.4713544870139286
3.5068905956085183
3.4273334938982645
2.161978179679554
3.682142202596949
2.463366342754057
3.4435137534498526
3.55592698363834
2.7107770844150676
3.1807298582117975
3.53421251199765
3.203701696057348
2.9057645846554525
3.251629167387823
3.108694969562842
3.039148671903071
3.3087513512471665
2.692380602454975
2.7898980954642876
3.3253318177463154
3.5464393446710156
3.48582592784901
2.9182958340544896
2.9841837197791885
3.0220552088742
2.7192945256669794
3.5739348962840563
3.3772781309874365
3.3412416305455266
3.368042422572715
3.2841837197791888
2.7773627950641693
2.8150724101159437
3.419381945646371
3.557587660255865
3.7539280318460246
3.495773991850026
3.334209459448048
3.263603705626788
2.692380602454975
2.7534343861887853
3.2516291673878226
2.7534343861887853
3.475874973030598
3.4102329406731844
3.46630356246317
3.257425813763051
3.3055827189670937
3.251629167387823
2.692380602454975
2.8962915290459286
3.528242484431479
2.845350936622437
3.7468249397288766
3.8219280948873617
3.558767599369974
3.1414460711655217
3.2927701939369904
3.0220552088742
2.9232314287976204
3.7921140506401003
3.488525294897748
3.529696439528413
2.6258145836939115
3.3698145760602705
3.2681819469841797
3.461320140211008
3.2534343861887844
3.6360069453309536
3.475874973030598
3.1898980954642875
3.594465636961452
3.039148671903071
2.584962500721156
3.690807512117012
3.005314856894279
1.5324194984468593
1.8288713632524445
2.9182958340544896
2.4453365494330668
2.5400712272231742
2.4410685859554375
3.2359263506290334
3.502924518281892
2.9686657819177587
2.8729055953200557
2.8731406795131336
3.418295834054489
3.3787834934861767
3.6168746059562227
2.7334585933443494
3.945596617402216
3.8074355167595257
3.503258334775645
3.5464393446710156
3.4613201402110083
0.0
3.039148671903071
3.7849418274376427
3.418295834054489
2.3546804261341316
3.378783493486176
3.820888851350188
3.9254053925390333
3.418295834054489
3.721928094887362
3.572469458770136
3.471354487013928
3.5465935642949384
3.084962500721156
3.2402239289418517
3.546439344671015
3.7965799843513506
2.8731406795131336
3.418295834054489
3.238901256602631
3.546439344671015
3.6994705707972515
3.238901256602631
3.728724445269141
3.5068905956085183
3.655045546825804
3.378783493486176
2.1984890522141898
2.0989356127361365
3.5465935642949384
3.180832987205441
3.918050784894819
3.9677201004744997
3.7532696895151076
3.746439344671015
3.484183719779189
3.2359263506290334
3.7232314287976207
3.8100810205217317
3.8416627179126785
3.0062389286533895
3.6314018453921717
3.848422663619859
3.2733494559629497
3.223465189601647
2.599389591616702
3.189898095464287
3.0220552088742
2.9182958340544896
3.85586569475248
2.71929452566698
3.375
2.789898095464287
3.6143694458867563
3.4729055953200567
3.521640636343319
3.2516291673878226
3.403074189428569
3.381620107948735
3.646439344671015
3.065957320949175
0.0
3.7237683265224284
2.85845859334435
0.2580186686648155
3.5
3.767183467891461
2.411602217974672
2.4996981431844145
2.251629167387823
3.1395722619867223
3.7126527810987677
3.3927474104487847
2.9689185639620974
3.180832987205441
2.8553885422075336
3.418295834054489
2.8553885422075336
3.7639657428240816
3.719294525666979
3.1307179879273748
3.2810361125534233
3.4548223999466066
3.5849625007211565
3.418295834054489
3.7020812002052255
3.182005814760214
3.0105996649587876
1.2389012566026305
0.9798687566511528
1.7841591278514217
2.9852281360342525
2.8423709931771093
2.8553885422075336
3.084962500721156
2.918295834054489
3.6715543759356177
2.468003399886912
3.2806390622295662
3.238901256602631
3.2516291673878226
3.175123135113461
3.9146081031802806
2.889549430862088
3.4992275471326932
3.084962500721156
3.6601297526332566
2.270942421748537
3.6395982887330343
2.8150724101159437
3.521640636343319
3.344456935241198
3.6143694458867563
2.404678473063571
3.924024420865021
3.6813678766517324
3.572623663895164
3.085055102756477
3.454822399946607
3.0565647621309537
3.1556390622295662
3.077819531114783
3.0269868333592873
3.238901256602631
3.576617644908665
2.8152023999804867
3.4086949695628417
3.414441303694973
3.2516291673878226
2.9182958340544896
3.568084324344714
3.625
3.418295834054489
3.3087513512471665
3.7417292966721747
3.2195282822995477
3.220175521464345
3.077819531114783
3.189898095464287
3.2516291673878226
3.6978458230844122
3.7080481500712326
3.580123406207815
2.6612262562697895
3.452819531114783
3.1018812234760182
3.327819531114783
3.506890595608519
1.9772354454083079
2.8423709931771093
3.629219686524096
3.765319531114783
3.0105709342684834
3.0220552088742
3.3219280948873617
3.196154780932867
3.0168756957665637
2.199687794731328
2.542482693809728
2.8218881955261788
2.192005835492107
1.136094248732146
3.3927474104487847
1.9974826032927555
3.6143694458867563
3.238901256602631
3.084962500721156
3.0269868333592873
3.182005814760214
2.9852281360342525
3.0220552088742
3.1395722619867223
3.128085278891395
3.182005814760214
3.2841837197791888
3.046439344671015
3.7023125404856567
2.6031579868726
3.5588108279845425
3.1863929342238193
0.0
3.378783493486176
3.5465935642949384
3.375
3.180832987205441
3.323231428797621
3.5841837197791886
3.086048612313038
3.273269689515107
3.2728043273346197
3.303701696057348
3.567614566049659
3.6421498816369033
3.558694969562841
2.8553885422075336
3.43162356584743
3.19685475485346
3.4031071683628116
2.699513850319966
3.2848894517332403
3.219528282299548
3.0609640474436812
3.0709505944546684
3.4031071683628116
3.378783493486176
2.872905595320056
2.827819531114783
3.3937409315627414
2.7534343861887853
3.219528282299548
3.1913992823562065
3.4159573209491745
3.4111770042006047
3.0709505944546684
3.3688840705376353
3.3005590923909534
3.552217124799135
3.182005814760214
3.3587682737390496
2.7773627950641693
3.3825680832760767
3.1556390622295662
3.4232517969803373
2.9693894195291564
2.918295834054489
2.792481250360578
3.5216055640184876
3.4541684103574046
3.101508755867878
3.3232314287976203
3.630985019785137
3.886545741717953
1.2639334294856335
3.238901256602631
3.4992275471326932
3.2359263506290334
0.8904916402194913
3.2516291673878226
2.251629167387823
3.238901256602631
2.8731406795131336
3.418295834054489
3.2516291673878226
3.2516291673878226
3.2516291673878226
3.8777706762508375
3.7845276964165553
3.4548223999466066
3.3908054820769813
3.09306920777189
0.0
3.2516291673878226
3.2516291673878226
3.238901256602631
3.546439344671015
3.2729055953200556
3.0220552088742
3.2516291673878226
2.751629167387823
2.8962915290459277
3.2516291673878226
3.182005814760214
3.238901256602631
3.2516291673878226
3.334679141051595
3.9098254583385135
3.9032080616476805
3.7979026896829478
3.788754913993502
3.927417721937559
3.4613201402110083
3.077819531114783
3.856564762130954
3.9569086839741314
3.0062389286533895
3.767894147619623
3.30827083453526
3.5
3.4613201402110083
2.751629167387823
1.6258145836939115
1.8253231315250553
1.7489992230622806
1.9635380571711858
2.185542933847563
3.350209029099897
3.350209029099897
3.3371753411230776
1.7286187011707395
2.1034146395593134
2.1034146395593134
2.0617467710587083
3.375
3.2406015629507228
3.2608281712244547
2.5220552088742005
2.950212064914748
3.4182958340544896
2.5220552088742005
3.106890595608518
3.6040317545551495
2.5220552088742005
3.106890595608518
3.580050351464737
2.5220552088742005
3.106890595608518
3.692279682039657
3.0
2.5220552088742005
2.5220552088742005
2.5220552088742005
2.7192945256669794
2.840223928941852
2.910992253015046
2.8962915290459286
3.2608281712244556
3.7544418457133446
3.8841550945958048
3.189898095464287
3.8103172375727774
3.4548223999466066
3.501397825434103
3.4613201402110083
1.0
3.862206410719465
3.521453820927089
2.9659573209491747
3.588354347173234
3.452819531114783
3.629219686524096
3.767894147619623
3.30827083453526
3.43162356584743
3.238901256602631
2.8553885422075336
3.378783493486176
2.8423709931771093
3.6897037321995465
3.584962500721156
3.3086949695628425
3.5567559006406455
3.3816201079487347
3.5275182662886326
3.265583322887733
3.570332619710574
3.0414460711655216
2.75
3.353269689515108
3.2195282822995477
2.4996981431844145
2.5220552088742005
3.3379350925631623
3.32323142879762
3.2776134368191157
2.9450386975402445
2.5220552088742005
3.3927474104487847
3.3772781309874365
3.084962500721156
2.8553885422075336
3.180832987205441
3.299896391167891
3.68354236243323
3.506890595608518
3.7041970218970763
3.5724312513221195
2.9689185639620974
0.9852281360342515
1.771782221599798
0.9612366047228759
0.9886994082884974
1.771782221599798
3.7710372184519985
3.128085278891395
3.384183719779189
3.581444787932611
1.7023103710983798
2.118556637280903
2.1148051443393325
2.4834585933443494
2.866247897312731
2.469670487371862
2.484313630422016
1.7244078178625923
3.238901256602631
3.4613201402110083
3.0286393118385746
3.084962500721156
3.2516291673878226
3.3927474104487847
3.418295834054489
3.723231428797621
3.9432894453927667
4.026986833359286
4.0374484395233665
3.4316235658474303
4.040924243001362
3.9767815591793365
3.3660913291191914
3.673269689515108
3.09306920777189
3.572623663895164
2.9182958340544896
3.912766414409788
2.71929452566698
3.1018812234760182
3.375
3.6211755429194716
3.4992275471326932
3.82306798227366
3.616348566075164
3.772055208874201
3.5
3.5086949695628413
3.0269868333592873
3.238901256602631
3.2516291673878226
0.3095434291503252
3.7622673906514947
3.238901256602631
3.805696396113802
3.128085278891395
3.3716535224393334
3.085055102756477
2.8962915290459277
3.5110804962442774
4.13251959557032
4.026986833359286
4.0374484395233665
3.408694969562842
4.040924243001362
4.04163819837581
3.375
3.2516291673878226
3.5841837197791886
3.772055208874201
3.239097917988786
2.8553885422075336
3.9362600275315263
3.238901256602631
3.1068905956085184
3.238901256602631
3.128085278891395
3.418295834054489
3.3787834934861767
2.8553885422075336
3.4685766296878655
3.25
3.2466342381206563
3.292770193936991
2.623516641218015
3.197159723424149
3.9861879650463043
3.182005814760214
2.8150724101159437
3.378783493486176
3.5
3.4182958340544896
3.057476076289932
2.8895494308620884
3.2924812503605785
3.368042422572715
3.3273399000835084
3.570332619710574
3.567040216926579
3.4769579877601764
3.04642419731627
3.197159723424149
3.425118550357139
3.04642419731627
3.2848894517332403
3.1018812234760182
3.647288864647697
2.955913095175825
2.6887218755408666
3.36488945173324
3.350209029099897
2.699513850319966
3.1913992823562065
3.43162356584743
3.200288670643577
3.03856233607563
3.647288864647697
2.955913095175825
3.373557262275185
3.3937409315627414
2.8553885422075336
3.350209029099897
2.918295834054489
3.1913992823562065
3.430875944625621
3.411602217974671
2.8553885422075336
2.970950594454669
3.3688840705376353
3.180832987205441
3.3005590923909534
3.0565647621309537
3.5998361724181827
3.323231428797621
3.3937409315627414
2.584962500721156
3.5013978254341027
3.475874973030598
3.219214129970057
3.4232517969803373
2.816307519224645
3.452819531114783
3.572469458770136
3.084962500721156
3.381620107948735
3.874493471306036
3.238901256602631
2.7898980954642876
3.506890595608519
3.031116172456019
1.0
3.8731406795131327
3.202819531114783
3.1556390622295662
3.085055102756477
3.3908054820769813
3.4548223999466066
0.35335933502142136
1.9211796919474975
2.0874628412503395
2.1440377841787277
2.086410394861196
2.918295834054489
3.5944656369614525
3.767183467891461
3.6211755429194716
1.676824502786661
1.8810947601100747
1.8698391715993254
2.1309746937928584
2.8553885422075336
3.32323142879762
3.299896391167891
3.68354236243323
3.6835423624332306
3.2841837197791888
3.7963709086769546
3.139572261986723
3.4992275417233567
3.4548223999466066
3.09306920777189
3.2516291673878226
3.084962500721156
2.9852281360342516
2.2322628970242686
3.5878587982995085
3.4565647621309536
3.0062389286533895
0.9182958340544896
3.392747410448785
3.2516291673878226
3.609668477419888
4.035663923191117
3.7532696895151076
3.09306920777189
3.36030597770208
3.4613201402110083
0.0
3.855388542207534
3.378783493486176
3.521640636343319
3.2516291673878226
1.2022921890824148
3.5530900835303276
3.6105772433316417
2.8553885422075336
2.9559130951758243
3.5766176449086657
3.7821222241453056
3.375
3.5724312513221195
3.0220552088742
3.2516291673878226
3.0269868333592873
3.366091329119192
3.5535088547976788
3.735240209212026
3.577819531114783
3.3787834934861767
3.609668477419888
3.6292196865240967
3.238901256602631
3.0269868333592873
3.238901256602631
3.056564762130954
3.0269868333592873
0.97663491144401
3.9479978941387657
3.323231428797621
3.788341339656749
3.40582225028569
3.6644977792004623
3.408694969562842
4.178782873236622
3.4582678680998415
2.9852281360342516
3.584962500721156
3.2390979179887864
3.3248629576173574
3.7051522333109346
3.7898966090601776
3.4548223999466066
3.384183719779189
3.4400701165495122
3.373557262275185
2.4631192382542104
1.9628066316931743
3.238901256602631
3.418295834054489
3.2516291673878226
3.084962500721156
3.0269868333592873
3.9480732416804374
3.6154461274489944
2.350209029099897
2.4834585933443494
2.682588730501833
3.5175594295963433
3.6105772433316417
0.17556502585750278
2.9182958340544896
3.7541634277688813
3.414441303694973
3.348798912202497
3.2516291673878226
3.084962500721156
3.991754862565587
3.6752473687263785
3.084962500721156
3.7492750707107123
3.2866294867861954
3.402633061393155
3.584183719779189
2.822181958642873
3.6168746059562227
3.085055102756477
3.3927474104487847
0.2761954276479391
3.084962500721156
3.2516291673878226
3.3552906944979544
3.7703321434174244
3.149673447186741
3.2927701939369904
3.0220552088742
3.1307179879273748
3.7622673906514947
3.238901256602631
3.327819531114783
3.5
3.2516291673878226
3.0220552088742
3.5465935642949384
3.4548223999466066
2.918295834054489
3.584183719779188
3.7821222241453056
3.291392876170962
3.238901256602631
3.2516291673878226
3.180832987205441
3.240223928941852
3.373557262275185
3.36030597770208
3.3927474104487847
3.238901256602631
3.127986806877675
3.2516291673878226
3.240223928941852
3.2516291673878226
3.378783493486176
3.202819531114783
3.2359263506290334
3.375
2.4182958340544896
3.824533406881911
3.534219021180341
3.084962500721156
3.381580488309164
3.41041725276052
2.931208948910323
3.7192945256669785
2.8553885422075336
3.1279868068776753
3.5421176810056703
3.213513256009071
3.1552215288595122
3.0269868333592873
2.918295834054489
3.584183719779188
3.7821222241453056
3.0220552088742
2.0458416408851736
2.436278124459133
2.3991303913908006
2.4237949406953985
4.035663923191117
3.8140156038557316
3.1898980954642875
3.501397825434103
3.4613201402110083
1.0
2.8731406795131336
3.4841837197791885
3.7821222241453056
3.1556390622295662
3.509275070710713
3.7841837197791888
3.912766414409788
3.6168746059562227
3.447401504705915
3.7454064259382482
3.3927474104487847
3.128085278891395
3.513269689515108
3.6168746059562227
3.2516291673878226
2.950212064914748
3.454822399946607
0.9784493292686189
0.9886994082884974
1.7841591278514217
2.502371889615371
2.3143029514736244
2.2158411726837532
2.330791845975584
2.3476847290834306
3.084962500721156
3.9317377196674372
3.881005488054637
4.039532122846975
3.99543248876418
3.408694969562842
4.029795755945732
4.000942166885968
2.295461844238322
2.436278124459133
2.603975726610715
3.7545327192655034
3.2359263506290334
3.2924812503605785
3.384183719779189
3.2464393446710154
3.1895296315527135
3.0269868333592873
3.1279868068776753
2.8553885422075336
2.7773627950641693
2.8553885422075336
2.584962500721156
2.8553885422075336
2.4591479170272446
3.039148671903071
3.384183719779189
2.4996981431844145
3.238901256602631
3.3087513512471665
3.2516291673878226
2.7773627950641693
3.8114605475663934
3.0220552088742005
3.238901256602631
2.9735572622751856
2.584962500721156
3.2088840705376347
3.085055102756477
3.2402239289418517
2.9693894195291564
3.4613201402110083
3.180832987205441
3.470175521464345
3.6105772433316417
3.4495701653254027
3.584183719779189
2.827819531114783
3.625
3.2210972500579564
3.4182958340544896
0.24229218908241482
0.2974722489192896
3.2516291673878226
2.8731406795131336
3.53641423712223
2.688721875540867
3.912766414409788
2.6612262562697895
3.6168746059562227
3.5841837197791886
3.7427308737169422
3.521640636343319
3.0269868333592873
2.923231428797621
3.36030597770208
0.41381685030363374
3.084962500721156
3.454822399946607
3.863826390090815
3.5761108766479524
3.1464393446710153
3.2516291673878226
3.7622673906514947
3.692169689069452
3.334209459448049
3.2516291673878226
3.182005814760214
4.035663923191117
3.7601728994939396
3.36030597770208
3.09306920777189
0.0
3.9317377196674372
3.9701755214643453
4.039532122846975
4.063144940981576
3.408694969562842
4.178782873236622
3.843083355936896
3.6335059949783672
2.7192945256669794
1.7543397218434975
2.1696305328667824
2.485004748256685
2.2806390622295662
1.07462769858425
3.084962500721156
3.202819531114783
2.8553885422075336
3.039148671903071
2.9852281360342516
2.9852281360342516
3.327819531114783
3.748328660365574
3.506890595608518
3.629219686524096
3.4713544870139295
3.767183467891461
3.09306920777189
3.375
2.9182958340544896
3.6841837197791887
2.8553885422075336
3.266332639970623
3.2516291673878226
3.556201280807903
3.0168756957665637
3.344698375159713
3.43971065015136
2.467720100474499
3.1841837197791887
1.7427376486136672
3.084962500721156
2.4939170639313204
2.465426581842946
3.378783493486176
3.6168746059562227
3.2195282822995477
3.084962500721156
3.3787834934861767
3.6553362295323457
3.953152587415111
2.9182958340544896
3.6053377974034158
3.7192945256669785
2.8553885422075336
3.1279868068776753
3.5421176810056703
3.2405282602167116
3.09306920777189
2.706890595608519
3.5944656369614516
3.251629167387823
0.2974722489192896
3.373557262275185
3.9292292966721747
3.3927474104487847
3.0269868333592873
3.0705981190900795
3.7492750707107123
3.246439344671015
3.3841837197791884
3.8801799226757376
3.2866294867861954
3.4992275471326932
2.9312089489103235
3.182005814760214
2.688721875540867
3.2516291673878226
3.084962500721156
3.3376777797008614
3.7864960582411116
3.128085278891395
3.1751231351134614
3.0220552088742
3.084962500721156
3.2359263506290326
3.0565647621309537
3.077819531114783
2.6258145836939115
3.2468985656196963
2.931208948910323
2.918295834054489
3.1307179879273748
3.4677201004745006
3.4613201402110083
3.745406425938248
3.414441303694973
3.4591479170272446
2.7068905956085185
3.175123135113461
3.238901256602631
2.8731406795131336
3.4991695476615083
3.681880802803402
2.9109922530150456
3.794946750297235
3.6168746059562227
3.6339740759971577
3.7427308737169422
3.521640636343319
0.35335933502142136
0.39124356362925566
0.26676498780302604
3.084962500721156
3.4316235658474294
3.801377452429548
3.6752473687263785
3.3552906944979544
3.4086949695628417
3.512188403968661
2.8423709931771093
3.6168746059562227
2.8150724101159437
2.8553885422075336
3.2516291673878226
2.4996981431844145
2.2479275134435857
2.195223828139826
2.195223828139826
2.1184713605796626
2.437728545142357
2.6688388898504303
2.682588730501833
2.5995812306460646
3.488525294897748
3.5464393446710156
3.3927474104487847
3.3787834934861767
3.4677201004745006
3.189898095464287
3.128085278891395
3.381580488309164
3.9317377196674372
3.734521664779752
4.031562787024159
4.042555508611996
4.178782873236622
3.2516291673878226
3.7492750707107123
3.2728043273346206
2.287139706493443
2.4980775466236413
2.5995812306460646
3.2516291673878226
3.1395722619867223
2.950212064914747
2.774397470347699
3.1630418769891184
3.481714572986072
3.511085408180427
2.927451224964519
3.5562012808079033
3.084962500721156
3.9208056633281885
3.5615947670885153
3.355388542207534
2.9139770731827523
0.0
3.7395722619867224
3.337175341123077
2.8150724101159437
3.2359263506290326
3.128085278891395
2.8962915290459286
2.9852281360342516
3.4992275471326932
3.36030597770208
3.688721875540867
3.418937155896274
3.7877773308225393
3.334679141051595
3.180832987205441
3.2516291673878226
1.7606803214065212
2.080500530640267
2.0545851693377997
2.1020466205445554
3.623516641218015
3.745406425938248
3.5319412055466586
3.865311532225101
2.5220552088742005
3.5724312513221195
3.5068905956085183
2.9182958340544896
3.506890595608518
3.0269868333592873
3.084962500721156
2.606238928653389
2.610577243331642
3.454822399946607
2.6031579868726
2.6031579868726
2.9735572622751847
3.3371753411230776
3.3371753411230776
3.375
3.378783493486176
2.8221819586428727
3.084962500721156
3.2359263506290334
2.794653473544342
3.056564762130954
3.238901256602631
3.373557262275185
2.791858352567483
3.056564762130954
3.2433003685389576
2.688721875540867
3.3496929689578705
2.688721875540867
3.238901256602631
2.688721875540867
3.0269868333592873
2.663532754804255
3.039148671903071
2.791858352567483
2.688721875540867
3.184183719779189
3.0269868333592873
2.765957320949175
2.8638263900908156
2.846439344671015
3.039148671903071
2.839775539645508
3.085055102756477
3.9317377196674372
3.8848588918890474
4.031562787024159
4.089084911567613
3.5464393446710156
4.161090220684366
2.8150724101159437
3.238901256602631
3.3035088547976783
3.68354236243323
3.75
3.9317377196674372
3.9302703722934544
4.00972396591296
4.089084911567613
3.52257158913636
4.182935140218129
2.8150724101159437
4.036434784907642
3.792803569643319
3.260828171224455
3.4613201402110083
1.0
3.6978458230844122
2.751629167387823
3.7264741182543752
3.586890264002433
3.7897042097508757
3.2998963911678905
2.927451224964519
3.6978458230844122
2.751629167387823
3.7264741182543752
3.586890264002433
2.688721875540867
3.27280432733462
2.974937501201927
3.7904717067865508
3.128085278891395
3.084962500721156
3.084962500721156
3.1307179879273748
3.128085278891395
3.513269689515108
3.72290749432188
3.2359263506290334
3.419381945646371
2.950212064914748
3.452819531114783
3.2516291673878226
2.9708400131019848
3.7864960582411116
3.128085278891395
3.5804621997271013
3.898068512058838
3.484183719779189
3.811598883026519
3.039148671903071
3.501397825434103
3.09306920777189
0.0
2.8553885422075336
2.774397470347699
2.5220552088742
3.1630418769891184
3.0269868333592873
3.521640636343319
3.586890264002433
2.873140679513133
3.2405282602167116
3.378783493486176
3.0850551027564768
3.2516291673878226
2.950212064914747
2.774397470347699
2.8709505944546683
2.739572261986723
3.1786885704510968
3.263933429485634
3.039148671903071
3.085055102756477
2.751629167387823
3.457867131472585
3.71937582241537
3.4613201402110083
3.373557262275185
2.8553885422075336
3.373557262275186
3.630412660873998
3.2516291673878226
3.7192945256669785
3.507380102423635
3.6761906261418305
3.0071964896856174
3.8049118403250204
2.542482693809728
2.7272170014624826
2.5995812306460646
3.3552906944979544
3.6105772433316417
3.517559429596343
2.895423870280316
3.175123135113461
3.1751231351134614
2.8731406795131336
3.4991695476615083
3.5724312513221195
2.9109922530150456
3.3232314287976203
3.912766414409788
3.6168746059562227
3.177566232096525
3.7663326399706225
3.4056390622295662
3.0269868333592873
2.9689185639620974
0.35335933502142136
3.8641982977690223
3.5615947670885153
3.127986806877675
3.0269868333592873
3.2841837197791888
3.3787834934861767
3.0849625007211556
3.246439344671015
2.9708400131019848
3.7904717067865508
3.139572261986723
3.9317377196674372
3.881005488054637
3.8477942093616946
4.089084911567613
3.52257158913636
4.037841387319533
4.054414570259226
3.9317377196674372
3.418295834054489
2.8553885422075336
3.7855966074612852
4.016702150879894
4.036066330554541
3.885631795573671
3.4472624994412104
3.4182958340544896
3.327819531114783
3.0269868333592873
3.1556390622295662
3.463280517810811
3.327819531114783
3.3232314287976203
3.912766414409788
3.7000144837038995
3.5883543471732335
3.5535088547976783
3.418295834054489
3.7948511387358836
3.2516291673878226
3.1813663288914587
3.238901256602631
0.41381685030363374
3.7154535460473683
3.240223928941852
3.155565013329718
1.0862218199398501
0.9760206482366149
1.8352377453121174
3.180832987205441
3.180832987205441
3.180832987205441
3.2516291673878226
3.2516291673878226
3.240223928941852
3.238901256602631
3.3927474104487847
3.7088689283236804
3.128085278891395
2.952819531114783
3.503258334775645
3.3927474104487847
2.8553885422075336
2.8553885422075336
3.113283334294875
2.1559681021459083
2.436278124459133
2.5220552088742005
3.9361804341297555
3.973660689688184
4.026986833359286
4.0374484395233665
3.084962500721156
4.036066330554541
3.894969494739732
3.084962500721156
3.456564762130954
3.2516291673878226
2.3523037954930768
2.4834585933443494
2.603975726610715
3.373557262275185
3.2516291673878226
3.2516291673878226
3.373557262275185
3.189898095464287
3.2516291673878226
3.2516291673878226
3.189898095464287
3.2516291673878226
3.202819531114783
3.418295834054489
3.89185194638224
4.003259028248121
4.00972396591296
4.0374484395233665
3.3082708345352603
4.036066330554541
4.054414570259226
2.9312089489103235
2.774397470347699
3.0420006612655635
2.7777768114567865
3.0677690309588264
3.263933429485634
3.084962500721156
3.2516291673878226
3.084962500721156
3.30827083453526
3.2516291673878226
3.521640636343319
3.084962500721156
3.521640636343319
3.373557262275185
2.9282129458410013
3.805696396113802
3.139572261986723
2.599581230646064
2.9990795706241746
2.786115012874252
3.1125853906355427
3.263933429485634
2.8553885422075336
3.189898095464287
3.0269868333592873
3.056564762130954
3.056564762130954
3.182005814760214
2.584962500721156
2.8584585933443494
3.5766176449086657
3.6732696895151076
3.9361804341297555
4.025132724542701
4.00972396591296
4.0144608760283615
3.5464393446710156
4.036066330554541
4.058205071827641
3.769903616086356
3.189898095464287
3.383465189601647
3.2516291673878226
2.918295834054489
3.776877626779611
3.260828171224455
3.5841837197791886
3.3940879961000463
3.2516291673878226
3.189898095464288
3.546439344671015
3.773292337118217
2.9852281360342516
3.084962500721156
3.3927474104487847
3.084962500721156
3.056564762130954
3.084962500721156
3.056564762130954
3.2516291673878226
3.89185194638224
4.003259028248121
4.00972396591296
4.043193906153012
3.3082708345352603
4.036066330554541
4.058205071827641
3.446439344671015
2.2081965922770874
2.8073549220576037
3.8886877784650657
3.625
3.177566232096525
3.7427308737169422
3.4056390622295662
3.084962500721156
3.2359263506290334
2.952819531114783
3.0269868333592873
3.182005814760214
3.4548223999466066
2.950212064914747
3.084962500721156
2.918295834054489
3.0021722231837638
3.757632977368134
3.128085278891395
3.175123135113461
2.8553885422075336
3.4332696895151082
3.238901256602631
2.875
3.917843808162767
3.625
3.6280852788913944
3.7427308737169422
3.4056390622295662
3.904807031180741
3.638530469124291
3.9230102876585393
3.689891668750008
3.586890264002433
3.815311532225101
2.8423709931771093
2.350209029099897
2.542482693809728
2.732914563979398
2.7241867087075273
2.080500530640267
2.1490260993959143
2.0284160195853413
2.8150724101159437
2.789898095464287
2.6455933144511468
3.805696396113802
3.2806390622295662
3.0269868333592873
3.479079570624174
3.5068905956085183
2.8553885422075336
3.0269868333592873
3.373557262275185
3.7348943463618243
3.0269868333592873
3.472905595320056
2.688721875540867
3.238901256602631
0.21639693245126462
2.9735572622751847
3.9298559904385333
3.5408099107261526
3.1416192081839784
2.8553885422075336
3.2516291673878226
2.278787598135611
2.4182958340544896
2.5495234595978316
2.7241867087075273
3.375
3.3274847819558424
3.587858798299509
3.3927474104487847
3.2516291673878226
3.418295834054489
3.3927474104487847
3.418295834054489
3.418295834054489
3.2516291673878226
3.2516291673878226
3.418295834054489
2.9852281360342516
3.2516291673878226
2.918295834054489
3.265583322887732
2.950212064914748
2.968918563962097
2.950212064914748
2.855388542207534
2.7773627950641693
3.128085278891395
3.555533151426996
3.574357762129128
3.640223928941852
3.084962500721156
3.4992275471326932
3.44075983254009
3.0269868333592873
3.164963255596982
3.238901256602631
3.5465935642949384
3.521640636343319
3.4565647621309536
3.0269868333592873
2.9182958340544896
2.8150724101159437
3.085055102756477
3.748994803525097
3.418295834054489
3.085055102756477
3.418295834054489
3.625
3.3931271734483177
3.616348566075163
3.238901256602631
3.3931271734483177
2.950212064914747
3.182005814760214
2.918295834054489
3.5878587982995085
3.1395722619867223
3.4357554339416274
2.688721875540867
3.3248629576173574
3.308751351247167
3.640223928941852
3.5459585933443494
3.463280517810811
3.507380102423635
3.869270297089941
3.065957320949175
0.37123232664087563
3.4992275471326932
3.1898980954642866
3.707751623571167
3.6553362295323457
3.9209430253229667
3.1555650133297184
2.8150724101159437
3.5068905956085183
3.1395722619867223
3.573934896284056
3.8112830317643347
3.677139104850461
3.539572261986723
0.0
0.9612366047228759
1.8352377453121174
3.9361804341297555
4.044003363657554
4.00972396591296
4.043193906153012
3.5464393446710156
4.067031495157584
4.066953241256502
3.3248629576173565
2.404678473063571
3.780727860679001
3.149673447186741
2.609850166028943
3.61517677523951
2.8910611120726526
3.572469458770136
3.0849625007211556
2.8553885422075336
3.1556390622295662
2.9182958340544896
3.8696635743711316
3.572431251322119
2.584962500721156
3.3248629576173574
0.21639693245126462
3.251629167387823
3.5766176449086657
3.675310868912364
2.9852281360342516
3.8692996998935216
3.4116022179746714
3.68354236243323
3.6402239289418516
3.6978458230844122
3.702471512219747
3.586890264002433
3.2368573034220742
3.4548223999466066
3.2405282602167116
3.2998963911678905
3.486884632505994
3.6105772433316425
3.7474130395316414
3.1556390622295662
2.873140679513133
3.0849625007211556
3.9400726873486542
3.0220552088742
3.629219686524096
3.1556390622295662
3.513269689515108
3.3927474104487847
3.0220552088742005
3.180832987205441
3.189898095464287
3.378783493486176
3.202819531114783
3.418295834054489
3.039148671903071
3.056564762130954
3.479079570624174
3.182005814760214
2.950212064914747
3.182005814760214
2.8553885422075336
3.78332693768606
2.9852281360342525
3.7474130395316414
3.1556390622295662
3.0849625007211556
3.182005814760214
3.9182523518230763
4.02084355336225
3.9498293044211703
4.043193906153012
3.4316235658474303
3.623516641218015
3.9976702764876126
4.058205071827641
3.2516291673878226
3.378783493486176
2.950212064914747
3.182005814760214
4.0278804472341845
3.9626207400495868
3.501397825434103
3.431623565847431
0.0
3.880770011128115
2.811278124459133
3.707751623571167
3.4817145729860726
3.348798912202497
2.9852281360342516
3.2089873002588
3.418295834054489
3.084962500721156
3.584012370211935
2.9852281360342516
3.327819531114783
3.00623892865339
3.2516291673878226
3.189898095464287
3.2516291673878226
3.378783493486176
3.202819531114783
3.378783493486176
3.418295834054489
3.056564762130954
2.4729055953200563
2.9990795706241746
2.7898980954642876
3.056031014430837
2.8073549220576046
3.418295834054489
3.691428031846024
3.321104330578489
3.815311532225101
3.08232813685843
3.128085278891395
3.5464393446710156
2.9182958340544896
3.3248629576173574
3.4565647621309536
2.584962500721156
3.4548223999466066
2.8553885422075336
3.5766176449086657
3.675310868912364
2.9182958340544896
2.780858935500047
3.615028542394059
2.794653473544342
3.572469458770136
3.344456935241198
2.5184188216115797
2.2806390622295662
3.373557262275185
3.2359263506290334
3.384183719779189
3.368042422572715
3.084962500721156
3.2813734094119904
3.238901256602631
3.0565647621309546
3.300771764058283
3.3737781244591325
3.4357554339416274
3.506890595608519
3.3772781309874365
3.5
3.197159723424149
3.182005814760214
3.3660913291191914
3.182005814760214
3.4952392584608267
2.855388542207534
3.447401504705915
2.872905595320056
3.2402239289418517
3.467451694591552
2.855388542207534
3.27280432733462
3.506890595608519
3.6665363473056676
3.09306920777189
3.084962500721156
3.6421498816369033
3.4952392584608267
2.855388542207534
3.471354487013929
3.3825680832760767
3.2516291673878226
3.673757798772782
2.875
3.5110854081804264
3.381620107948735
3.4072682296173897
3.414441303694973
2.8423709931771093
3.506890595608519
3.3716535224393334
2.6612262562697895
3.805696396113802
3.139572261986723
3.4713544870139295
3.6841837197791887
3.9413100405337342
4.0061983328100945
3.9498293044211703
4.043193906153012
3.3082708345352603
3.623516641218015
3.9976702764876126
4.064603171989224
3.7904290037318664
3.5585186130489057
3.0269868333592873
3.6168746059562227
3.4136606896881854
3.572469458770136
3.6644977792004623
2.509280800120246
3.4992275417233567
0.3372900666170139
2.8150724101159437
4.0278804472341845
3.7021027666226183
3.09306920777189
3.4701755214643453
3.09306920777189
0.0
3.4632805178108104
3.564540477736988
3.7474053599594623
3.9209430253229667
3.1555650133297184
3.7976568528290637
3.5220552088742005
3.321104330578489
2.9966413286637255
3.7627335525736805
3.4251185503571393
3.5912289607390253
3.874644526332662
3.355388542207534
3.169925001442312
0.0
3.322179345516667
2.8073549220576046
3.782623783115037
2.8423709931771093
3.521640636343319
3.4634651896016466
3.308694969562842
3.873235826376328
3.4817145729860726
3.7485893366712615
3.09306920777189
3.4701755214643453
3.431623565847431
0.0
3.085055102756477
3.085055102756477
3.0286393118385746
3.68354236243323
3.0220552088742
3.5724312513221195
3.629219686524096
2.4749525415173124
2.2465026839842657
3.238901256602631
2.350209029099897
2.1938311332103213
3.0269868333592873
3.2089873002588005
3.572469458770136
3.418295834054489
3.3396416069791455
3.773292337118218
3.5465935642949384
3.616348566075164
1.7038736799944132
1.9808259362290788
1.9449581704705035
2.109344885266253
0.9755259511264973
3.9362600275315276
3.40582225028569
3.9498293044211703
4.043193906153012
3.2927701939369904
3.621175542919471
4.003055907333275
3.9359765391330015
3.6437763910523584
2.9232314287976204
3.084962500721156
3.4548223999466066
3.84740207874263
3.5995817701478345
2.873140679513133
3.180832987205441
3.0565647621309537
3.1898980954642866
3.175123135113461
3.0269868333592873
3.2359263506290334
3.7088689283236804
3.128085278891395
3.418295834054489
3.238901256602631
3.1556390622295662
3.381580488309164
3.3248629576173574
3.0269868333592873
4.000978092779002
3.693345218892491
3.6978458230844113
4.039199457415841
3.2927701939369904
3.384183719779189
4.003055907333275
3.9359765391330015
3.6714055834424966
3.691428031846024
3.292481250360578
3.7871439606981396
3.1279868068776753
3.128085278891395
3.4357554339416274
3.4556501805795428
3.8332696895151073
3.521640636343319
3.084962500721156
3.60623892865339
3.5724312513221195
3.572623663895163
3.3680424225727155
3.7080481500712326
3.299896391167891
2.625814583693911
3.504221367526225
0.0
3.513269689515108
3.3927474104487847
3.621928094887362
3.240223928941852
3.084962500721156
2.918295834054489
2.556656707462823
3.718512717760856
3.013070929103845
3.291392876170962
0.9081783472997051
3.927798970294785
4.003259028248121
3.699513850319966
3.621928094887362
3.6692750707107122
3.139572261986723
3.384183719779189
3.9839948470119033
3.933325576638205
3.3660913291191914
3.452819531114783
3.0900327766014795
2.792481250360578
3.2608281712244547
3.4565647621309536
3.1395722619867223
3.375
3.4548223999466066
3.1971597234241487
2.8150724101159437
3.238901256602631
3.521640636343319
3.5465935642949384
3.085055102756477
3.8443645876860666
3.197159723424149
2.9139770731827523
0.0
3.503258334775645
3.5
2.4182958340544896
3.5883543471732335
1.0
2.952819531114783
3.3800943362833302
3.5225715891363594
3.057476076289932
3.9606938242682865
4.003259028248121
3.5843031793467124
3.616348566075163
3.7858673024119973
3.1018812234760182
3.6619328723735824
3.903217485829384
3.128085278891395
3.180832987205441
2.792481250360578
3.7216117239699
3.238901256602631
3.4548223999466066
3.506890595608519
3.4632805178108104
3.734521664779752
3.757048827786958
3.9957153271690533
3.6060152796207325
3.5841837197791886
3.686419411348773
3.456564762130954
2.9852281360342516
3.139572261986723
3.481714572986073
3.9372897810541643
2.910992253015046
3.1018812234760182
3.1556390622295662
3.180832987205441
3.077819531114783
3.2516291673878226
3.0269868333592873
3.1971597234241487
3.452819531114783
3.4677201004745006
3.5132696895151074
3.182005814760214
3.2516291673878226
3.2516291673878226
3.180832987205441
3.251629167387823
3.446439344671015
1.468090781663233
1.154173392945927
2.918295834054489
2.4477979600193267
3.1746742319786425
2.8150724101159437
3.149673447186741
3.2516291673878226
3.332095398660169
2.188721875540867
2.6329557188672728
2.188721875540867
2.4828887343025685
2.188721875540867
2.4828887343025685
2.188721875540867
2.4828887343025685
2.4828887343025685
2.5366082543914996
2.5366082543914996
2.5366082543914996
2.5550365325772657
2.5550365325772657
2.5550365325772657
2.5492553971684995
2.5495234595978324
2.5495234595978324
3.039148671903071
3.5804621997271013
3.7245730184448593
3.4817145729860726
3.219528282299548
0.0
3.6105772433316417
3.4565647621309536
2.8423709931771093
3.2359263506290326
3.113283334294875
1.5
3.2794818922935316
3.851409310972413
2.270942421748537
3.6313883471435844
2.968918563962097
3.381580488309164
3.418295834054489
3.25
3.2516291673878226
3.3927474104487847
3.4677201004745006
3.3927474104487847
3.334679141051595
3.3248629576173574
3.3927474104487847
3.418295834054489
3.418295834054489
3.2516291673878226
3.2516291673878226
3.375
3.3396416069791455
3.71281478090496
3.4565647621309536
3.446439344671016
3.0220552088742
3.3660913291191914
3.139572261986723
2.9689185639620974
3.139572261986723
3.006238928653389
2.6612262562697895
3.2195282822995477
3.1555650133297184
3.238901256602631
3.1395722619867223
3.2516291673878226
3.840858864237566
3.498347149399245
2.9139770731827523
0.0
3.1395722619867223
3.479079570624174
3.189898095464288
3.7264741182543752
3.5623054741943334
3.4834585933443494
2.8225797618424915
3.7440317696207335
3.578864088188097
3.5220552088742005
3.375
3.039148671903071
3.0269868333592873
3.085055102756477
3.378783493486176
3.085055102756477
3.378783493486176
3.202819531114783
3.378783493486176
3.039148671903071
2.42142618605776
2.4349054335653717
3.6835423624332306
3.1728107335198636
3.8059081255623153
2.918295834054489
0.0
2.918295834054489
3.4713544870139295
3.6841837197791887
3.0269868333592873
3.378783493486176
3.939572261986723
3.189898095464287
3.522571589136359
3.1820058147602133
3.4316235658474303
3.128085278891395
3.1395722619867223
2.9689185639620974
3.2927701939369904
3.139572261986723
2.9689185639620974
3.006238928653389
3.006238928653389
3.006238928653389
2.9852281360342525
3.521640636343319
3.5068905956085183
3.084962500721156
3.084962500721156
3.180832987205441
3.056564762130954
3.056564762130954
3.056564762130954
3.5068905956085183
3.7254805569978675
3.1898980954642866
3.3342094594480494
3.2368573034220742
3.1751231351134614
3.0306390622295662
3.4182958340544896
2.8150724101159437
3.375
1.41379956460568
3.446439344671016
3.2927701939369904
3.3927474104487847
2.8962915290459286
3.2946635862096048
3.07419834670499
2.8205898566665457
3.1464393446710153
3.0692119268197366
2.8638263900908156
3.053090083530327
2.9056390622295662
3.0558392436106088
3.06085546879145
3.1216535224393334
2.7068905956085185
2.345851989338261
2.7334585933443494
3.176789192964165
2.6235166412180155
3.5385098742141095
3.633974075997158
3.578864088188097
3.2089873002587996
3.3371753411230776
3.642149881636903
3.084962500721156
3.3927474104487847
3.3248629576173574
3.6887218755408675
3.431623565847431
0.0
3.240223928941852
3.7264741182543752
3.5885440774722106
3.919320734683742
3.3371753411230776
3.377278130987436
3.614369445886757
3.7264741182543752
3.6784391908277176
3.787042812031905
3.6714055834424966
3.3787834934861767
3.614369445886757
3.7264741182543752
3.658234151258403
3.8077635764171944
3.2516291673878226
3.378783493486176
3.717850465126433
3.4399364703978073
3.6168746059562227
3.3787834934861767
2.8553885422075336
3.5394705707972514
3.4992275417233563
4.064392248309453
3.169925001442312
3.734521664779752
3.2516291673878226
3.4992275417233563
3.484183719779189
3.3787834934861767
3.5898980954642865
3.077819531114783
3.6644977792004623
3.419381945646371
3.3921472236645345
3.188721875540867
3.7004397181410926
3.1556390622295662
3.182005814760214
3.584962500721156
3.0220552088742
3.686087744639753
2.78845045730829
3.461320140211008
3.2727698920347943
3.414441303694973
3.1395722619867223
3.8082708345352594
3.0062389286533895
3.09306920777189
3.182005814760214
3.381580488309164
3.128085278891395
3.4292750707107125
3.6537567082870006
3.392747410448785
3.485228136034251
3.0269868333592873
3.5232314287976205
3.3927474104487847
3.375
3.4713544870139286
3.472445544178841
3.785561002824151
3.2516291673878226
3.084962500721156
3.09306920777189
3.350209029099897
3.697845823084412
3.6314018453921717
2.827819531114783
3.1659573209491745
3.5836169753972325
3.3927474104487847
3.503258334775645
3.240223928941852
3.056564762130954
3.238901256602631
3.7904717067865508
3.5465935642949384
3.5090356337908917
3.663532754804254
3.084962500721156
3.195295934496216
3.517894147619623
3.60693673217532
3.419381945646371
3.0062389286533895
3.086048612313038
3.0269868333592873
2.9232314287976204
3.0850551027564768
3.180832987205441
3.0841837197791886
3.503258334775645
3.2516291673878226
3.189898095464287
3.4193819456463714
3.180832987205441
3.240223928941852
3.180832987205441
2.910992253015046
3.295357051617442
3.1556390622295662
3.1395722619867223
3.11583409216322
2.8962915290459286
2.9689185639620974
2.8553885422075336
3.180832987205441
0.19590927087360493
3.202819531114783
3.614369445886757
3.418295834054489
3.621928094887362
3.6163485660751635
3.346439344671015
3.9683403313485464
3.4104172527605203
3.0269868333592873
2.8553885422075336
3.5932696895151075
3.4548223999466066
2.8423709931771093
3.175123135113461
3.5724312513221195
2.9182958340544896
4.046439344671015
3.3248629576173574
3.987211094767797
3.431623565847431
0.0
1.677717620844216
2.284883833375794
3.8365916681089787
3.239097917988786
3.1556390622295662
3.2729055953200556
2.8553885422075336
3.1395722619867223
3.7681518950551567
3.9932526463619635
3.987211094767797
3.431623565847431
0.0
3.903331314860602
3.5589532100053063
3.2516291673878226
3.084962500721156
3.2195282822995477
3.077819531114783
3.1898980954642875
3.10845859334435
2.1234815686957376
2.149026099395914
2.132355675223189
2.142079563925711
3.085055102756477
3.039148671903071
3.1556390622295662
2.873140679513133
2.815922063835166
3.4565647621309536
3.4116022179746714
3.5434651896016462
2.8553885422075336
3.756584501257872
3.999595602624032
2.8553885422075336
1.6925786457610765
1.7319522692135978
2.0355386481824396
3.11583409216322
3.826874881864636
3.5535088547976783
3.0849625007211556
2.8729055953200566
3.2516291673878226
0.9867867202680318
2.6644977792004614
2.7534343861887853
3.1125853906355427
3.2430741894285693
3.639522519994505
3.501397825434103
3.057476076289932
3.5724312513221195
3.546593564294939
3.418295834054489
3.418295834054489
3.572469458770136
3.2516291673878226
0.9043814577244937
2.873140679513133
2.3522170014624826
2.828781483140605
2.855904922469693
2.66122625626979
2.7806390622295662
2.6887218755408666
4.023187011374836
3.748589336671262
3.09306920777189
3.4701755214643453
3.431623565847431
0.0
3.8667292966721747
3.8551248832014187
3.337175341123077
1.0
3.2406015629507228
3.189898095464288
3.4357554339416274
3.4360119290361806
3.056564762130954
3.521640636343319
3.1751231351134614
3.0565647621309537
3.139572261986723
3.139572261986723
3.0565647621309537
3.056564762130954
3.0269868333592873
3.056564762130954
3.0306390622295662
3.238901256602631
3.056564762130954
3.25
3.2406015629507228
3.7100765053906293
3.0220552088742
3.680089353694808
3.085055102756477
3.891092740191777
3.3232314287976203
3.0269868333592873
3.6168746059562227
3.084962500721156
3.8443845322359156
3.488525294897748
3.3927474104487847
3.418295834054489
3.240223928941852
3.2368573034220742
3.056564762130954
3.077819531114783
3.084962500721156
2.9511430177077886
3.2516291673878226
3.414441303694973
2.8553885422075336
3.9146402047659596
3.4251185503571397
3.6047039677121826
3.3248629576173574
3.146286370662105
3.5434651896016467
2.8073549220576037
3.1751231351134614
3.106890595608518
3.0220552088742
3.843010159554855
1.7216117239699014
1.870253816431622
1.271782221599798
1.4832261969709113
1.8024212838293647
1.2832547532764529
1.2427303803729568
1.4041074513870861
1.3250112108241772
1.3143204867061788
3.960924736053002
3.788754913993503
2.984234164652489
3.09306920777189
3.4701755214643453
3.240223928941852
1.0
3.332095398660169
3.202819531114783
2.931208948910323
2.94770277922009
3.5465935642949384
3.155565013329718
2.1543828844668664
3.5032583347756456
3.386842188131012
3.084962500721156
3.2500778750209967
3.1068905956085184
3.4992275471326932
3.5944656369614516
0.3095434291503252
3.238901256602631
2.9852281360342516
3.4273334938982645
2.9689185639620974
3.546439344671015
3.346439344671015
3.8693312611115185
3.292770193936991
3.346439344671015
3.6753108689123644
3.7483286603655737
3.8634651896016465
3.7201755214643453
3.1395722619867223
3.180832987205441
3.419381945646371
3.0220552088742
2.395832045231943
2.7773627950641693
3.238901256602631
3.2516291673878226
3.418295834054489
3.3927474104487847
3.584962500721156
3.238901256602631
3.567024803419185
3.084962500721156
2.6235166412180155
3.4648530979805168
3.084962500721156
2.584962500721156
3.3379350925631623
3.238901256602631
3.485228136034251
2.899397470347699
3.5493963854205566
2.692380602454975
2.7534343861887853
3.503539122804024
3.353269689515108
3.7216117239699
3.8962915290459277
3.506323296163424
3.4105958761262936
2.9182958340544896
3.7256192264024914
3.7871439606981383
3.6988917107500394
3.7637200304473257
3.039353872167201
3.4785848023501837
3.475874973030598
3.4705696783955076
2.9852281360342525
3.0269868333592873
2.866247897312731
3.673785595221648
3.09306920777189
3.1018812234760182
3.426616045880948
2.625814583693911
3.434560814286289
3.09306920777189
3.4613201402110083
3.2210972500579564
2.6887218755408666
2.8073549220576046
3.2516291673878226
3.182005814760214
2.6535442970305683
3.503258334775645
3.238901256602631
3.2516291673878226
3.2516291673878226
0.26676498780302604
0.3227569588973982
0.5489544344250401
2.8932333352564163
3.872878204058191
3.378783493486176
2.25
1.9219280948873623
3.456564762130954
2.9735572622751856
