Shannon_Entropy
2.359879028736861
1.8676338909712125
1.8676338909712125
2.2096909728231857
2.298832068827877
2.3210479133882487
1.787343390924165
1.787949609579852
1.9437519544205017
2.292481250360578
1.919240704636849
1.7295739585136223
1.971747257128181
2.049452072789394
1.4056390622295665
2.1556390622295662
2.146465798504072
2.0545851693377997
2.4137995646056805
1.971747257128181
2.375
1.9814963295286754
1.8423709931771084
1.9182958340544893
2.359879028736861
1.541982284286398
1.789929075309999
1.7027075678729515
1.8814963295286755
1.971747257128181
1.8828306229828695
2.41379956460568
1.9254106352407239
1.9639702958235201
2.0349084575803698
1.5404388162579374
2.049452072789394
2.049452072789394
2.125814583693911
2.125814583693911
1.971747257128181
2.353533948577482
1.971747257128181
1.789929075309999
2.0349409139562287
2.0545851693377997
2.206238928653389
1.8676338909712125
1.4591479170272448
2.1892869761976885
2.0989295636909353
2.057924310831006
2.0182155146751497
2.403677461028802
1.6577427265048887
2.359879028736861
1.9182958340544893
1.6729330318733675
2.292481250360578
2.0349409139562287
1.9182958340544893
1.8676338909712125
1.971747257128181
2.125814583693911
2.349601752714581
2.1280852788913944
2.09098996700847
2.1416195253341384
1.9591479170272446
2.049452072789394
1.9790978911348045
2.319240704636849
1.8676338909712125
1.971747257128181
1.75
2.25
2.064042639445697
1.971747257128181
1.75
2.5788528158822395
1.6729330318733675
1.7924812503605778
1.823067982273661
1.8831056673142008
1.6854752972273346
2.049452072789394
2.278351811711312
1.5998460781570163
2.0989295636909353
2.0306721295208874
1.867633890971212
2.3627402784989338
2.2516291673878226
1.9182958340544893
2.058053136652385
1.8676338909712125
2.049452072789394
1.971747257128181
1.7924812503605778
1.789929075309999
1.8676338909712125
2.2516291673878226
2.353533948577482
1.7578612224162218
1.8389205950315937
1.4591479170272448
1.4591479170272448
2.128085278891394
1.9182958340544893
2.359879028736861
1.971747257128181
1.9182958340544893
1.8322488896002307
2.422579761842491
1.789929075309999
2.521782221599798
1.8230264907128848
1.8909209935891982
1.971747257128181
1.823067982273661
1.8676338909712125
1.7295739585136223
1.6767370300521325
2.0
1.9182958340544893
2.224601752714581
2.2424999049971728
2.0
2.2608203181716595
2.049452072789394
1.9508257945180885
1.8423709931771088
2.1814963295286756
2.2096909728231857
2.0905726024196065
1.8985571027019041
2.175000185970089
1.8676338909712125
2.1800365325772657
2.353533948577482
2.0349409139562287
2.049452072789394
1.7930692202970901
2.33012496531497
2.353533948577482
1.971747257128181
1.8919954870390203
1.7924812503605778
1.9182958340544893
2.205109900073869
1.676737030052133
1.9182958340544893
1.9182958340544893
2.1179631753145163
1.9182958340544893
1.807354922057604
2.1416195253341384
1.75
1.971747257128181
2.138772066828485
2.078491674029184
2.396782221599798
1.971747257128181
2.049452072789394
1.789929075309999
2.049452072789394
1.7924812503605778
2.049452072789394
1.8810947601100747
1.8250112108241772
1.9751060324573735
2.33012496531497
2.077819531114783
1.8423709931771084
2.4634582986483036
2.0
2.292481250360578
1.971747257128181
1.8364665159366838
1.8810947601100745
2.1607047528877827
2.245869617795809
2.049452072789394
1.789929075309999
1.896240625180289
2.1416195253341384
1.7841591278514217
2.054585169337799
2.0349409139562287
2.049452072789394
2.049452072789394
2.049452072789394
2.33012496531497
1.971747257128181
2.125814583693911
1.879964948727111
2.3151277160800037
2.463458298648303
2.5073801024236357
2.359879028736861
2.463458298648303
2.217021885879718
2.199687794731328
2.0
1.7841591278514217
1.676737030052133
1.2516291673878228
2.125814583693911
1.8810947601100747
1.971747257128181
1.6858157091530304
1.4591479170272448
1.971747257128181
2.183754831923921
2.206238928653389
2.0349409139562287
2.33012496531497
1.8676338909712125
1.8676338909712125
1.8423709931771084
1.8676338909712125
2.292481250360578
2.153291231890481
2.1440239107574226
1.7841591278514217
1.9473387961875537
2.049452072789394
1.1488348542809166
1.9591479170272446
2.1864823836654392
2.0
1.9182958340544893
2.359879028736861
2.2810361125534233
2.2608203181716595
2.260964047443681
1.971747257128181
2.5580510765444573
2.353533948577482
2.0566416671474372
1.823067982273661
2.217021885879718
1.9591479170272446
2.0202442071537563
2.181496329528675
2.221251836004466
1.971747257128181
2.049452072789394
1.867633890971212
1.789929075309999
1.8676338909712125
1.6767370300521325
1.9591479170272446
2.292481250360578
2.5703326197105736
1.2516291673878228
1.867633890971212
1.6767370300521325
2.125814583693911
1.8676338909712125
2.385700018616016
2.1258145836939115
2.5580510765444577
1.971747257128181
2.0930692077718898
1.867633890971212
1.9986525468781666
1.7924812503605778
2.1280852788913944
1.4591479170272448
1.971747257128181
2.2751703547731936
2.4192407046368487
2.3208020839342964
2.6084585933443494
1.971747257128181
2.278351811711312
1.9182958340544893
2.049452072789394
2.353533948577482
1.5523157451929097
2.0600037728610148
1.971747257128181
1.6858157091530304
2.3068905956085186
2.125
1.9898980954642875
1.971747257128181
2.016875695766564
1.971747257128181
2.217021885879718
1.9992184835974094
2.2132982820604443
2.038159681645953
2.0545851693377997
2.1406064599010723
2.292481250360578
2.5073801024236357
2.125814583693911
2.221251836004466
1.8002256046491256
1.867633890971212
1.7924812503605778
1.971747257128181
2.2608203181716595
1.8423709931771086
2.291620193427939
1.971747257128181
1.8676338909712125
1.7527152789797047
1.7884504573082896
2.322756958897399
2.292481250360578
2.125814583693911
1.971747257128181
1.971747257128181
1.9182958340544893
2.1280852788913944
2.463458298648303
1.6804820237218405
1.8676338909712125
2.3585605808901513
1.785237646813283
1.75
1.9182958340544893
1.9182958340544893
1.867633890971212
2.049452072789394
2.292481250360578
2.125814583693911
1.780672129520887
1.7924812503605778
1.6577427265048887
1.676737030052133
1.8799649487271108
1.9182958340544893
1.971747257128181
1.971747257128181
1.8676338909712125
1.6858157091530304
2.406666316740689
1.971747257128181
1.7967916319816364
1.971747257128181
1.9746017527145814
2.049452072789394
2.2544475789720946
1.971747257128181
2.1416195253341384
2.2608203181716595
2.216917186688699
2.125814583693911
2.350209029099897
2.521782221599798
1.789929075309999
2.0
1.9211796919474975
1.4723171348353379
2.2110396777402963
1.9669171866886992
2.292481250360578
1.8676338909712125
1.9182958340544893
1.789929075309999
1.7924812503605778
1.676737030052133
1.4591479170272446
2.1416195253341384
2.049452072789394
1.8676338909712125
1.6729330318733675
1.7924812503605778
1.6729330318733675
1.789929075309999
1.4591479170272448
1.9182958340544893
1.789929075309999
2.049452072789394
2.771782221599798
2.1416195253341384
2.199687794731328
2.2890179898186576
1.9508257945180885
1.867633890971212
2.521782221599798
2.473851389610045
2.1416195253341384
1.971747257128181
2.292481250360578
1.971747257128181
1.6858157091530304
2.1739731346044096
1.9473387961875537
2.271782221599798
2.049452072789394
1.971747257128181
1.971747257128181
1.7064704534202346
1.9898980954642875
1.971747257128181
1.9502120649147467
1.7924812503605778
1.9182958340544893
2.375222374437917
1.4591479170272446
2.0634582986483037
2.0814963295286755
1.9238561897747248
2.270942421748537
2.217021885879718
2.0349409139562287
2.063458298648303
2.049452072789394
1.971747257128181
2.0131324651707385
1.9391536237606526
2.4613201402110083
1.971747257128181
2.049452072789394
2.353533948577482
1.7924812503605778
2.521782221599798
1.9591479170272446
2.4137995646056805
1.8919954870390203
1.5545851693377994
2.063202513215852
2.146782221599798
2.4137995646056805
1.971747257128181
2.049452072789394
1.72475648260328
2.125814583693911
2.049452072789394
1.8676338909712125
2.1280852788913944
2.463458298648303
2.1280852788913944
1.823067982273661
1.8262452584026092
1.752715278979705
1.8423709931771088
2.049452072789394
2.1887870678023824
1.8423709931771084
1.8810947601100745
1.9182958340544893
1.807354922057604
1.9182958340544893
1.7924812503605778
2.049452072789394
1.867633890971212
2.292481250360578
2.054585169337799
1.6858157091530304
1.896240625180289
1.8676338909712125
1.7295739585136223
1.8810947601100745
2.45870378086441
1.867633890971212
2.375
2.359879028736861
1.76976370818933
2.1416195253341384
1.971747257128181
2.279799131837405
2.049452072789394
2.292481250360578
2.221251836004466
2.0545851693377997
1.823067982273661
2.319240704636849
2.1156351273037877
2.125814583693911
1.8676338909712125
1.971747257128181
2.353533948577482
2.292481250360578
1.4056390622295665
2.403677461028802
1.8676338909712125
2.0
1.75
1.789929075309999
1.9508257945180885
1.971747257128181
2.33012496531497
1.610577243331642
1.971747257128181
2.3473120514913495
2.1258145836939115
1.971747257128181
1.971747257128181
1.971747257128181
2.049452072789394
2.3301249653149703
2.375
2.125814583693911
1.7295739585136223
2.3667452542142176
2.646782221599798
2.220068302234069
1.9591479170272446
2.1633347891038204
2.2657101447254586
2.2657101447254586
2.011920928594794
1.6858157091530304
2.271782221599798
2.049452072789394
2.1280852788913944
1.789929075309999
2.359879028736861
2.221251836004466
2.1556390622295662
2.0000808760993793
2.0531779229837612
2.353533948577482
1.6858157091530304
1.971747257128181
2.125814583693911
2.271782221599798
2.1299471844774778
2.1416195253341384
2.3050365325772657
2.125814583693911
1.4591479170272448
1.7295739585136223
2.217021885879718
2.202819531114783
1.4414962934127322
2.3228932328862473
1.896240625180289
1.6258145836939115
2.147348781633051
2.077819531114783
2.3723887561033683
1.789929075309999
2.522620309531022
1.892314566285192
1.971747257128181
1.867633890971212
2.0758692966977272
2.4839059745751983
1.971747257128181
1.789929075309999
2.049452072789394
1.971747257128181
1.6767370300521327
2.0458416408851736
1.6960736118322672
1.7193758224153697
1.867633890971212
1.6666750297972288
1.6644977792004614
1.971747257128181
1.8423709931771084
2.270942421748537
2.292481250360578
1.971747257128181
2.3301249653149703
1.584962500721156
1.789929075309999
2.049452072789394
2.125814583693911
1.9591479170272446
2.054585169337799
2.33012496531497
1.9877733714879842
2.049452072789394
2.0349409139562287
1.971747257128181
1.7273966735744792
1.971747257128181
2.1556390622295662
1.7924812503605778
2.098579861712074
1.9182958340544893
1.789929075309999
2.049452072789394
1.971747257128181
2.5967916319816364
1.971747257128181
2.0294069451656007
1.789929075309999
1.971747257128181
2.049452072789394
2.221251836004466
1.8325518169307426
1.971747257128181
2.125814583693911
2.349601752714581
1.971747257128181
1.8423709931771088
1.8676338909712125
1.8810947601100747
2.116299605701696
2.25
2.0758692966977272
1.971747257128181
1.789929075309999
2.221251836004466
1.8676338909712125
2.049452072789394
1.293291353108382
2.240626381427316
1.971747257128181
1.7924812503605778
1.7924812503605778
2.395998870534841
1.4554087549714843
1.7924812503605778
1.882091262089169
2.440404017720928
2.125814583693911
1.823067982273661
2.145136370153053
2.0985798617120746
1.9182958340544893
1.971747257128181
2.353533948577482
1.9852281360342516
1.789929075309999
1.971747257128181
1.9814963295286754
1.9211854965885542
1.9254106352407234
1.789929075309999
1.7382889824745316
1.971747257128181
1.789929075309999
1.9852281360342514
1.789929075309999
2.571448430481963
2.4695083368391986
1.561278124459133
1.7924812503605778
1.9877733714879842
1.9182958340544893
2.359879028736861
2.224601752714581
1.7841591278514217
2.1735572622751853
2.221251836004466
2.322203394455809
2.0590391046748544
1.823067982273661
2.125814583693911
1.8676338909712125
1.971747257128181
1.9232196723355077
1.6858157091530304
2.3921472236645345
1.7740763219743076
2.2797208524644614
1.9591479170272446
1.789929075309999
1.6858157091530304
2.1416195253341384
1.867633890971212
2.292481250360578
1.7758589482446405
2.271782221599798
1.7295739585136223
2.292481250360578
2.5
2.125814583693911
2.3144908557451114
1.4355205042826666
2.1416195253341384
2.040223928941852
1.8676338909712125
1.93012496531497
1.789929075309999
1.7924812503605778
2.125814583693911
1.9182958340544893
2.556656707462823
1.6854752972273346
1.7381493331928664
2.0943609377704333
2.2834409853782627
1.780672129520887
2.262879631232199
1.9182958340544893
1.971747257128181
1.4591479170272448
1.9182958340544893
2.074087044559035
2.125814583693911
1.9852281360342514
2.33012496531497
1.8676338909712125
2.1280852788913944
2.054585169337799
1.867633890971212
2.699513850319966
1.971747257128181
2.375
2.0349409139562287
1.971747257128181
2.322756958897399
2.061278124459133
1.7295739585136223
1.971747257128181
1.8679653582397104
1.7783283537314114
1.811278124459133
1.971747257128181
2.054585169337799
2.013132465170739
1.9591479170272446
2.260820318171659
2.292481250360578
1.971747257128181
1.867633890971212
1.9993896755123952
2.2037016960573483
2.199687794731328
1.9814963295286754
2.521782221599798
1.4591479170272448
1.7381493331928664
2.1440239107574226
1.789929075309999
1.8092830792973653
2.0
2.5967916319816364
1.9220231428515733
2.2516291673878226
2.3301249653149703
2.049452072789394
1.971747257128181
2.146465798504072
1.8676338909712125
1.971747257128181
2.0989295636909353
2.128085278891394
2.260820318171659
1.789929075309999
2.4613201402110083
1.8676338909712125
2.077819531114783
2.0
2.353533948577482
2.1735572622751853
2.217021885879718
2.217021885879718
1.6577427265048887
2.2096909728231857
1.965596230357602
1.8763576394898522
1.9182958340544893
2.292481250360578
1.6858157091530304
1.971747257128181
1.9182958340544893
1.896240625180289
2.3068905956085186
2.0349409139562287
2.1416195253341384
1.867633890971212
2.128085278891394
2.1179631753145163
2.3942811477133943
1.971747257128181
2.3232196723355076
2.3053206513329316
2.217021885879718
2.049452072789394
1.9211854965885544
2.0930692077718898
2.0
1.7730114897389875
2.4092672522514684
2.049452072789394
1.8676338909712125
1.9591479170272446
1.9877733714879842
2.125814583693911
2.1887870678023824
2.029526332323075
2.049452072789394
1.9182958340544893
1.971747257128181
2.0349409139562287
2.2825887305018333
1.971747257128181
1.9591479170272446
2.4634582986483036
2.2856005389623077
1.9898980954642875
2.0202442071537563
2.1179631753145163
2.049452072789394
2.0814963295286755
2.1916116417513782
1.789929075309999
1.789929075309999
2.217021885879718
1.971747257128181
1.789929075309999
2.054585169337799
1.7924812503605778
2.1920058354921066
1.950212064914747
1.8294732983598407
2.0349409139562287
2.221251836004466
2.049452072789394
2.5580510765444573
2.2608203181716595
1.971747257128181
2.217021885879718
2.33012496531497
1.9182958340544893
1.9211796919474975
1.4731069438586597
2.2110396777402963
1.8676338909712125
1.9746017527145812
2.199687794731328
1.971747257128181
1.4591479170272446
1.789929075309999
1.8919954870390203
2.359879028736861
1.971747257128181
1.971747257128181
1.9591479170272446
1.7924812503605778
1.9182958340544893
1.7489992230622806
1.971747257128181
2.0
1.785207088504489
1.676737030052133
2.125814583693911
1.8230264907128848
2.054585169337799
2.0980062977583196
1.789929075309999
1.780672129520887
2.4613201402110083
2.1280852788913944
1.4488156357251847
1.971747257128181
1.8322488896002305
2.1920058354921066
1.9182958340544893
2.359879028736861
1.8832646124632408
1.8423709931771084
1.789929075309999
1.823067982273661
1.9241743523004413
1.6858157091530304
2.102406063462835
2.447338796187554
2.2965784110760583
2.129567987418323
1.823067982273661
1.8073549220576042
1.9015064025015063
1.789929075309999
1.8163401138534077
1.5306189948485172
1.7841591278514217
1.6140054628542204
1.7381493331928664
1.9833830982290133
1.7295739585136223
2.463458298648303
2.8208985013296153
2.049452072789394
1.9508257945180885
1.9751060324573733
1.9782990980624293
2.146465798504072
2.349601752714581
1.8676338909712125
2.3068905956085186
1.867633890971212
1.6858157091530304
2.0185405934413114
2.3050365325772657
2.481714572986073
1.9182958340544893
2.0
1.7841591278514217
2.049452072789394
2.125814583693911
1.7924812503605778
2.049452072789394
1.6729330318733675
1.9182958340544893
2.049452072789394
2.061278124459133
2.054585169337799
1.971747257128181
2.5341468438052397
1.6577427265048887
2.0874628412503395
1.971747257128181
1.867633890971212
1.584962500721156
1.9508257945180885
2.3911309068496194
2.260820318171659
1.971747257128181
2.1556390622295662
1.971747257128181
2.25
1.6858157091530304
1.789929075309999
2.313599086949941
1.9698110652780971
1.8369179809003278
2.049452072789394
2.049452072789394
2.2810361125534233
2.125814583693911
1.789929075309999
2.125814583693911
1.9182958340544893
2.359879028736861
2.049452072789394
2.038760752862686
2.279799131837405
2.125814583693911
2.5580510765444577
2.2516291673878226
2.2516291673878226
2.292481250360578
1.971747257128181
1.7295739585136223
1.8676338909712125
1.8676338909712125
1.8676338909712125
1.7924812503605778
1.914341183612352
1.823067982273661
1.811278124459133
2.4056390622295662
1.914341183612352
1.823067982273661
1.811278124459133
2.292481250360578
1.8423709931771088
1.971747257128181
1.971747257128181
2.0300872246321315
2.075074223172834
2.0349409139562287
1.7924812503605778
2.4922031072054134
2.0349409139562287
1.7273966735744792
1.676737030052133
1.823067982273661
1.8702538164316223
1.823067982273661
2.146465798504072
2.1814963295286756
1.8676338909712125
1.7924812503605778
2.271782221599798
1.7023392365317855
2.1280852788913944
2.359879028736861
2.436278124459133
1.8423709931771084
1.950212064914747
1.7574839898128802
1.823067982273661
1.8230264907128848
1.971747257128181
2.221251836004466
1.75
2.063458298648303
2.248529327128576
2.0461796919474975
1.823067982273661
2.353533948577482
1.971747257128181
2.1814963295286756
1.896240625180289
1.971747257128181
1.971747257128181
1.3368785948733937
2.261673510615948
1.5
1.8716022614097982
1.8676338909712125
1.896240625180289
1.8676338909712125
2.4404040177209283
2.049452072789394
2.349601752714581
2.0294069451656007
2.202819531114783
2.0349409139562287
1.971747257128181
2.049452072789394
1.971747257128181
2.33012496531497
1.971747257128181
1.4591479170272446
1.971747257128181
2.3068905956085186
2.0349409139562287
2.049452072789394
2.2608203181716595
2.4225797618424916
1.811278124459133
2.1280852788913944
1.968873874720721
2.3246841191945378
2.221251836004466
1.9990298316961876
2.292481250360578
1.4591479170272446
1.8676338909712125
1.4591479170272446
1.9746017527145812
2.1179631753145163
2.3450525501511787
1.3462395733794306
2.181899057917561
1.9056390622295662
1.8810947601100747
2.0602489763846963
1.7295739585136223
2.33012496531497
1.9487584397314552
2.1179631753145163
1.6858157091530304
2.221251836004466
2.2524112376893783
2.1887870678023824
1.4355205042826666
2.0349409139562287
1.971747257128181
1.9182958340544893
2.359879028736861
2.0294069451656007
2.2608203181716595
2.2415419333359274
1.9990298316961876
1.856564762130954
1.8423709931771084
2.3695710038552735
1.971747257128181
1.362680942876458
1.5855237983208759
2.2191869580550314
2.292481250360578
1.867633890971212
2.1280852788913944
1.6644977792004614
1.780672129520887
2.353533948577482
1.971747257128181
1.971747257128181
2.1887870678023824
2.4404040177209283
1.971747257128181
2.221251836004466
2.102187170949333
1.971747257128181
2.292481250360578
1.971747257128181
1.9182958340544893
2.353533948577482
1.8423709931771084
2.005977711423774
1.8676338909712125
2.224601752714581
2.33012496531497
1.867633890971212
1.971747257128181
2.125814583693911
1.789929075309999
1.8676338909712125
1.9182958340544893
1.9182958340544893
1.789929075309999
1.9182958340544893
1.8423709931771088
2.7658047436035833
1.7735572622751854
1.9508257945180885
2.25
1.9508257945180885
1.867633890971212
1.7720772537350808
1.8030741894285696
1.971747257128181
2.440404017720928
2.3208020839342964
1.971747257128181
2.292481250360578
1.971747257128181
2.049452072789394
1.654648334118502
1.867633890971212
2.353533948577482
2.199687794731328
1.9814963295286754
2.0
1.7924812503605778
1.6858157091530304
2.221251836004466
2.054585169337799
1.9852281360342514
1.789929075309999
2.049452072789394
1.8676338909712125
2.4404040177209283
2.3959988705348416
1.867633890971212
2.2062389286533897
1.3516292011348525
1.7924812503605778
1.5545851693377994
2.0804820237218404
2.359879028736861
2.3627402784989338
2.2516291673878226
2.176766974288741
1.6767370300521325
2.049452072789394
2.1464657985040723
2.0
2.359879028736861
2.3395722619867225
2.3208020839342964
2.1280852788913944
1.971747257128181
1.6729330318733675
1.789929075309999
2.5967916319816364
2.292481250360578
2.3395722619867225
2.353533948577482
1.7295739585136223
2.233516979402356
2.274397470347699
2.1532912318904804
1.5381206850576399
2.1280852788913944
1.971747257128181
1.971747257128181
2.2096909728231857
1.8676338909712125
2.350209029099897
1.8676338909712125
1.6729330318733675
1.9182958340544893
2.359879028736861
1.971747257128181
1.9508257945180885
2.1416195253341384
2.049452072789394
1.867633890971212
1.9182958340544893
1.4056390622295665
2.403677461028802
2.353533948577482
1.7924812503605778
2.054585169337799
2.0
1.9591479170272446
1.789929075309999
2.25
1.7600335904608961
1.971747257128181
2.4404040177209283
1.8423709931771084
2.125814583693911
2.057924310831006
2.0182155146751497
2.1280852788913944
2.199687794731328
1.760495029766198
1.971747257128181
1.6644977792004614
1.971747257128181
1.6767370300521325
1.867633890971212
1.9508257945180885
2.125814583693911
1.8430233998785335
1.8267893530537787
2.1440239107574226
1.676737030052133
1.8676338909712125
2.049452072789394
2.5580510765444573
1.789929075309999
2.038159681645953
1.9300801441115987
2.219240704636849
2.125814583693911
2.216917186688699
2.125814583693911
1.971747257128181
1.1488348542809166
1.8676338909712125
2.1179631753145163
1.9591479170272446
2.4192407046368487
2.1887870678023824
2.049452072789394
2.271782221599798
2.1258145836939115
1.9182958340544893
1.9804820237218406
1.9591479170272446
2.0349409139562287
2.396782221599798
1.9182958340544893
2.359879028736861
2.4416298737872246
1.9182958340544893
2.0349409139562287
2.049452072789394
1.971747257128181
2.049452072789394
1.6858157091530304
1.9473387961875537
2.3068905956085186
1.896240625180289
1.792481250360578
2.4416298737872246
1.6577427265048887
1.7924812503605778
2.279799131837405
1.9182958340544893
2.359879028736861
1.7344267600244314
1.7295739585136223
1.6591097978811211
2.1416195253341384
1.867633890971212
2.199687794731328
2.0419460322060456
1.971747257128181
1.9182958340544893
1.6729330318733675
2.1406064599010723
1.9898980954642875
2.1916116417513782
2.0874628412503395
2.054585169337799
1.9182958340544893
1.9591479170272446
1.950212064914747
2.064042639445697
2.18701989983998
1.896240625180289
2.202819531114783
1.9508257945180885
1.789929075309999
2.221251836004466
1.8352377453121174
1.7841591278514217
1.7924812503605778
2.1416195253341384
1.875
1.8676338909712125
2.148628367800341
2.205109900073869
1.8799649487271108
1.8438561897747248
2.292481250360578
1.6858157091530304
2.260820318171659
1.6644977792004614
1.9182958340544893
1.789929075309999
2.322756958897399
2.125814583693911
1.9182958340544893
2.403677461028802
1.823067982273661
2.202819531114783
2.3395722619867225
2.339572261986723
1.789929075309999
2.2389205950315936
1.971747257128181
2.499544305608131
1.8676338909712125
1.789929075309999
1.4355205042826666
1.8676338909712125
2.292481250360578
2.4137995646056805
2.292481250360578
2.292481250360578
2.5073801024236357
1.971747257128181
1.8676338909712125
1.971747257128181
1.9182958340544893
1.971747257128181
2.5341468438052397
2.125814583693911
1.9182958340544893
1.789929075309999
1.7924812503605778
2.321110732792026
2.2096909728231857
1.896240625180289
2.353533948577482
1.7924812503605778
1.9508257945180885
1.971747257128181
2.5341468438052397
2.2890179898186576
2.049452072789394
1.971747257128181
2.049452072789394
1.971747257128181
1.971747257128181
2.301072329402873
2.223219672335508
1.971747257128181
2.556656707462823
1.9814963295286754
1.8676338909712125
2.221251836004466
1.971747257128181
1.8423709931771084
2.5580510765444573
1.8676338909712125
1.6577427265048887
1.6767370300521325
2.292481250360578
2.049452072789394
1.823067982273661
2.0
1.9877733714879842
2.128085278891394
1.8676338909712125
1.9508257945180887
2.5073801024236357
1.8423709931771084
1.7295739585136223
2.057924310831006
2.130926080730337
2.125814583693911
1.971747257128181
2.2892464285091583
1.6858157091530304
1.971747257128181
1.7368553428576992
1.971747257128181
2.049452072789394
2.2516291673878226
1.823067982273661
2.0733703279681164
1.8799649487271108
2.054585169337799
2.049452072789394
1.9242299136001455
2.0349409139562287
1.9131060113376823
1.950212064914747
2.1179631753145163
1.8423709931771086
1.8676338909712125
2.049452072789394
1.9182958340544893
1.8676338909712125
1.6729330318733675
1.9182958340544893
1.8676338909712125
1.867633890971212
2.2890179898186576
1.971747257128181
1.9211854965885542
1.8924071185928768
1.8423709931771088
1.9591479170272446
2.2584598927441624
1.971747257128181
2.0300872246321315
2.125814583693911
2.4056390622295662
1.9182958340544893
1.8676338909712125
1.7464657985040721
2.2328756207365448
1.7558774375216974
2.1906173769828343
1.6893917467430877
1.9403358187557618
2.403677461028802
2.1887870678023824
2.1280852788913944
2.5
2.5580510765444573
2.271782221599798
2.6062389286533896
1.971747257128181
2.221251836004466
1.867633890971212
2.1887870678023824
1.4355205042826666
2.4225797618424916
1.971747257128181
2.3395722619867225
2.353533948577482
2.292481250360578
1.6858157091530304
1.6644977792004614
1.823067982273661
1.8676338909712125
2.353533948577482
1.971747257128181
2.359879028736861
2.040223928941852
2.1280852788913944
2.0300872246321315
2.1837548319239213
2.292481250360578
2.699513850319966
2.300811654272092
2.353533948577482
1.971747257128181
2.221251836004466
1.3921472236645345
1.7924812503605778
1.8423709931771088
1.896240625180289
1.971747257128181
1.75
2.963468200497624
2.4613201402110083
2.0
2.1887870678023824
2.440404017720928
2.217021885879718
1.6960736118322672
1.7193758224153697
1.867633890971212
1.6661981361847908
2.125814583693911
2.245869617795809
1.971747257128181
1.789929075309999
1.823067982273661
1.6644977792004614
1.867633890971212
2.498077546623641
1.8676338909712125
1.792481250360578
1.8676338909712125
1.971747257128181
1.971747257128181
2.221251836004466
1.8751310486364097
2.279799131837405
1.8676338909712125
1.8676338909712125
2.4634582986483036
2.3627402784989338
1.8676338909712125
2.0349409139562287
1.8676338909712125
2.221251836004466
1.8676338909712125
1.4591479170272448
1.971747257128181
2.125814583693911
1.971747257128181
1.9182958340544893
2.339572261986723
2.1499481955839452
1.7924812503605778
1.9609640474436814
1.9182958340544893
2.473851389610045
1.9211854965885542
1.5417601481809733
2.4634582986483036
2.5580510765444573
2.0
1.9990298316961876
1.971747257128181
1.4488156357251847
1.9182958340544893
1.3544947480425968
1.9182958340544893
1.789929075309999
2.100983694881109
2.2608203181716595
1.971747257128181
2.125814583693911
1.6158045319402516
2.440404017720928
1.7924812503605778
1.4911148500551858
1.971747257128181
2.221251836004466
1.9502120649147465
2.556656707462823
1.4768035901940921
1.789929075309999
1.5299793721019557
1.6132048628503317
2.403677461028802
2.221251836004466
2.049452072789394
2.102187170949333
1.8407257708651217
2.0349409139562287
2.049452072789394
2.4634582986483036
1.7544999343268475
1.8423709931771088
1.9591479170272446
1.6858157091530304
2.3627402784989338
1.8676338909712125
2.049452072789394
1.9937415663195834
1.6577427265048887
2.359879028736861
2.2485731395538666
1.789929075309999
2.1416195253341384
1.8559585804392404
1.823067982273661
1.811278124459133
1.867633890971212
1.4355205042826666
2.292481250360578
1.971747257128181
1.971747257128181
2.5967916319816364
1.9182958340544893
1.7534343861887849
2.2810361125534233
2.216917186688699
2.049452072789394
2.1735572622751853
1.789929075309999
1.971747257128181
1.789929075309999
1.8676338909712125
1.2516291673878228
1.971747257128181
1.8676338909712125
1.9197367178034825
2.1179631753145163
2.2890179898186576
1.9182958340544893
1.789929075309999
1.789929075309999
1.6644977792004614
1.8676338909712125
2.221251836004466
2.4404040177209283
1.971747257128181
1.8423709931771086
1.8230264907128848
1.3616275082859959
2.3956096264303857
2.049452072789394
2.054585169337799
2.556656707462823
1.7924812503605778
2.292481250360578
1.971747257128181
2.292481250360578
1.8676338909712125
1.5812908992306924
1.7295739585136223
1.7583014394779803
1.8455382986258528
1.7841591278514217
1.39059386014396
1.8804820237218407
1.98324590009608
1.9182958340544893
1.8423709931771086
1.971747257128181
1.4591479170272448
1.2836761502458718
2.0
1.9182958340544893
1.789929075309999
2.049452072789394
2.049452072789394
1.5535209511274697
1.7295739585136223
1.7218679565519956
1.9117667707395731
1.8676338909712125
2.6062389286533896
2.125814583693911
2.1179631753145163
2.054585169337799
1.9211854965885544
1.9591479170272446
1.8676338909712125
1.792481250360578
1.836917980900328
2.4416298737872246
1.584962500721156
2.058813890331201
1.789929075309999
2.1416195253341384
1.789929075309999
2.125814583693911
1.9182958340544893
1.8250112108241772
2.049452072789394
1.9688738747207215
1.789929075309999
2.278351811711312
1.6729330318733675
1.4355205042826666
1.8676338909712125
1.971747257128181
2.125814583693911
1.9211854965885542
1.8676338909712125
2.125814583693911
1.8638263900908156
2.064042639445697
1.8751310486364097
2.049452072789394
2.440404017720928
1.9182958340544893
2.1148051443393325
2.498929563690935
1.971747257128181
1.8676338909712125
1.870253816431622
2.3050365325772657
1.8919954870390203
2.10918081414208
2.0357671321929427
2.1920058354921066
2.1920058354921066
2.0300872246321315
1.9655962303576022
1.7841591278514217
1.870253816431622
2.096426511156002
2.0191534613250357
2.0078560636920493
1.676737030052133
1.8702538164316223
1.936278124459133
2.221251836004466
1.8919954870390203
1.8702538164316223
2.046179691947497
2.2485731395538666
1.8128876215181604
1.971747257128181
1.676737030052133
1.9015064025015063
1.676737030052133
1.676737030052133
1.9182958340544893
2.339572261986723
2.049452072789394
2.584962500721156
2.221251836004466
1.4591479170272448
1.7527152789797045
1.6729330318733675
2.353533948577482
2.074164743022575
1.7544061094608834
1.6279052309678204
1.584962500721156
1.971747257128181
2.125814583693911
1.9182958340544893
1.676737030052133
1.7295739585136223
1.789929075309999
1.896240625180289
1.686872465889092
2.1416195253341384
1.4056390622295665
2.011920928594794
2.130926080730337
2.359879028736861
2.25
1.9182958340544893
1.789929075309999
1.789929075309999
1.4591479170272446
1.8919954870390203
1.8676338909712125
1.9182958340544893
1.789929075309999
1.789929075309999
1.9182958340544893
2.1179631753145163
2.4506595208889133
1.896240625180289
2.319240704636849
2.3068905956085186
2.1339375660949167
1.971747257128181
1.971747257128181
2.128085278891394
1.867633890971212
2.2096909728231857
2.0349409139562287
2.353533948577482
1.971747257128181
2.4634582986483036
2.0132790219068077
2.359879028736861
2.221251836004466
2.054585169337799
2.2485731395538666
2.1416195253341384
2.1981731101716204
2.2569089895583545
1.789929075309999
1.896240625180289
2.3227569588973984
1.7845334114287148
2.125814583693911
1.971747257128181
2.270942421748537
2.292481250360578
2.1916116417513782
2.353533948577482
1.9526832779469112
2.349601752714581
1.8423709931771084
1.8676338909712125
2.058053136652385
1.971747257128181
1.7295739585136223
2.054585169337799
1.870253816431622
1.8919954870390203
1.650022421648354
1.971747257128181
1.9986525468781666
1.971747257128181
2.1280852788913944
2.287783719941071
2.2890179898186576
2.0587779806056763
1.9852281360342514
1.9852281360342514
2.049452072789394
2.0545851693377997
1.8477458056473264
1.789929075309999
1.676737030052133
1.7231025185510307
2.038159681645953
2.1416195253341384
1.6577427265048887
1.8676338909712125
2.2062389286533897
1.971747257128181
2.406666316740689
1.9182958340544893
1.9852281360342514
1.760495029766198
1.971747257128181
1.6644977792004614
2.049452072789394
2.225610814520738
1.822815600352516
1.7841591278514217
1.9016094970590274
1.918208434154617
2.271782221599798
2.3050365325772657
1.823067982273661
1.971747257128181
1.9749375012019268
2.074164743022575
1.6960736118322672
1.7193758224153697
1.867633890971212
1.6444476851403926
1.935945569184765
2.33012496531497
2.2890179898186576
2.1440239107574226
1.7924812503605778
1.4591479170272448
1.9182958340544893
2.049452072789394
1.971747257128181
1.9182958340544893
2.0
1.9182958340544893
1.971747257128181
1.7924812503605778
1.760495029766198
1.971747257128181
1.6644977792004614
1.7924812503605778
2.199687794731328
1.9814963295286754
1.8676338909712125
1.971747257128181
1.9852198297025032
1.823067982273661
1.9182958340544893
1.823067982273661
1.9877733714879842
1.870253816431622
2.292481250360578
1.883075285106467
2.473851389610045
2.125814583693911
2.125814583693911
1.8676338909712125
1.771782221599798
2.5580510765444573
1.8919954870390203
2.049452072789394
1.971747257128181
1.9591479170272446
1.971747257128181
2.049452072789394
1.6858157091530304
1.6577427265048887
1.8810947601100747
2.049452072789394
2.049452072789394
1.971747257128181
1.7841591278514217
1.9974826032927555
2.0814963295286755
2.292481250360578
2.199687794731328
2.1735572622751853
1.8676338909712125
2.049452072789394
2.125814583693911
2.125814583693911
1.5485806065228545
1.5394847569315018
1.8676338909712125
1.8676338909712125
1.7779849042597489
1.896240625180289
2.125
2.2062389286533897
2.0
2.703975752206569
1.971747257128181
2.369696689044702
2.3432578733442675
1.8322488896002307
1.8804820237218407
2.3921472236645345
1.4591479170272446
2.2856005389623073
1.5394847569315018
1.8262452584026092
1.971747257128181
2.1735572622751853
1.7924812503605778
2.584962500721156
2.606238928653389
1.8411924330153042
2.125814583693911
2.040223928941852
1.9301249653149701
1.676737030052133
2.217021885879718
1.8776205033895346
1.971747257128181
1.75
1.8262452584026092
1.9508257945180885
1.3921472236645345
1.353880205061977
1.971747257128181
1.8679653582397104
1.9877733714879842
1.7527152789797045
1.4056390622295665
2.584962500721156
2.125814583693911
1.971747257128181
1.9814963295286754
2.038760752862686
2.221251836004466
1.6644977792004614
2.217021885879718
2.199687794731328
2.353533948577482
2.2890179898186576
1.6644977792004614
1.1488348542809166
1.896240625180289
1.6644977792004614
1.971747257128181
2.3959988705348416
2.128085278891394
2.221251836004466
1.823067982273661
1.8423709931771084
2.221251836004466
2.337156314358455
1.9766480916739722
2.021782221599798
2.054585169337799
1.971747257128181
1.6729330318733675
2.0
2.278351811711312
1.7394541964918901
1.9591479170272446
1.8073549220576042
2.0349409139562287
2.2516291673878226
1.971747257128181
2.0349409139562287
2.1416195253341384
1.971747257128181
2.125814583693911
1.8423709931771086
2.403677461028802
2.2773276830375746
2.1179631753145163
1.823067982273661
1.6644977792004614
2.2492870686521593
2.074164743022575
1.6960736118322672
1.7184617286673067
1.867633890971212
1.6661981361847908
1.9182958340544893
2.359879028736861
1.7924812503605778
1.9956123808398372
1.971747257128181
2.038159681645953
2.260820318171659
2.1887870678023824
2.1887870678023824
1.9182958340544893
2.359879028736861
2.199687794731328
2.125814583693911
1.97285859862763
1.823067982273661
1.789929075309999
1.9591479170272446
1.9182958340544893
2.179350202453772
1.9852281360342514
2.353533948577482
2.1658851502640757
2.3594559773258243
2.0113650418263798
1.9123508077539728
2.1532912318904804
2.049452072789394
2.215695143751562
2.556656707462823
2.221251836004466
1.867633890971212
2.473851389610045
2.1735572622751858
1.789929075309999
2.125814583693911
2.049452072789394
1.9182958340544893
1.7534343861887849
2.221251836004466
2.359879028736861
2.5073801024236357
1.7924812503605778
2.292481250360578
2.1179631753145163
1.7841591278514217
2.3208020839342964
2.125814583693911
1.867633890971212
1.9182958340544893
1.9591479170272446
1.896240625180289
2.339572261986723
2.2608203181716595
2.339572261986723
1.9182958340544896
1.75
2.1586473765932994
1.8869610760415059
2.3208020839342964
2.2608203181716595
1.971747257128181
2.181496329528675
1.971747257128181
2.0349409139562287
2.1179631753145163
1.971747257128181
1.822815600352516
1.867633890971212
2.437806847436231
2.3227569588973984
2.219240704636849
2.221251836004466
2.217021885879718
2.054585169337799
1.867633890971212
1.971747257128181
2.146782221599798
1.789929075309999
1.9877733714879842
1.8676338909712125
2.6692789744377787
2.022106112739839
2.049452072789394
1.971747257128181
1.6858157091530304
1.971747257128181
2.0
2.038159681645953
1.6466234553996824
1.7924812503605778
2.390863696857044
1.7924812503605778
2.005977711423774
2.278351811711312
2.260820318171659
1.971747257128181
2.260820318171659
1.9698110652780974
2.049452072789394
1.8676338909712125
2.0349409139562287
1.4591479170272446
2.358938532350277
2.1040437177782714
1.9814963295286754
1.8676338909712125
1.7924812503605778
2.049452072789394
1.9877733714879842
2.217021885879718
1.971747257128181
2.125814583693911
2.2806390622295662
1.9182958340544893
1.8676338909712125
2.25
2.049452072789394
1.9238561897747248
2.403677461028802
1.8910611120726526
2.353533948577482
2.125814583693911
2.0
1.971747257128181
1.789929075309999
2.1577174691301484
1.8423709931771084
1.8423709931771084
2.3942811477133943
1.6140054628542204
2.125814583693911
1.9591479170272446
2.217021885879718
2.0
2.199687794731328
2.4864580716281224
1.9182958340544893
2.270942421748537
1.9211796919474973
2.33012496531497
1.8799649487271108
1.8498687225851778
2.221251836004466
1.6858157091530304
1.8676338909712125
2.049452072789394
1.867633890971212
1.7841591278514217
2.0922718656836103
2.521782221599798
2.199687794731328
2.0841829849337867
2.1440239107574226
1.971747257128181
2.125814583693911
1.971747257128181
1.9473387961875537
2.049452072789394
2.049452072789394
2.038159681645953
2.054585169337799
2.322756958897399
1.971747257128181
1.7841591278514217
1.9182958340544893
1.971747257128181
2.359879028736861
1.789929075309999
1.6729330318733675
2.125814583693911
2.33012496531497
1.8676338909712125
1.7924812503605778
1.6767370300521325
2.16333478910382
2.077819531114783
2.4137995646056805
2.1179631753145163
2.0349409139562287
1.971747257128181
1.7924812503605778
2.125814583693911
1.9182958340544893
1.6729330318733675
2.221251836004466
2.1464657985040723
2.0989295636909353
2.221251836004466
2.25
1.971747257128181
1.9182958340544893
1.789929075309999
2.049452072789394
1.8676338909712125
1.6644977792004614
1.780672129520887
1.6644977792004614
1.8676338909712125
2.1416195253341384
1.789929075309999
1.8810947601100747
1.4056390622295665
2.179236536168279
2.217021885879718
1.870253816431622
1.971747257128181
2.049452072789394
1.971747257128181
1.811278124459133
1.789929075309999
2.217021885879718
1.8676338909712125
1.867633890971212
1.7924812503605778
1.9591479170272446
1.9182958340544893
2.049452072789394
2.199687794731328
1.8676338909712125
2.128085278891394
1.9182958340544893
2.359879028736861
1.971747257128181
2.049452072789394
2.221251836004466
1.9339545780481742
1.6660600221549005
2.068793640376953
1.7309008619909692
1.6138687253850428
1.7763318528003076
1.971747257128181
2.248529327128576
2.1416195253341384
2.25
1.896240625180289
2.353533948577482
2.1280852788913944
2.0
1.8751310486364097
1.971747257128181
1.4591479170272448
1.971747257128181
2.221251836004466
1.7924812503605778
2.128085278891394
2.049452072789394
2.5967916319816364
1.971747257128181
2.5073801024236357
2.292481250360578
1.8799649487271108
2.1954618442383222
1.8799649487271108
2.0545851693377997
1.867633890971212
2.1416195253341384
1.971747257128181
2.3232196723355076
2.473851389610045
1.789929075309999
2.221251836004466
2.473851389610045
1.9502120649147467
1.8423709931771084
1.823067982273661
2.049452072789394
2.049452072789394
1.8267893530537789
2.221251836004466
1.5487949406953985
1.896240625180289
1.9591479170272446
1.9182958340544893
2.463458298648303
1.790337776968543
1.823067982273661
1.971747257128181
1.8423709931771084
1.789929075309999
2.217021885879718
1.6960736118322672
1.7193758224153697
1.867633890971212
1.6444476851403926
1.867633890971212
2.499544305608131
1.8676338909712125
2.353533948577482
1.9814963295286754
1.760495029766198
1.971747257128181
1.811278124459133
1.867633890971212
2.221251836004466
1.789929075309999
1.971747257128181
2.339572261986723
2.4164997849817107
2.3627402784989338
1.7924812503605778
2.054585169337799
1.789929075309999
1.6729330318733675
2.049452072789394
1.7924812503605778
1.752715278979705
2.049452072789394
1.867633890971212
2.292481250360578
2.375
2.375
2.125814583693911
1.896240625180289
1.2516291673878228
1.7273966735744792
1.811278124459133
2.2988252450030506
1.8676338909712125
2.049452072789394
2.049452072789394
2.353533948577482
1.9182958340544893
2.1280852788913944
1.823067982273661
2.1608467607817
2.0
1.7273966735744792
1.823067982273661
1.811278124459133
1.7295739585136223
1.4591479170272448
2.074164743022575
1.7249222584507287
1.867633890971212
1.6981174211304033
1.971747257128181
2.049452072789394
1.9877733714879842
1.789929075309999
2.5073801024236357
2.049452072789394
1.3313796950377743
2.3180140336406283
1.9211854965885544
1.7924812503605778
1.8676338909712125
2.049452072789394
1.9508257945180885
2.057924310831006
2.0182155146751497
1.9182958340544893
1.789929075309999
1.7924812503605778
1.789929075309999
2.0989295636909353
2.1556390622295662
2.3627402784989338
1.4591479170272446
1.971747257128181
1.789929075309999
1.971747257128181
1.7924812503605778
1.9877733714879842
2.2810361125534233
1.7924812503605778
1.789929075309999
2.0349409139562287
1.971747257128181
2.049452072789394
1.971747257128181
1.8339272176418302
1.9182958340544893
1.789929075309999
1.867633890971212
1.7924812503605778
2.292481250360578
2.5
2.498077546623641
1.8676338909712125
1.6644977792004614
1.823067982273661
2.219240704636849
1.9473387961875537
2.278351811711312
1.7924812503605778
1.896240625180289
2.271370634378849
2.292481250360578
2.279799131837405
2.125814583693911
1.971747257128181
2.049452072789394
1.9508257945180885
2.2608203181716595
1.971747257128181
2.0202442071537563
2.2492870686521593
2.1280852788913944
2.049452072789394
2.049452072789394
2.2516291673878226
1.8453933514120557
1.8676338909712125
1.971747257128181
2.080500530640267
2.298852726158181
2.045841640885174
2.2096909728231857
1.6893917467430875
1.7142977509479211
2.375
1.9877733714879842
1.870253816431622
2.1800365325772657
1.4591479170272446
1.8676338909712125
1.8676338909712125
2.074164743022575
1.6960736118322672
1.7080964224720032
1.7295739585136223
1.8062389286533895
2.0
1.7924812503605778
1.9182958340544893
2.359879028736861
1.789929075309999
2.353533948577482
2.049452072789394
2.0038561897747247
2.4137995646056805
2.406666316740689
2.279799131837405
1.9182958340544893
1.9591479170272446
1.9182958340544893
2.2585728843419153
2.316333280562803
1.823067982273661
1.584962500721156
2.292481250360578
2.1887870678023824
2.169925001442312
1.971747257128181
1.971747257128181
2.1416195253341384
1.971747257128181
2.403677461028802
2.049452072789394
1.971747257128181
1.823067982273661
2.197159723424149
2.271782221599798
2.040223928941852
2.2608203181716595
2.0
1.9182958340544893
2.322179345516666
1.6729330318733675
1.9508257945180885
2.322756958897399
1.6767370300521325
2.359879028736861
2.199687794731328
1.6767370300521325
2.4980775466236413
2.219240704636849
1.2516291673878228
1.8676338909712125
2.199687794731328
1.9814963295286754
1.7381493331928664
2.049452072789394
1.7464657985040721
2.463458298648303
2.349601752714581
1.7295739585136223
1.75
1.7924812503605778
1.8423709931771084
2.292481250360578
2.0
1.9182958340544893
1.789929075309999
1.7527152789797047
1.9182958340544893
2.339572261986723
2.125814583693911
2.359879028736861
1.4591479170272446
2.199687794731328
1.7924812503605778
2.125814583693911
1.9182958340544893
2.406666316740689
1.7924812503605778
1.9473387961875537
1.7924812503605778
1.8676338909712125
2.390863696857044
2.125814583693911
2.145451399311646
2.2608203181716595
2.1280852788913944
1.9182958340544893
2.1887870678023824
2.1416195253341384
2.359879028736861
2.049452072789394
2.359879028736861
1.7924812503605778
1.789929075309999
2.0
1.867633890971212
2.0
1.9877733714879842
1.8676338909712125
1.8570446946294226
1.9499905411589666
2.896240625180289
1.7884504573082893
1.6644977792004614
1.789929075309999
1.75
2.353533948577482
1.7924812503605778
1.6644977792004614
1.8919954870390203
1.9182958340544893
2.292481250360578
2.375
1.7924812503605778
2.279799131837405
1.971747257128181
2.049452072789394
2.2608203181716595
1.867633890971212
1.7924812503605778
2.359879028736861
2.1766352793034835
1.8676338909712125
1.676737030052133
2.169925001442312
2.0
1.6858157091530304
2.0458416408851736
1.6960736118322672
1.7080964224720032
1.867633890971212
1.6477009646740026
1.7924812503605778
1.9182958340544893
1.823067982273661
2.0349409139562287
1.9508257945180885
2.125814583693911
2.2096909728231857
2.0349409139562287
1.9591479170272446
2.077819531114783
2.049452072789394
1.9239771759778455
2.1416195253341384
2.2890179898186576
1.971747257128181
2.30827083453526
2.556656707462823
1.971747257128181
2.054585169337799
1.789929075309999
1.9182958340544893
2.077819531114783
2.1405180562767114
1.971747257128181
2.049452072789394
2.0349409139562287
1.971747257128181
1.8763576394898522
2.206238928653389
1.9182958340544893
1.789929075309999
1.8676338909712125
1.971747257128181
1.8423709931771084
2.0160353655857572
2.2689514679169607
2.049452072789394
2.221251836004466
2.049452072789394
1.93012496531497
2.33012496531497
2.032149669953179
1.8879185026711327
1.7967916319816366
1.9182958340544893
1.8676338909712125
2.129567987418323
1.4056390622295665
2.032149669953179
1.8676338909712125
1.971747257128181
2.221251836004466
2.1173442079779345
1.896240625180289
1.9182958340544893
2.049452072789394
1.7924812503605778
1.867633890971212
2.359879028736861
2.292481250360578
1.7924812503605778
1.8423709931771086
2.221251836004466
1.7216117239699014
2.049452072789394
1.789929075309999
2.4056390622295662
1.4591479170272446
2.102187170949333
1.823067982273661
2.125814583693911
2.057924310831006
2.041814515501815
2.359879028736861
1.971747257128181
1.789929075309999
2.6450613022330405
2.473851389610045
1.971747257128181
1.4591479170272446
1.983084164143437
2.6199100232740657
1.9877733714879842
1.9182958340544893
1.823067982273661
2.556656707462823
2.221251836004466
1.789929075309999
2.2608203181716595
1.9609640474436814
1.96981578242681
2.0814963295286755
1.8496017527145812
2.292481250360578
1.824816986216862
1.971747257128181
2.049452072789394
2.038159681645953
2.0458416408851736
1.6960736118322672
1.7184617286673067
2.353914183314766
1.8716022614097982
1.968873874720721
1.8676338909712125
1.4591479170272448
2.125814583693911
2.0300872246321315
1.584962500721156
1.867633890971212
2.199687794731328
2.0419460322060456
1.823067982273661
1.4591479170272448
2.353533948577482
2.292481250360578
2.353533948577482
2.199687794731328
1.9814963295286754
2.1887870678023824
2.125814583693911
2.125814583693911
1.4591479170272448
2.353533948577482
1.8810947601100747
2.2051099000738694
1.789929075309999
1.4355205042826666
1.9182958340544893
1.789929075309999
2.353533948577482
1.971747257128181
2.049452072789394
1.9211854965885542
1.676737030052133
2.049452072789394
2.1280852788913944
2.556656707462823
2.062656348037272
2.049452072789394
1.584962500721156
1.9211796919474975
1.8676338909712125
2.05632607578088
1.4355205042826666
2.25
2.353533948577482
2.1735572622751858
2.4092672522514684
2.0300872246321315
1.789929075309999
2.260820318171659
1.9560863386339549
2.353533948577482
1.7609640474436812
2.1416195253341384
1.971747257128181
2.049452072789394
2.038760752862686
2.125814583693911
2.4634582986483036
1.7300284863197057
1.896240625180289
2.049452072789394
2.0550365325772657
1.9123508077539728
1.9182958340544893
1.971747257128181
2.359879028736861
2.054585169337799
1.971747257128181
1.971747257128181
2.3627402784989338
1.6152529693093274
2.8073549220576037
2.1813152774012363
2.2125038423722683
1.8799649487271108
1.9182958340544893
1.789929075309999
2.2810361125534233
2.074164743022575
1.6960736118322672
1.7193758224153697
1.6444476851403926
1.9211854965885542
2.125814583693911
1.971747257128181
1.9182958340544893
1.676737030052133
2.33012496531497
1.971747257128181
2.161378479448699
1.867633890971212
1.7295739585136223
1.867633890971212
1.9182958340544893
1.75
1.9508257945180885
2.3271615543174957
1.971747257128181
2.0191534613250357
2.1280852788913944
1.8810947601100747
1.789929075309999
1.9508257945180885
1.8676338909712125
2.199687794731328
2.227534334005981
1.870253816431622
2.0550365325772657
1.971747257128181
1.8472444899122604
2.1887870678023824
2.077819531114783
1.823067982273661
1.789929075309999
2.4634582986483036
1.789929075309999
1.7295739585136223
2.0038561897747247
2.1735572622751853
2.0458416408851736
1.6960736118322672
1.699280725412418
1.7144116568924308
2.271782221599798
2.223219672335508
2.1179631753145163
2.359879028736861
2.3627402784989338
2.3301249653149703
2.1416195253341384
2.049452072789394
2.1416195253341384
2.353533948577482
2.472832267342686
2.289246428509158
1.789929075309999
1.781937063546704
2.606238928653389
1.789929075309999
1.971747257128181
1.9628150414142904
2.005977711423774
2.1353503825268683
2.221251836004466
1.7201755527081781
2.1774212838293647
2.109526332323075
1.971747257128181
1.9852281360342512
2.0
2.359879028736861
2.2693948246652953
1.8423709931771084
1.56966700982349
1.9698157824268105
1.7523584691767116
2.080500530640267
1.7841591278514217
1.3631226828453848
2.3667302214224475
1.4355205042826666
2.5967916319816364
2.199687794731328
1.6490620287151023
1.8810947601100747
1.5487949406953985
1.9182958340544893
1.971747257128181
2.359879028736861
1.789929075309999
2.646782221599798
2.5967916319816364
1.971747257128181
1.7924812503605778
1.4911148500551858
2.4192407046368487
2.5566567074628237
2.049452072789394
2.353533948577482
1.811278124459133
2.049452072789394
1.8423709931771084
1.950212064914747
1.7961796919474975
1.7028195311147831
1.7464657985040721
2.049452072789394
1.5566567074628228
2.019240704636849
1.971747257128181
2.292481250360578
2.128085278891394
2.206238928653389
2.049452072789394
2.2056221220248466
2.054585169337799
2.1280852788913944
1.789929075309999
2.2544475789720946
1.720690959472231
2.4404040177209283
1.7216117239699014
1.9591479170272446
1.971747257128181
1.8423709931771088
1.971747257128181
1.789929075309999
1.789929075309999
2.3301249653149703
2.6098501660289424
2.217021885879718
2.049452072789394
2.353533948577482
1.9182958340544893
1.971747257128181
1.6729330318733675
2.074164743022575
1.6960736118322672
1.7080964224720032
1.6981174211304033
2.014428385778779
2.240697746463587
2.5073801024236357
1.971747257128181
2.0
1.8423709931771084
1.6858157091530304
2.1280852788913944
2.463458298648303
2.0349409139562287
2.199687794731328
1.4591479170272446
1.9182958340544893
1.7924812503605778
2.463458298648303
1.971747257128181
2.199687794731328
2.217021885879718
1.9296773192933236
2.2607428601521846
1.676737030052133
2.1503654944541823
2.1037956681979177
1.8676338909712125
2.270942421748537
1.971747257128181
1.971747257128181
2.2516291673878226
1.867633890971212
1.780672129520887
1.9877733714879842
2.1735572622751853
1.9182958340544893
2.4416298737872246
1.9591479170272446
2.049452072789394
2.197159723424149
1.7924812503605778
2.0349409139562287
2.33012496531497
1.7841591278514217
2.3227569588973984
1.867633890971212
1.867633890971212
2.125814583693911
2.4137995646056805
2.5073801024236357
2.6469633013224234
2.1416195253341384
2.049452072789394
1.5810309627563695
2.1800365325772657
1.6893917467430875
2.038159681645953
1.822815600352516
1.9655962303576022
1.971747257128181
1.9508257945180885
1.971747257128181
1.7841591278514217
1.823067982273661
2.359879028736861
1.7474130395316416
2.146782221599798
2.4729055953200563
2.5073801024236357
1.9591479170272446
2.699513850319966
1.584962500721156
1.7924812503605778
1.823067982273661
2.0238039402066654
1.811278124459133
2.1416195253341384
2.217021885879718
2.128085278891394
1.6858157091530304
2.322756958897399
1.8676338909712125
2.4416298737872246
1.8423709931771088
1.870253816431622
2.0
2.292481250360578
1.971747257128181
1.7295739585136223
1.650022421648354
1.971747257128181
1.896240625180289
1.8676338909712125
1.867633890971212
1.9182958340544893
2.248529327128576
2.049452072789394
1.971747257128181
1.8676338909712125
1.568316493272887
1.9698157824268105
1.5262349099495227
1.789929075309999
2.613337314045307
1.6729330318733675
2.219633122975817
1.971747257128181
1.5812908992306924
1.789929075309999
1.725492782401049
1.78478127554641
1.7841591278514217
2.049452072789394
2.217021885879718
2.049452072789394
1.5
2.1735572622751853
2.125814583693911
2.128085278891394
1.867633890971212
1.9814963295286754
1.9877733714879842
2.049452072789394
2.2608203181716595
2.1416195253341384
1.971747257128181
1.971747257128181
2.049452072789394
1.9473387961875537
2.3253314601288055
1.971747257128181
2.0419460322060456
2.463458298648303
1.971747257128181
2.6982144715653256
1.7884504573082893
1.6644977792004614
1.4488156357251847
1.789929075309999
1.971747257128181
1.789929075309999
1.4591479170272448
1.75
1.8676338909712125
1.7924812503605778
2.25
2.0131324651707385
1.971747257128181
1.867633890971212
2.25
2.125814583693911
1.8423709931771084
1.8676338909712125
1.8123338501313067
1.971747257128181
2.051361789187549
1.8676338909712125
1.8676338909712125
2.1280852788913944
2.038159681645953
1.4591479170272446
2.498077546623641
1.8676338909712125
1.780672129520887
1.971747257128181
2.5146591198888006
1.7841591278514217
2.125814583693911
1.9591479170272446
2.1179631753145163
2.375
2.322756958897399
2.358938532350277
2.1416195253341384
2.049452072789394
1.971747257128181
1.9508257945180885
2.0349409139562287
2.049452072789394
1.7295739585136223
2.6922718656836104
2.0
2.279799131837405
1.75
1.971747257128181
2.359879028736861
2.217021885879718
1.7273966735744792
1.823067982273661
1.811278124459133
1.789929075309999
1.6729330318733675
1.7142977509479211
1.7884504573082896
2.146465798504072
1.971747257128181
1.8810947601100745
2.049452072789394
1.8676338909712125
2.1280852788913944
2.4634582986483036
1.7534343861887849
2.040223928941852
1.914341183612352
1.9877733714879842
1.8676338909712125
1.6981174211304033
1.9499905411589666
1.870253816431622
1.823067982273661
1.7841591278514217
1.971747257128181
1.676737030052133
1.9015064025015063
1.676737030052133
1.9693894195291561
1.9182958340544893
1.8971821794487451
2.0349409139562287
1.8676338909712125
2.33012496531497
1.7921951936824647
2.054585169337799
2.473851389610045
1.9877733714879842
1.7694549788326486
1.6577427265048887
1.8676338909712125
1.9746017527145812
1.8423709931771084
2.049452072789394
1.789929075309999
1.5770219428593948
2.221251836004466
1.9182958340544896
1.4056390622295665
1.896240625180289
1.971747257128181
1.9182958340544893
1.4488156357251847
1.867633890971212
2.4634582986483036
2.1887870678023824
2.128085278891394
1.8571530222550425
1.7841591278514217
1.676737030052133
1.823067982273661
1.9852281360342514
2.2485731395538666
2.1920058354921066
1.823067982273661
1.823067982273661
1.971747257128181
1.9128876215181603
2.148834854280917
2.2485731395538666
1.971747257128181
1.7924812503605778
2.038159681645953
2.0349409139562287
1.9528195311147831
1.8676338909712125
1.8282344370732122
2.3352506465435376
2.3253314601288055
2.049452072789394
1.780672129520887
1.8676338909712125
1.789929075309999
1.9211854965885542
1.789929075309999
2.2810361125534233
2.4613201402110083
1.945035565875688
2.0349409139562287
1.971747257128181
2.0349409139562287
2.2890179898186576
2.3208020839342964
1.971747257128181
2.061278124459133
2.1577174691301484
1.971747257128181
2.125814583693911
2.057924310831006
2.0182155146751497
1.8676338909712125
2.498077546623641
1.8676338909712125
1.971747257128181
1.8676338909712125
1.867633890971212
2.054585169337799
1.7924812503605778
2.2806721295208874
2.1609640474436813
2.4137995646056805
2.2062389286533897
1.8423709931771086
2.128085278891394
1.949526332323075
1.9312089489103226
1.8850931455708966
1.9852281360342514
1.6858157091530304
2.064042639445697
2.125814583693911
2.049452072789394
2.4416298737872246
2.2608203181716595
2.1814963295286756
1.6729330318733675
1.789929075309999
1.971747257128181
1.7295739585136223
2.0202442071537563
1.9211854965885542
2.0132790219068077
2.1735572622751858
2.403677461028802
2.1464657985040723
1.971747257128181
1.7924812503605778
1.971747257128181
2.0349409139562287
1.971747257128181
2.3395722619867225
1.6767370300521325
1.809200032697812
1.4591479170272448
1.971747257128181
1.789929075309999
1.950212064914747
1.8638263900908159
1.8854428674817079
1.8423709931771086
1.7295739585136223
1.7924812503605778
2.202819531114783
1.9182958340544893
2.359879028736861
1.7749475265481325
2.1179631753145163
1.971747257128181
2.2608203181716595
1.971747257128181
2.587801264054899
2.1887870678023824
2.819957898557147
1.789929075309999
1.870253816431622
2.3208020839342964
1.6729330318733675
2.3942811477133943
1.9898980954642875
2.3491999393493437
2.064042639445697
1.8810947601100745
2.260820318171659
1.8073549220576042
1.9877733714879842
1.8676338909712125
1.971747257128181
2.2877837199410704
2.2109736165067546
1.6644977792004614
2.4416298737872246
1.5566567074628228
1.789929075309999
2.0
1.9182958340544893
2.359879028736861
1.9182958340544893
3.1735332098491895
1.907060080924303
1.8676338909712125
1.971747257128181
2.128085278891394
1.9182958340544893
2.224601752714581
1.971747257128181
2.411155495993288
1.9182958340544893
2.41506101220307
1.8676338909712125
2.0349409139562287
1.9182958340544893
1.789929075309999
1.8853775057695388
2.33012496531497
1.823067982273661
1.789929075309999
2.128085278891394
2.1416195253341384
1.676737030052133
2.292481250360578
2.054585169337799
1.971747257128181
2.221251836004466
2.350209029099897
2.049452072789394
2.221251836004466
1.9688548967005404
1.789929075309999
1.789929075309999
2.4404040177209283
2.146782221599798
2.5073801024236357
2.396782221599798
1.4591479170272448
2.3192407046368486
2.287783719941071
1.971747257128181
1.6526768021893683
1.8676338909712125
2.0349409139562287
1.965596230357602
2.0078560636920493
2.146782221599798
2.2051099000738694
2.292481250360578
1.971747257128181
1.8423709931771088
1.811278124459133
2.292481250360578
2.6062389286533896
1.6644977792004614
2.4613201402110083
2.292481250360578
1.936821952433736
1.3921472236645345
2.049452072789394
1.7961796919474973
2.291620193427939
1.9182958340544893
1.9182958340544893
2.292481250360578
1.896240625180289
1.971747257128181
2.1280852788913944
2.221251836004466
2.375
2.33012496531497
1.9182958340544893
1.9852281360342514
1.9591479170272446
2.406666316740689
1.971747257128181
1.971747257128181
1.971747257128181
2.049452072789394
1.8339272176418302
2.25
2.699513850319966
1.971747257128181
1.9182958340544893
2.359879028736861
1.971747257128181
2.1280852788913944
2.221251836004466
1.4112050925821995
1.7841591278514217
2.0349409139562287
2.7247198033190516
1.7381493331928664
2.1812056673346514
2.9305930861794183
2.359879028736861
2.221251836004466
2.049452072789394
2.292481250360578
2.077819531114783
1.971747257128181
1.9182958340544893
2.359879028736861
1.9182958340544893
1.789929075309999
1.9182958340544893
2.292481250360578
1.9182958340544893
1.9182958340544893
2.16150179039638
1.8163401138534079
1.8129452762598803
1.75
1.571538790639004
2.48345859334435
1.9993073294931032
2.3960938348528806
1.8638263900908159
2.221251836004466
2.049452072789394
2.139353872167201
2.1179631753145163
1.971747257128181
1.6858157091530304
2.3627402784989338
2.349601752714581
1.7381493331928664
1.8149798205164813
1.9523612813926658
2.4416298737872246
1.9795739585136225
2.359879028736861
1.7527152789797047
2.353533948577482
1.9182958340544893
2.406666316740689
1.9182958340544893
2.045841640885174
2.217021885879718
1.6960736118322672
1.7080964224720032
1.867633890971212
1.6477009646740026
2.125814583693911
1.971747257128181
1.896240625180289
1.8423709931771086
1.9182958340544893
1.7924812503605778
1.971747257128181
1.7295739585136223
2.045841640885174
1.971747257128181
2.353533948577482
1.971747257128181
2.0
1.6644977792004614
2.125814583693911
1.7814963295286752
1.8423709931771084
1.971747257128181
1.4591479170272446
2.4056390622295662
2.0349409139562287
1.7924812503605778
1.867633890971212
1.9182958340544893
2.196791631981637
2.0985798617120746
1.5552156428865709
2.049452072789394
1.789929075309999
2.063458298648303
1.8423709931771084
2.292481250360578
2.358938532350277
2.25
2.1273877651912745
2.472735745909179
2.2608203181716595
2.049452072789394
1.5
1.7841591278514217
2.375
1.7055872616982601
1.7841591278514217
2.260820318171659
1.7295739585136223
2.038159681645953
1.8676338909712125
2.075869296697727
1.6644977792004614
1.971747257128181
1.8676338909712125
2.1887870678023824
2.049452072789394
1.8423709931771084
2.279799131837405
1.676737030052133
1.823067982273661
2.0733703279681164
2.0
2.0
1.789929075309999
1.896240625180289
1.8919954870390203
2.199687794731328
2.221251836004466
1.971747257128181
2.049452072789394
1.8763576394898522
2.3355055565170972
2.125814583693911
2.022106112739839
2.202819531114783
1.971747257128181
1.867633890971212
2.049452072789394
2.5073801024236357
