Shannon_Entropy
1.5693078231812962
1.716047706294417
1.2720552088742005
1.5451936105874193
2.124429393841987
1.7814164026211206
0.5225593745369408
1.6166422780956524
1.5440126150459355
1.463560049886367
1.3699740752745009
1.7224945678306305
0.0
0.0
0.4689955935892812
1.6514812425365812
0.7907669479360189
1.1981174211304033
0.9852281360342515
0.5916727785823275
1.8997218324096137
1.5569010760354054
1.2843901597366205
0.8180959929710641
1.6437519544205021
0.41381685030363374
0.8936575671410782
1.4256051990169438
1.5229571181374095
0.9055872616982603
1.5737888130660205
1.840545648629973
1.0949143184120975
0.934068055375491
1.5566567074628228
1.2309595631140104
0.583584486987073
1.6973206585968414
1.3361602543738118
1.8985796198516618
1.4108478748063633
1.298746985624977
1.598816797162542
1.6183941088363931
0.41381685030363374
1.8192407046368488
1.9508157263277075
2.08282985618071
1.2577148214953864
1.7456472141762842
0.9463729359854419
1.947996533166584
1.6582341512584016
1.8129072918469558
1.7334834339268832
1.876343241564794
1.7874034414266398
1.6152502650882519
0.5435644431995964
1.9083445441575104
0.41381685030363374
0.985909442028652
1.8012693629222505
1.6113834567195195
1.402081402756032
1.428794734004785
1.6344315043405981
1.8068745157725388
1.2567796494470393
0.0
1.5193968934119408
1.8474201200521745
1.6514812425365815
1.4832261969709113
1.402105210308432
1.4237949406953985
0.0
0.0
1.5594033571080412
0.5665095065529053
0.6500224216483541
1.9644052674484187
1.4716022614097979
0.6500224216483541
0.0
1.7843151288554941
1.368254329686518
1.5916587014077148
0.9852281360342515
0.9463729359854419
0.41381685030363374
1.6662478973127313
0.5916727785823275
1.3685225277282063
1.7688555892617415
1.6950355658756875
1.6158045319402516
0.9463729359854419
0.0
1.565330364049787
1.4836591643979626
1.4197367178034825
1.4152689500270954
1.419035274338866
1.690933805959686
1.583486490151956
0.9967916319816366
1.4955380299191112
0.9852281360342515
1.456564762130954
1.5783898247235197
1.456564762130954
1.9258641224711837
1.8383685150260665
0.0
1.1872003066827859
1.6219011889093373
0.9463729359854419
1.681899067522611
1.4040840867045763
1.8808381662190898
1.695689304536347
1.4294732983598406
1.575030857724152
1.6710694779367548
1.6726062260611632
1.7107149529689596
1.690335562487828
1.6532925357801023
1.62917976151412
1.680507838231001
1.7455674963816892
1.6709254356981218
1.7610687130986618
1.7258345594853566
1.7394796296757502
1.6394584699154315
1.7784235030301248
1.8253942860148422
1.6464417904241373
1.8544227415223755
1.7445842076889957
1.8516515851328967
1.8799649487271106
1.7648111953199064
1.5683182557028439
1.5820239409642765
1.0957952550009336
0.4394969869215134
0.9530138853315971
1.2361862832554125
1.4466479595102752
0.7793498372920851
1.5569010760354054
1.7502248772852353
1.5016144718101818
0.4394969869215134
2.0864424862739575
1.2475562489182659
1.610902344426084
1.640596682429436
1.7107382733922885
1.6113834567195195
1.4735958170526893
1.1395960425194542
1.3377780971924957
1.1216407621868583
1.7971399061985496
1.4294732983598406
0.0
0.39124356362925566
0.0
1.4152689500270954
1.6068322783181097
1.4373770511116049
1.646577717482228
1.629801491277021
1.2366407419411674
1.2419460322060458
1.6627992560224794
1.759627536341357
1.6158045319402516
1.2567796494470393
1.7474594241169754
0.7219280948873623
1.6709505944546688
1.4256051990169438
1.6788979029874789
1.6539967386657088
1.5090275125326515
1.1981174211304033
1.8495291547981068
1.4237949406953985
1.2949949446893019
0.39124356362925566
1.9473387961875537
1.9681300137657636
0.7871265862012691
1.3752793655393791
0.0
0.9182958340544896
0.9444885341662053
1.608700165519891
0.6699250014423124
0.0
1.370259712116391
1.9339119513005474
1.2475562489182659
1.6393210497942587
1.3672649607197351
1.4915560089120212
1.253297578463043
1.8030741894285696
1.810699332842307
1.3709505944546687
0.9912642605354288
1.6282202760321463
0.5304060778306042
0.6500224216483541
0.0
1.158938532350277
1.8094586232495922
1.7224945678306305
1.3244602933016414
1.6113834567195195
1.6493102540559317
1.6460326299914483
1.4292750707107136
1.1994602933016414
1.6668407308853266
1.7412336264198882
1.7830681177336596
1.8250112108241772
1.7832474385325099
1.5016144718101818
1.6373755204030904
1.5451531398349103
1.6321654021612106
1.6692462556711996
1.6862168056925102
1.1540157730728
0.7907669479360189
1.0529815751302694
1.4703342432855295
1.1401156785146092
1.4009092867858612
0.5435644431995964
0.0
0.0
0.9852281360342515
1.49692754611459
1.6956893045363468
1.5002723456084084
1.3009376049438532
1.1488348542809166
1.3472230399326601
1.5626880393039078
0.7742433029172697
1.2475562489182659
0.7219280948873623
1.8437519544205019
1.3244602933016414
1.272905595320056
1.5537651978285885
1.2949950747154697
1.4815101887362598
1.7172745699976013
1.6441968852615843
1.456564762130954
1.6031649549155953
1.3294340029249652
1.4854752972273344
1.5577277787393193
1.6221860514952977
1.9215419333359276
1.6858157091530304
0.0
1.3741854163060885
1.022420703848328
0.0
1.3685225277282063
0.6500224216483541
1.5827993325271836
1.4453431906667726
1.4256051990169438
0.7665095065529054
1.0263137138648348
1.9102699414555262
0.7742433029172697
1.4466479595102752
0.7424875695421236
1.5700578392573044
1.4320062125405801
2.010833646327528
0.7219280948873623
1.5577277787393193
0.9112392226370905
0.35335933502142136
1.445166096640874
0.9989326546260581
0.998363672593813
1.632935039619369
1.4516607643577668
1.6688150003812015
0.8343470230852538
1.173185867971725
1.272905595320056
0.8112781244591328
1.6337314206421327
0.0
0.9141828384352135
0.39124356362925566
1.3663146570363986
1.6151713102472967
0.9912642605354288
1.4256051990169438
1.4056390622295665
1.5703612224162218
1.5683182557028439
1.1994602933016414
1.894739663055176
1.4447470033120826
1.6767756556299775
1.7601553465802904
0.6500224216483541
0.0
1.158938532350277
0.0
1.3294340029249652
1.189731916820733
1.3716407621868583
0.9182958340544896
1.3421389558735095
0.3227569588973982
1.497385205007079
1.854285871987246
1.3752580686696534
1.2866926683547546
1.539741747302507
0.9463729359854419
1.713246302457068
1.748320381093429
1.4772170014624826
0.0
1.301240785481462
1.5931390622295665
0.3227569588973982
0.8366407419411672
1.3092966682370037
1.7360069464476562
1.4294732983598406
0.28639695711595625
1.275162982784857
1.6679511971986447
1.0529815751302694
0.74959525725948
1.6849774484867255
1.5301404544057031
0.9976267918964659
1.4182958340544896
1.7576710282239203
0.74959525725948
1.3792804872910602
1.5490116985356843
1.2741912122206154
1.4971532011754078
1.3995812306460644
0.5489544344250401
1.7423773993623528
1.468090781663233
1.5335557935869273
1.5731146182710192
1.8525558133611297
1.5343114183079523
1.4657904693384451
1.791615921862549
1.4294732983598406
0.26676498780302604
2.0717350271381694
1.5941352236854809
1.188721875540867
1.0529815751302694
1.3954618442383218
1.198192411043098
1.562688039303908
1.6842780918547688
1.2366407419411674
1.6010143058068347
1.8152585877941236
1.6936256356099957
1.6192407046368487
1.253297578463043
1.49692754611459
1.7814963295286752
1.6788979029874789
1.9301559669598642
1.7798299876761599
1.4832261969709113
1.3716407621868583
1.2419460322060458
1.9451720035002105
0.9182958340544896
0.0
1.450467463408549
0.0
0.8773870642966132
0.7345299214394703
1.0892300788425848
1.8743968275792584
1.8073518144449938
1.3752793655393791
1.1401156785146092
1.0949143184120975
1.3699740752745009
1.590131201194239
1.8290328929684438
0.9933927290103626
1.267931645520725
0.7732283485249176
1.1436609314966701
1.0534081504863568
1.8131838505075617
0.7228578977329688
1.3727069617019705
1.161378479448699
1.400501389930559
1.543751954420502
0.6722948170756379
0.0
1.7224945678306305
1.2987949406953985
1.4294732983598406
0.9990102708804813
1.5016144718101818
1.4958242288403438
1.6698050549913168
1.6306882747516656
1.7224945678306305
1.678770585643888
1.4772170014624826
1.0949143184120975
1.3244602933016414
2.175764919915272
1.5799468413768503
1.4197367178034825
1.3372449392958772
1.7826349041704352
0.9182958340544896
1.2516291673878228
1.57724165630338
1.6798229071556268
1.7488138246585363
1.5277318665238087
1.3834651896016472
1.5394705707972522
1.580000754875826
0.8683927290103626
1.1994602933016414
1.2475562489182659
1.3995812306460644
0.9992492479956565
1.4056390622295665
1.4657904693384451
1.1981174211304033
1.693027668432327
1.3699740752745009
1.7273536033721066
0.8904916402194913
1.4652556501132248
1.628920702527298
0.0
1.3208769653562038
1.2100285140347624
1.57797720011724
1.0529407605626346
1.4361540380402573
1.6107482339528836
1.5227119556807576
1.6401670581634917
1.5195563653739033
1.8129072918469558
1.540807219790588
0.0
1.3420192178195207
2.0954591351808576
0.951994081908783
1.280019973431558
1.6159889779043453
1.6277637415297184
1.7652465283787413
1.1635402011210707
0.7219280948873623
0.74959525725948
1.6769447629717746
1.468090781663233
1.530920491687485
1.7732143550933814
1.8776205033895346
1.3699740752745009
1.496065911543853
1.0672820786263026
1.4652556501132248
1.2772018112022603
1.720066048330332
1.3663146570363986
1.7885667162738044
1.5016144718101818
0.9182958340544896
1.6253785496437987
0.0
1.5016144718101818
1.2870540281187268
1.4473252329913513
1.8873178814768274
0.8112781244591328
1.6166422780956524
1.2949950747154697
1.8464606934436159
1.7896035730274293
1.6010143058068347
1.2484577639970085
1.3862740938959681
1.720616644881894
1.3792804872910602
1.4127413029424614
0.998363672593813
1.828234437073212
1.815854740119989
1.134969974603941
1.5237516322372207
1.773341679024178
0.41381685030363374
1.4294732983598406
1.5157895841746822
1.5221898721658211
1.4294732983598406
1.6793308322365363
1.9754128972590443
2.129432036254818
0.9132829641650988
0.8112781244591328
1.523385837728476
1.0408520829727552
1.0
1.8899168453199877
1.6687764916187344
1.1863137138648348
1.969810703872047
1.7605307928611307
1.4185644431995963
0.7732283485249176
0.9912642605354288
1.3244602933016414
1.5294276468945343
1.7415591684336826
1.4607210985246075
1.4627552262645034
1.4366407419411675
1.52690917061527
1.123643194439537
1.1841407621868583
1.6432524757851008
1.3716407621868583
0.0
1.7665504966998746
1.5240191156057465
1.4716022614097979
1.2309595631140104
0.951994081908783
0.8569957178540346
1.0949143184120975
1.3363816313106462
1.468090781663233
1.3699740752745009
1.6954618442383218
1.1411535278793055
1.7256780552463373
1.6171895725927152
1.561099148185765
1.501952761720621
1.6342958812911663
0.28639695711595625
0.8343470230852538
1.9459977435195097
0.7742433029172697
1.1981174211304033
1.5916727785823275
1.5683182557028439
1.2115696121630875
1.5193308322365362
1.1867198445327565
1.9091717851902883
1.0
1.0849307846171283
1.5275070675902451
1.5016144718101818
1.5996275363413568
1.6511972890007978
1.6911958252854122
1.6166641495757859
1.698389299722353
1.6514812425365815
1.2145404077952502
0.9463729359854419
1.3446983751597128
0.2974722489192896
1.0892300788425848
1.5727683138330126
1.6928310649278897
1.771760518286793
0.8343470230852538
1.5955182833187849
1.55241375221264
1.3168586381932592
1.4516607643577668
0.9852281360342515
1.4969275461145894
0.8112781244591328
1.6627992560224794
1.0949143184120975
1.4913146570363986
0.8475846798245739
1.181899057917561
0.0
1.2997367636952522
1.7167635991992347
1.95749456437641
1.5262349099495225
0.0
0.9880636700495734
1.7990077544108969
1.6166422780956524
1.423396010693397
1.5055213905049434
1.1488348542809166
1.1425175164144374
1.578897902987479
0.37123232664087563
0.7345299214394703
1.4759970409543914
1.6239634275908166
1.7095263323230747
1.2577148214953864
1.5137692877806375
0.0
0.0
1.0219280948873624
1.1941737342569119
1.4603721872403523
0.0
0.41381685030363374
1.198192411043098
1.7987343707067043
0.5032583347756457
1.450467463408549
1.468090781663233
1.530920491687485
1.7436020828700114
1.457424881409171
1.4256051990169438
1.7004397181410922
1.5055213905049434
1.8918145796150811
1.8424785633184682
1.456564762130954
1.8949645376549995
1.4716022614097979
1.750631548973961
1.1721597626314753
0.8683927290103626
1.7854752972273342
1.4126878900165245
0.41381685030363374
0.5435644431995964
1.3716407621868583
1.118683103670047
1.4320062125405801
1.7177602521413333
1.0
1.4716022614097979
1.677984280637773
1.9015726990417587
1.275354911565018
1.4256051990169438
1.7286329568116936
1.8182626942811975
0.0
0.228538143953528
1.7060075793123284
1.5518324685542102
1.80027870546653
1.6434256619602543
1.5020352759844962
0.6998428398862386
1.4762595471560018
1.6636361253912244
1.3971096255841837
1.5227119556807576
1.4516607643577664
0.6500224216483541
0.74959525725948
1.5128876215181604
1.9296773192933236
0.9709505944546686
1.263755863202782
1.471632535483258
1.441416607013207
1.4782099875107713
1.345040283811286
0.41381685030363374
1.278897902987479
1.5136624542334844
1.6331761732195722
1.7582975708748247
0.9366673818775626
0.5746356978376794
1.1981174211304033
1.2086489509530647
1.3752793655393791
1.1635402011210707
1.3699740752745009
1.3244602933016414
0.0
0.5787946246321198
0.0
0.5916727785823275
0.863120568566631
0.0
1.9972264631946568
0.0
1.8353362134321412
1.7187828921272557
1.402081402756032
1.3556450573217058
1.2772018112022603
1.5805576533947314
0.8451064151274781
0.5435644431995964
1.2363864108712896
1.1511135511938806
1.3501455970767473
1.4739502941211184
1.47283015230032
1.2366407419411674
1.5157895841746822
1.3284807255676319
2.111835433855036
0.9059282160429991
1.8276444488428247
1.073991180600352
1.679429366813955
0.0
0.7345299214394703
1.5280577551976124
1.4886022351695134
1.641842601490848
1.6805563732659934
1.5113063810001521
1.6436127839905998
1.1386865525783176
1.7205078555163835
1.0789177955027143
1.8509356356823599
1.3709505944546687
0.0
1.4591479170272448
0.0
1.7576710282239203
0.39124356362925566
1.4674579648482995
1.5534845018187062
1.4800836951874476
1.1927986509067796
1.6174570297402047
1.3342094594480487
0.6402064333604701
1.5002723456084084
1.2475562489182659
1.698389299722353
1.6594208586976318
0.5131851787372753
1.2516291673878228
1.6137129703673825
1.7224945678306305
0.0
1.8854752972273343
0.9852281360342515
0.222284830685688
1.5943029514736249
0.0
0.5974011484921664
1.0370104374629148
1.7177602521413333
1.765246528378741
1.158938532350277
1.1216407621868583
2.4516544132169673
1.4906401825684292
1.097455974645788
1.643956330977872
1.7393538721672006
0.0
0.0
1.267931645520725
1.0848063548455138
1.5723516633085879
1.1522290399012944
1.6193821946787637
1.3787834934861753
1.6052067078749124
1.6670542781173157
0.0
1.7574839898128798
1.6514812425365812
1.188721875540867
0.9709505944546686
1.6550515026072177
1.287054028118727
1.6314848675562275
1.6113834567195195
1.7588427128355957
1.1812908992306925
1.4256051990169436
1.4256051990169436
1.5016144718101818
1.4256051990169436
1.5016144718101818
1.2607717938967942
0.5032583347756457
1.722266311943983
1.4854752972273344
0.7793498372920851
1.7956828983511026
0.3227569588973982
1.0892300788425848
0.9940302114769565
1.7799500009615414
1.1867043459100246
0.6500224216483541
1.6263088923440667
0.39124356362925566
1.3931271734483175
1.4112050925821995
1.6798229071556268
1.4516607643577664
1.7634893002931975
1.1191194231256714
1.3727069617019703
0.6722948170756379
0.0
1.061278124459133
1.3553153956598167
1.3784188527203236
0.0
1.624381457724494
1.7652465283787413
1.7090753199243096
1.558564704190215
1.6183941088363927
2.047351814444994
1.6962362927712482
1.5837579847456593
0.0
1.0529815751302694
0.0
1.468090781663233
1.5302332953398365
1.6692462556711996
0.5435644431995964
1.682841657441665
1.5783898247235197
1.3158243335257076
1.0
1.4913146570363986
1.6487225970568014
1.6752388501139213
1.386274093895968
1.0949143184120975
1.3901476338416434
0.954434002924965
0.3372900666170139
1.2308986741038346
1.2197484934607565
1.6925786457610765
1.3382689280764646
1.5694452621548822
1.3244602933016414
0.0
1.6399220410711555
1.7271538392837373
0.8997437586982626
1.6276575936849547
1.2884926890861643
1.5783898247235197
1.3216069583883467
1.7691705101193773
1.2987949406953985
0.7793498372920851
1.2532975784630431
1.9405454070784267
0.0
0.6098403047164004
1.0949143184120975
1.456564762130954
0.0
0.6143694458867568
1.742584566581238
1.6709505944546688
1.473503789122965
1.4190352743388661
1.759984423934431
0.0
0.0
1.4224887134948705
1.5435644431995963
1.5137692877806375
1.4716022614097979
0.7793498372920851
1.6463136587255378
1.4039904575514162
0.9893755831922302
1.3699740752745009
1.5487949406953985
0.8524051786494786
1.4716022614097979
1.5744602933016414
1.2516291673878228
1.2059413017339653
1.5478976275004668
1.706054402699514
0.863120568566631
0.0
1.6977710315479306
1.3779630390761746
1.7709505944546688
1.3741854163060885
1.5577277787393193
0.8683927290103626
1.7002237262558646
1.7987565875081504
0.5665095065529053
1.541524223527652
1.609668477419888
1.6340649724200549
1.3792804872910602
2.061144617568076
1.4932133643654213
1.811346433249389
1.5693078231812958
0.0
1.468090781663233
1.5430224942057837
0.39124356362925566
2.069254602444917
1.3954618442383218
0.0
0.41381685030363374
1.6068322783181097
0.9886994082884974
1.496065911543853
0.9451696091196163
1.6954618442383218
1.1981174211304033
1.224394445405986
0.0
1.5693078231812958
1.4256051990169438
1.1923299299985488
1.3516871258043608
1.5737888130660205
1.413816850303634
1.4832261969709113
1.4466479595102752
1.494193430493157
1.4679291712032845
0.9892100846279925
1.4958242288403438
0.9426831892554922
1.456564762130954
1.055978151530272
1.4012343792962179
1.514185957637955
1.5
1.4130884364257577
1.5416892248400094
1.4373770511116049
1.2475562489182659
1.2108100261060328
0.9402859586706311
1.450467463408549
0.9402859586706311
0.0
0.6193821946787638
1.6663137138648347
1.6276575936849547
0.0
1.0762976257251988
1.1050139971135322
1.3548220451749802
0.9366673818775626
1.4594316186372973
0.9957274520849255
1.5016144718101818
1.5569010760354054
1.7765531230277096
1.9025182662886329
1.6788979029874789
1.6627992560224794
1.7114504452683115
1.7427376486136672
0.3372900666170139
1.7107770844150674
1.2610899934702489
1.4772170014624826
0.8739810481273578
1.4133912888392068
1.4716022614097979
0.5032583347756457
1.4366664819166872
1.442508097190614
1.8240460500219924
1.9102146835283496
0.35335933502142136
1.0777689060383437
1.5408072197905878
1.7209480533797532
1.7990077544108969
1.8402855730017518
0.9957274520849255
0.8180959929710641
0.6402064333604701
1.4366664819166872
1.2309595631140104
1.1540157730728
1.7044439096918622
1.7047668562193676
0.0
0.5225593745369408
1.850983694881109
1.7843151288554941
1.5739889616503064
1.748255805768523
0.7732283485249176
1.4466166676282082
0.9852281360342515
0.0
1.3663146570363986
1.7224945678306305
1.6758220575766962
1.7273536033721066
1.6960736118322672
0.9975025463691153
1.7079690735500743
1.6487225970568014
1.2987949406953985
0.9092608914901652
0.41381685030363374
0.0
1.54515219719895
1.6956893045363468
1.5709505944546687
0.39124356362925566
1.8136606896881862
1.3143204867061788
1.2972313275776637
0.9672947789468944
1.1830056806765854
0.9912642605354287
0.7324196551586492
1.6477309221191607
1.306170651709187
1.5478976275004668
0.0
1.4256051990169438
1.3636037287020986
0.0
1.450467463408549
1.1219280948873622
1.576065823799483
1.3716407621868583
1.476261394168532
1.5332062193464953
1.6709505944546688
2.020800094781482
1.7224945678306305
0.8739810481273578
1.8768567194769932
1.8774487457092885
0.35335933502142136
0.0
1.439254017211876
1.6710522378742385
1.4355205042826666
1.8192407046368488
1.7416838940090766
1.3315796225857792
1.740653050325335
1.6633513647663403
1.3716407621868583
2.0623333564148303
0.9612366047228759
1.6710522378742385
1.744262647448874
1.0219280948873624
0.4394969869215134
1.610577243331642
1.5569010760354054
1.2917601481809735
1.3244602933016414
0.7345299214394703
1.3654157660092414
0.0
1.9276942711037668
1.3577928209760028
1.7187828921272557
1.3709505944546687
1.724419358348602
0.8849636363831528
0.0
0.4394969869215134
1.07622864835582
1.7172745699976013
1.4171326567191826
1.0910862444927811
1.3946169838545441
0.3227569588973982
1.809120052992304
1.3229010393399776
1.5699740752745006
1.5304930567574824
1.4773344666381945
1.6139196316024074
1.5636254885377856
1.882062336575379
1.404678473063571
0.9774178175281716
1.404678473063571
1.4645009350187164
1.4567796494470395
1.3640215285858213
1.428794734004785
1.409975018822061
0.7219280948873623
1.5518324685542102
1.6503255293408436
1.1981174211304033
1.311278124459133
0.37123232664087563
1.2577148214953864
1.192250860234642
1.6172366173271746
1.4185644431995963
1.465790469338445
1.6493834611655032
0.6631968402398287
0.5435644431995964
1.1635402011210707
1.6125474873813834
1.221694907636328
1.6444492199495464
1.6171895725927152
0.9774178175281716
1.3716407621868583
1.468090781663233
1.5302332953398365
1.4056390622295665
1.5055213905049434
1.6892094263601618
1.7709505944546686
1.3995812306460644
1.6163485660751644
1.0529407605626346
0.9933927290103626
1.6636046175975008
1.3713146886497212
1.6832194462630237
0.5916727785823275
1.439254017211876
0.41381685030363374
0.9055872616982603
0.37123232664087563
1.4716022614097979
1.416342889840669
1.6823883516623712
1.4294732983598406
1.831629922263649
0.5916727785823275
1.07273728622321
1.6975335713197999
1.4039904575514164
1.8836760506954686
0.6840384356390417
0.9463729359854419
0.35335933502142136
1.1567796494470395
1.7814164026211206
1.626329904541316
0.6500224216483541
0.8658566174572235
1.5154241592897058
1.4716022614097979
0.9218339291539106
1.64151018873626
1.0892300788425848
1.3954618442383218
1.6854752972273346
1.91869238385754
1.5537651978285885
1.1863137138648348
1.4183988815820634
0.39124356362925566
1.595461844238322
0.8795064608120066
1.3731999597495852
1.7709505944546686
1.273009654835499
1.6621072833109878
0.6722948170756379
1.7822287189138015
0.8112781244591328
1.3563429881688325
1.3699740752745009
1.5574319619297041
1.718845535995202
0.0
0.5916727785823275
1.7663606997805015
1.6714188923527409
1.5324194984468593
0.0
0.6500224216483541
1.5002723456084084
1.264097655573916
1.8229465653527681
1.0529815751302694
0.8683927290103626
1.4534670297316536
0.0
1.5341889905464643
0.7793498372920851
1.6063100472030554
1.234204837336745
1.4464713708832906
1.3382689280764646
1.272905595320056
1.6805563732659934
0.0
1.514185957637955
1.4256051990169438
0.7732283485249176
1.4106273589615634
0.9910760598382222
1.4294732983598406
1.321606958388347
1.3244602933016414
1.5779772001172403
0.0
1.9272420947408824
0.0
1.8429078545765154
1.664926914237255
1.5739889616503064
1.2917601481809733
0.7742433029172697
1.5832376216802213
1.6709505944546688
1.7813582179349188
1.4256051990169438
1.6709505944546685
1.3244602933016414
0.0
1.7295290545023005
1.0889252905968951
1.4523134900448902
1.533206219346495
1.5016144718101818
1.5443814577244939
1.5683182557028439
1.9115339911368305
1.2366407419411674
1.5275070675902451
1.553415107256423
0.0
1.4387586809150081
0.0
1.6849774484867255
1.3372449392958772
1.450467463408549
0.39124356362925566
0.9402859586706311
1.1498918734198726
1.2177968115985955
2.044100987469291
1.8802704430860202
1.4083445441575106
1.5783898247235197
1.3534215477588594
0.7793498372920851
1.8325518169307426
1.5390744139305776
0.9886994082884974
1.1994602933016414
1.7723388509380995
1.5865692464606247
1.8325518169307426
0.5713549744279549
1.5379841082136025
1.8426952620489987
1.2494602799216177
1.698517669054088
1.741233626419888
1.4577174691301484
0.9463729359854419
1.3372449392958772
1.6113834567195195
0.8366407419411672
1.2997367636952522
1.7154535460473683
0.8795064608120066
1.4607210985246075
1.5327896019567016
1.3012517848198515
1.809742438232864
1.220728902106009
1.5016144718101818
1.2366407419411674
0.0
1.1719832867529423
0.9995708393473224
1.765679621071932
0.26676498780302604
1.5637962376877474
1.5621032384726354
1.6698236551228054
1.490468570732828
1.9851744471284112
1.648238712995888
0.7732283485249176
0.747584679824574
1.632105718491017
1.3752793655393791
1.8049355947431311
1.7363918270255536
0.0
1.7917374334224665
0.0
1.578897902987479
0.7732283485249176
1.6709505944546688
1.6041624719326555
1.6742939480062113
1.6679511971986445
2.166514751843377
1.8170594523438588
0.8112781244591328
1.457424881409171
0.5665095065529053
1.5330631870489937
1.6811153343355336
0.9864267287308424
1.3294340029249652
1.2475562489182659
1.7794238321465292
1.6045572675413984
1.1221136771091087
0.934068055375491
1.5779772001172403
1.580000754875826
1.6729330318733675
1.8286225027877085
1.769644525083787
1.6137129703673825
1.2577148214953864
1.272905595320056
1.1307380174672108
1.0389205950315936
1.7673757978160416
1.2389012566026305
0.9463729359854419
1.7091574555978686
1.3312629195886998
1.404678473063571
1.9499161830607914
1.3699740752745009
1.5166422780956523
0.9463729359854419
1.103307408607834
0.0
1.8390343235579991
1.2419460322060458
0.5916727785823275
1.9292776059351575
0.0
1.6791243700803329
1.2364405016961446
1.290852082972755
0.6193821946787638
1.198192411043098
1.6909338059596861
1.3249244167935825
1.679429366813955
0.9055872616982603
1.5016144718101818
1.8776205033895343
1.8380398168981549
1.7278674937985983
1.404678473063571
1.1635002846457883
1.7184385543857528
1.271782221599798
1.633551333777253
1.6805563732659934
1.5157895841746822
1.2366407419411674
0.8366407419411672
2.226113791777521
0.3227569588973982
0.9852281360342515
1.1863929342238186
1.7091506004425066
0.9055872616982603
1.3709505944546687
1.0949143184120975
1.5577277787393193
1.5275070675902451
1.7230913368258902
1.4488534269152655
1.6317239456906587
1.149660363146287
1.7387586809150082
1.3679823404400615
1.7763318528003076
1.697338796187554
1.2924108984132547
1.3784188527203236
1.2087030080822634
1.3007800652106787
1.6113834567195195
1.7445842076889955
1.3328204045850196
1.5678183759027002
0.0
1.1994602933016414
1.2615444195758783
2.161706277574314
1.6382533594712747
1.014097655573916
1.5919171866886992
1.0214554656116668
1.3159669973441042
1.5534845018187062
1.311278124459133
1.7263472243434204
1.4849487314124457
0.0
0.7742433029172697
1.7224945678306305
1.6206755594880045
1.4906401825684292
0.0
1.3382689280764646
1.9886645733782353
0.6193821946787638
1.103307408607834
1.7990077544108969
1.4415964871265925
0.3372900666170139
1.0534081504863568
1.8546890001763974
1.49692754611459
2.146240625180289
0.9219280948873623
1.5503407095463881
1.5324194984468593
0.5435644431995964
1.192250860234642
1.8048956511448038
1.6658749898342913
1.5016144718101818
1.8219280948873624
1.3713146886497212
1.5837579847456593
0.7345299214394703
1.8240460500219924
1.1700333844140454
1.4911148500551854
0.9989525689736319
1.7075978722471445
0.8030717273241024
1.7561849311720688
1.2087030080822634
1.6646727945202304
0.3372900666170139
1.186278124459133
1.6858157091530304
1.3752793655393791
1.468090781663233
0.6840384356390417
1.5227119556807576
0.7167256591148785
1.8676338909712125
1.9045099659634257
1.1488348542809166
1.716047706294417
1.5569010760354054
1.3752580686696534
0.7653636126766978
1.2439904575514165
1.434548258380158
1.2772018112022603
0.41381685030363374
1.1941737342569119
1.1994602933016414
1.786701226208883
1.9272263005759027
1.605252295027448
1.5837579847456593
1.596609472039899
0.6098403047164004
0.0
1.779907716207443
1.1956217818146277
0.0
1.3699740752745009
0.9270745023710714
1.4466166676282082
1.5837579847456593
1.5275070675902451
0.0
1.841673479476989
1.493358077913248
1.6268376001745133
1.2448406699719212
1.7469327965153287
1.0389205950315936
1.290852082972755
1.3752793655393791
0.9182958340544896
1.6553962296100682
1.7502184867593904
1.722266311943983
0.8112781244591328
0.0
1.0201433152964865
1.6158045319402516
2.0323803928279167
1.6464417904241373
0.41381685030363374
0.5907239186406502
1.311278124459133
0.6722948170756379
1.061278124459133
0.5032583347756457
1.3716407621868583
1.5919171866886992
1.5683665223594052
1.4716022614097979
1.642423961771975
1.428794734004785
1.049886625190374
0.0
1.4256051990169436
1.6627992560224794
1.122607968400632
1.4466166676282082
1.6477309221191607
1.7019011889093374
1.496065911543853
1.272905595320056
1.8190678527160282
0.7793498372920851
0.8112781244591328
0.5916727785823275
0.8315435491770659
0.0
1.6709505944546685
1.3882590357355857
1.6954618442383218
0.37123232664087563
1.1488348542809166
1.1254908068679135
1.272905595320056
1.7224945678306305
1.6339740759971573
0.9933927290103626
1.2682301580713342
0.9886994082884974
1.3821022532543101
1.4516607643577664
1.2366407419411674
1.661497983529679
1.3699740752745009
1.4903674264750295
1.6788979029874789
1.2232909452866922
1.7739119513005472
0.9737837298712213
0.39124356362925566
0.0
0.39124356362925566
1.1639904575514164
0.0
1.6236095452154249
1.4955380299191112
1.7147202632688487
1.9398844292635018
0.0
1.2607717938967942
0.6583514224564075
0.0
1.4294732983598406
0.9860400318404434
0.0
1.7334321727143114
1.9883620710752947
1.670206365094378
0.7553754125614287
1.6627992560224794
1.456564762130954
1.3753156176197312
1.3716407621868583
1.5795113260786042
0.3591016256485496
1.4320062125405801
1.6526768021893683
1.466133997652441
1.4716022614097979
1.186278124459133
1.7909273997744422
1.6838561897747248
0.9612366047228759
1.3382689280764646
1.4880862177448693
1.6477309221191607
1.290852082972755
1.386274093895968
1.5693078231812962
1.189731916820733
0.35335933502142136
1.7445297862980875
1.4320062125405801
1.4932133643654213
1.4185644431995963
1.5088584648535124
0.9780155566622414
1.2754245365381236
1.8091109950113555
1.3995812306460644
1.7142977509479211
1.1606586502711562
0.6840384356390417
1.7224945678306305
1.7002237262558646
0.7907669479360189
1.7628818212796875
1.5632790363522515
1.7631174549747612
1.3355055565170972
1.7224945678306305
1.7056648616395027
0.6500224216483541
1.5219280948873621
0.0
1.7474594241169754
1.4197367178034825
1.061278124459133
0.39124356362925566
1.9242299136001453
0.7219280948873623
1.6783898247235196
1.5030520126403792
1.2577148214953864
1.4083445441575104
1.6577427265048887
1.6245536569234431
1.59000517176535
0.0
0.0
0.37123232664087563
1.5492111247114508
1.0949143184120975
1.8190269457641055
0.9612366047228759
1.5807779723136572
0.74959525725948
1.1660870601063933
0.8343470230852538
1.3689955935892815
1.7224945678306305
2.4249109863112723
0.5665095065529053
1.5617677112802775
1.4353713907745331
1.0263137138648348
0.41381685030363374
0.4394969869215134
1.1488348542809166
1.1994602933016414
1.4051718888847455
1.78740344142664
1.8640054628542204
1.4591479170272448
0.0
1.4329831210560051
0.6193821946787638
1.7455574250275927
1.6752388501139215
0.5328350630342233
0.35335933502142136
1.32151018873626
1.8647869792568113
1.7989940035610852
1.5700578392573044
1.2294624197173614
0.6500224216483541
0.8812908992306927
1.885377505769539
0.9141828384352135
0.7871265862012691
1.612197222702993
0.26676498780302604
1.595461844238322
1.820026001688088
1.6214297638624398
0.9912642605354288
1.2309595631140104
1.414933856049541
1.9242299136001453
1.3995812306460644
1.2210477851797181
0.9055872616982603
1.8468870513032214
0.0
0.0
1.3382689280764646
1.7143778172673263
1.6709505944546685
1.6031575571670893
0.7345299214394703
1.1317927445445628
0.7416847557897408
0.5225593745369408
1.5575905600816558
1.5058762556041068
0.8795064608120066
1.4618602772540858
1.2475562489182659
1.490468570732828
1.0529815751302694
1.3709505944546687
1.1431558784658322
1.8824373408045867
1.4886022351695134
1.3995812306460644
1.61078454839968
0.0
0.9656361333706098
1.6522217075751289
1.7229712791784753
1.9795739585136225
1.134969974603941
1.8079045751188838
0.7732283485249176
0.41381685030363374
0.0
0.35335933502142136
1.5221898721658211
1.4956282429042091
1.457424881409171
1.439254017211876
1.5433829556661305
1.548565226030918
0.41381685030363374
1.404678473063571
1.3917601481809734
1.6729330318733675
0.8960382325345574
1.5143029514736248
0.0
1.4127413029424614
0.9587118829771318
0.0
1.5573225020170323
1.6203352658383443
1.5317035250512132
1.7414223238404019
1.0154312795575997
1.4466479595102752
1.118275160770976
1.2577148214953864
1.679429366813955
1.7067909599761049
0.0
1.5569010760354054
1.705616568529474
1.7709505944546688
1.3410971216314893
0.9182958340544896
0.9989525689736319
1.7003463268133396
0.7441942138263227
1.0881026589484761
1.4969152532855432
0.9182958340544896
0.0
2.09159322185121
1.2419460322060458
1.3382689280764646
1.5683182557028437
1.0949143184120975
0.0
1.8808381662190898
1.6158045319402516
1.075875645896709
1.0
0.8904916402194913
1.5157895841746822
1.487711253861299
1.6071054829246043
1.9628462624757181
0.5225593745369408
1.4652556501132248
1.1660870601063933
1.3752793655393791
1.4609640474436811
1.3534485046116533
1.324344026199031
1.8774487457092885
1.3244602933016414
0.8795064608120066
1.6117022325423545
1.6306087790646084
1.6804820237218405
1.8931558784658322
1.4411535278793055
0.4689955935892812
1.7763449881314877
1.2192407046368487
1.5810309627563695
1.6385304691242917
1.9220831664626439
1.4772170014624826
1.0219280948873624
0.9285270228564532
1.47312842712131
0.9060886128509652
1.727351814444994
1.3699740752745009
1.7349318561521048
1.5757919609296405
1.612197222702993
0.6143694458867568
0.0
1.6052067078749124
0.5032583347756457
1.2419460322060458
0.5435644431995964
1.575526293569256
1.5683182557028437
1.9939615444316199
1.4727562817378341
1.3377780971924957
0.3809465857053901
0.7793498372920851
0.8524051786494786
1.3628504699855937
1.6912539120823422
1.272905595320056
1.7429661954675213
0.9182958340544896
1.5198391430437928
1.0892300788425848
1.6778128944776038
0.0
0.8112781244591328
1.8186589281676508
0.6998578570269279
0.41381685030363374
1.5865912220851037
1.811278124459133
1.7723388509380995
1.7814963295286752
0.6998428398862386
1.640596682429436
1.3985501171280956
1.3814608545340696
0.7345299214394703
1.5063508184672991
1.5725552071907911
1.6493974703476992
1.4046029552471069
1.635891110799899
1.5648661761340057
1.3970382508647838
1.5723516633085879
1.3294340029249652
1.4256051990169438
1.8885105964272468
1.5016144718101818
1.3599924922184878
0.5608251769947302
0.39124356362925566
1.4913146570363986
0.39124356362925566
1.4190352743388661
1.0529815751302694
0.8904916402194913
0.9910760598382222
1.2582296369090873
0.9980008838722996
1.8676338909712125
0.7345299214394703
1.4956321302677145
1.1425175164144374
0.37123232664087563
0.6685644431995964
1.275162982784857
0.9000224216483541
1.6856161633204378
1.4237949406953985
1.3868421881310118
1.811346433249389
1.5289659680720937
1.72309133682589
1.7201839871772644
1.6278123456643403
0.9780155566622413
1.5128876215181604
1.6849774484867255
1.439254017211876
1.2901208527411523
0.9774178175281716
1.648238712995888
0.8954863760864649
1.9090410360817405
1.624381457724494
0.9664516287472262
1.402993418443045
0.0
1.7360069464476562
1.909171785190288
1.7464353842388933
1.468090781663233
1.530920491687485
1.7969026354191784
0.9568886656798212
0.9182958340544896
0.8166890883150209
0.0
1.6369602933016414
1.6515250989649322
0.9967916319816366
0.8366407419411672
1.496065911543853
1.3885308110207435
1.2285763800288916
0.6500224216483541
1.061278124459133
0.9161182137782959
1.1545676820893709
1.1254908068679135
1.9439592513355664
1.769742378465751
1.058277043226334
1.4955380299191112
0.5032583347756457
0.35335933502142136
1.7709505944546688
1.4609640474436811
1.5055213905049434
1.6814963295286753
1.236160254373812
0.9917601481809735
0.9917601481809735
0.9917601481809735
0.9917601481809735
0.9917601481809735
0.9917601481809735
0.9917601481809735
0.9917601481809735
0.9917601481809735
0.9917601481809735
0.9917601481809735
0.9917601481809735
0.9917601481809735
0.9917601481809735
0.9917601481809735
0.9917601481809735
0.9917601481809735
0.9917601481809735
0.9917601481809735
0.9917601481809735
0.9917601481809735
0.9917601481809735
0.9917601481809735
0.9917601481809735
0.9917601481809735
0.9917601481809735
0.9917601481809735
0.9917601481809735
0.9917601481809735
0.9917601481809735
0.9917601481809735
0.9917601481809735
0.9917601481809735
0.9917601481809735
0.9917601481809735
1.6107482339528836
1.7294468445267843
1.5645247207974509
1.3843936439579272
1.086312840741288
0.7793498372920851
1.4256051990169438
1.613824394358762
1.8063822994065497
1.3060830034799222
1.0681873374585056
1.4913146570363986
1.8871353917582419
1.4294732983598406
1.468090781663233
1.5453045242610974
0.6500224216483541
1.2366407419411674
1.881068052636981
1.1595547523787308
1.249363946973598
1.2419460322060458
1.6068322783181097
1.7773627950641688
1.7749475265481325
1.5301404544057031
1.3534116441580468
1.5568709330730448
1.7616838293956474
1.4962151546130207
1.2866926683547546
1.5632790363522515
1.5342190211803406
1.4865374413378325
1.6387586809150083
0.0
1.450467463408549
1.6212764279322331
1.2607717938967942
1.7247069203554657
1.4056390622295665
1.6894822670191825
0.7732283485249176
0.0
1.6052067078749124
1.947338796187554
1.702714339679202
1.1981174211304033
1.3244602933016414
0.9463729359854419
0.9463729359854419
0.8366407419411672
0.9664516287472262
0.0
1.2577148214953864
1.5678183759027002
1.4056390622295665
1.5025342603810576
1.5275070675902451
1.4716022614097979
1.4411665441579466
1.4836591643979626
1.8186578108261584
1.1386865525783176
2.076521520284423
0.9664516287472262
1.3007800652106787
1.2993633238421212
1.4772170014624826
1.0
1.9102699414555262
1.258497062649956
1.5919171866886992
1.6915325893090658
0.7219280948873623
1.7313565745022812
1.7295290545023005
1.0862293462325945
1.3294340029249652
0.3372900666170139
0.0
0.41381685030363374
1.857234960124469
1.3216069583883467
0.0
1.4190352743388661
1.3410971216314893
1.4256051990169438
1.4158209991620063
1.5694452621548822
0.0
1.457424881409171
1.6451407133456024
1.0214554656116668
1.4769092849936092
1.7458272644543351
1.590468570732828
1.4256051990169438
1.5811303890236068
1.581862660461909
0.6840384356390417
1.198192411043098
1.6954618442383218
1.7224945678306305
1.2363864108712896
1.9858736285640906
1.014097655573916
1.598816797162542
1.2415101887362598
0.9967916319816366
1.0949143184120975
0.0
0.7641140545540274
0.7345299214394703
1.0949143184120975
1.6411537317874583
0.9055872616982603
1.7690228572838846
1.528801814525318
1.2550327083958783
0.9463729359854419
1.6723243489301827
0.9912642605354288
1.675143246409987
1.8674451311431488
1.5723516633085879
1.468090781663233
1.5335557935869273
1.275162982784857
1.6113834567195195
1.6235755722923482
1.2475562489182659
0.0
1.4716022614097979
1.7611297159278028
1.3984629382235516
1.4256051990169438
0.0
1.566329398862024
0.6685644431995964
0.41381685030363374
1.8899168453199877
1.4366664819166872
0.9980008838722996
1.4210295023052197
1.1212765536441893
1.7224945678306305
1.6253785496437985
1.4329283087286118
1.5411946311424556
1.7946937953613056
0.9000224216483541
1.3446983751597128
1.8400837592991008
1.3443358993313306
1.5744174271404585
1.158938532350277
1.5288018145253182
1.722266311943983
0.0
1.186278124459133
1.2419460322060458
1.3908562983864117
1.882091262089169
1.5535088547976783
0.0
1.9814525526116016
1.6420325746664763
1.379558855444687
1.6340649724200549
0.0
1.5737888130660205
0.4689955935892812
1.4516607643577668
1.376881617162486
0.0
1.3792804872910605
1.186278124459133
1.7263472243434208
1.2210477851797181
1.986196715624298
1.6282202760321465
1.5035109425595814
0.0
1.3630083113425158
0.7732283485249176
0.0
1.6027395395328303
1.6066803411746962
1.5136564796305083
1.6595872759836747
1.4788979029874791
1.272905595320056
1.3761089548921253
1.2344977967946407
1.4154372473067622
1.7295290545023008
1.468090781663233
1.5302332953398365
0.5293608652873644
1.0529407605626346
1.3163896416748346
0.6998428398862386
1.5737888130660205
1.103307408607834
0.8030717273241024
0.9990102708804813
1.9358011307048992
1.0159870101933421
1.8717374334224666
1.8423709931771086
0.6795563653739031
1.7377525373457159
0.9055872616982603
0.5665095065529053
1.439254017211876
0.6402064333604701
1.3164705646319832
1.5259640754668091
1.719973094021975
1.6258145836939115
1.4945403523436764
0.0
1.7474594241169754
1.5055213905049434
1.5760875253642985
1.4590697871865872
0.0
1.4256051990169438
0.41381685030363374
1.667054278117316
1.6610896727583333
1.969912085076055
1.2773600852070808
1.979097891134805
1.0389205950315936
1.0270582666007906
1.4012343792962179
1.3377780971924957
1.7197178887549165
1.6300599002609792
1.4800836951874476
0.9274479232123118
0.6292492238560345
0.6500224216483541
1.457424881409171
1.4294732983598406
1.8833374604210065
1.6923980787735813
1.6960736118322672
1.747167197306934
0.0
1.6514789228933084
1.450467463408549
1.115520093581932
1.275162982784857
1.5709505944546687
0.3372900666170139
1.456564762130954
0.0
1.6152529693093274
1.4913146570363986
0.0
0.0
1.9369250380438439
1.7224945678306305
1.4534670297316536
1.6393210497942587
1.5569010760354054
1.5016144718101818
1.103307408607834
1.741233626419888
1.1941737342569119
1.2577148214953864
1.6820058147602135
1.7423773993623528
0.7228578977329688
1.6798229071556268
1.3699740752745009
0.9774178175281716
1.5388454798381497
1.5683182557028437
0.9910760598382222
1.581862660461909
1.3355055565170972
1.1981174211304033
0.4854607607459134
0.6402064333604701
1.532419498446859
1.9300477309722162
1.8783135434447005
0.9709505944546686
1.6683332409583436
1.2366407419411674
0.9709505944546686
1.3516441151533924
1.198192411043098
1.456564762130954
1.7201755527081781
0.0
1.56621067028335
1.6942398579365001
1.7334834339268832
1.4294732983598406
1.4945403523436764
0.0
1.8250112108241772
1.3699740752745009
1.7405198931769963
1.419035274338866
0.9991421039919088
2.08132205902363
1.9272420947408824
1.5016144718101818
0.9182958340544896
1.3995812306460644
1.2714699399370855
1.5456684579273143
1.8918521728839344
1.7224945678306305
0.0
0.7964655494932317
1.619888351662371
1.6276575936849544
1.5002723456084084
1.0892300788425848
1.7464353842388936
1.271782221599798
1.2326602568158205
1.0389205950315936
1.784315128855494
1.82921806304599
1.0797613780594844
1.4237949406953985
1.8383685150260665
1.5154241592897058
1.6930405350919489
1.3752793655393791
1.847259592474722
1.419035274338866
1.3563429881688325
1.712935039619369
1.0592694266369904
0.9182958340544896
1.8012693629222505
1.0
1.647730922119161
0.3372900666170139
0.6722948170756379
1.5331076715155763
1.8444783118555492
2.093341831603453
0.0
1.5016144718101818
1.7224945678306305
1.661932872373582
2.0491040074712537
1.456564762130954
1.022420703848328
1.5513175379612802
1.8068891686035458
0.6665783579949205
1.6164336189111816
0.785235442391543
1.6183941088363931
1.450467463408549
1.5226544895821938
1.7603156874797354
1.684185736908434
0.7732283485249176
1.2987949406953985
1.496065911543853
0.7939924338116537
0.5916727785823275
1.540807219790588
0.0
1.1981174211304033
1.9199730940219752
0.0
1.5683182557028439
0.8524051786494786
1.534152537963112
1.7220293322637126
1.7527152789797045
1.7706753317076607
2.0020553955674094
1.7047668562193679
1.3446983751597128
1.4197367178034825
1.3828612224162218
0.4394969869215134
1.8929234742418428
1.5920001314822054
1.5919171866886992
1.6968428034773932
1.4952230009258445
1.0
0.0
0.0
1.6851179336594355
1.525655941726459
1.4904685707328282
1.690240172266613
1.0650971805400413
1.0
1.8369179809003278
1.6741859576379552
1.7832474385325099
1.022420703848328
1.6172366173271746
1.505182376344174
1.6675897585466835
1.6137129703673825
0.8030717273241024
0.7062740891876007
1.456564762130954
0.6193821946787638
1.468090781663233
1.5304930567574824
1.341097121631489
0.9988455359952018
1.379877637552799
1.1974776241409462
0.9988455359952018
1.3611297797951358
1.3739840876515639
1.7059785861049794
1.2048930072454316
1.5797576806420588
1.5946443237263892
1.6321123133379207
0.37123232664087563
1.5016144718101816
1.3716407621868583
1.5325732575026199
0.6588086307168991
1.7224945678306305
1.7601553465802904
1.3784188527203236
1.8047604500341234
2.023219672335508
1.5577277787393193
1.27187087275341
1.8453146293823006
0.0
1.8282344370732122
1.3377780971924957
1.2366407419411674
1.5813628169624045
1.7895341619085974
1.7712589600219497
1.3773523392038123
1.6045671308315566
1.4182958340544896
1.0529407605626346
0.0
1.4716022614097979
1.6158045319402516
1.3373061787372946
0.8404914014731815
0.0
1.566066848314069
1.657439042450237
0.7345299214394703
1.7927846621897885
1.6526768021893685
1.810699332842307
1.6627992560224794
1.8345901684333654
1.6113834567195195
1.608700165519891
1.5455354215539245
1.6707145064847897
0.0
1.456564762130954
0.8683927290103626
1.3284807255676316
1.3716407621868583
0.0
1.509968612636817
1.6627992560224794
1.790492223970158
1.2366407419411674
1.680165331217427
1.4516607643577668
1.8961085880163506
0.0
1.2475562489182659
1.8085947862963576
1.8709154329373665
1.774254456401466
1.6348509171908068
1.3716407621868583
1.1488348542809166
1.4516607643577664
1.5016144718101818
1.54515219719895
1.3372449392958772
0.8662339349948077
1.2419460322060458
1.3995812306460644
0.9463729359854419
1.6113834567195195
1.439063449695035
1.5683665223594052
1.7142977509479211
1.2332570395415439
0.9790981671667149
1.5157895841746822
1.149660363146287
0.0
1.0989473962540566
0.39124356362925566
1.383099991189334
1.57797720011724
1.6972182402632665
1.1674367232867007
0.8366407419411672
0.9709505944546686
1.186278124459133
1.54515219719895
1.3390774650522597
0.9182958340544896
0.954434002924965
0.31221953325757146
0.0
0.0
1.5443814577244939
0.0
0.9561122560181939
0.0
0.8112781244591328
1.97628659667863
1.3792804872910605
1.2309595631140104
1.6783898247235196
1.6635819199522097
0.41381685030363374
0.6193821946787638
0.8904916402194913
