Shannon_Entropy
2.988316710610012
2.536608254391499
2.270942421748537
2.422579761842491
2.655050539417774
2.405396016090318
2.7534343861887853
1.6225562489182659
1.746465798504072
2.6892464285091577
2.8647869792568113
2.9477027792200903
3.6684382185141846
1.6688388898504305
1.8332062193464953
0.0
2.6022170014624826
2.466247897312731
2.4225797618424916
2.1774212838293647
2.5709505944546684
2.610577243331642
1.4926140680171256
3.16148715355903
3.09306920777189
1.7518834359763853
3.9727099552589866
2.959580109178129
1.6337314206421327
0.9402859586706311
1.9056390622295662
1.439254017211876
2.610577243331642
1.7464657985040721
2.8086949695628416
2.550519841099118
2.4980775466236413
2.822579761842491
1.2916919971380596
2.495602923729013
3.1334104575210198
3.978340095156073
3.8149293864526808
2.197159723424149
2.332914563979398
1.962806631693174
1.4299111709758698
0.9463729359854419
1.9746017527145814
1.7783283537314114
1.9688738747207215
2.6416041678685938
2.4002057591460946
2.0524212838293647
2.1280852788913944
2.4404040177209283
3.006238928653389
2.270942421748537
2.217021885879718
0.0
0.0
1.1488348542809166
2.10845859334435
3.1464393446710153
1.887351814444994
2.7534343861887853
0.0
2.5061440668531976
1.727396673574479
2.2272170014624826
2.3671114697796742
0.0
2.066247897312731
2.8962915290459286
2.332914563979398
0.954434002924965
1.543751954420502
2.35274578087187
2.2584598927441624
2.0998625053956435
2.5216406363433186
1.7794238321465292
2.2256051990169436
2.467720100474499
2.311278124459133
2.9841837197791885
3.4492938754714375
2.6589934152538057
0.6143694458867568
3.174674231978642
2.5366082543914996
2.3071885761626687
2.0441104177484006
2.0872520915136796
2.4193819456463714
2.6644977792004614
1.5216406363433184
2.0170949781550753
2.0202442071537563
3.95449488413339
3.9436978125776587
2.0227178514411284
2.0550365325772657
2.167124282150162
2.0144323120930494
2.148834854280917
2.0741647430225756
2.08746284125034
0.0
3.09306920777189
3.60350997106009
1.1856161633204378
3.127986806877675
1.5275070675902451
1.7534343861887849
1.1660870601063933
3.005678590456677
1.186278124459133
2.3523479118118216
2.4846970025308774
1.2475562489182659
1.8776205033895348
2.4159220638351666
0.0
2.557727778739319
1.5916727785823275
1.9211854965885542
2.606238928653389
2.3787834934861753
2.788754913993503
1.7947367178034823
2.35274578087187
2.8962915290459286
0.0
0.0
0.0
2.722292189082414
2.3522170014624826
0.0
1.1182751607709762
0.0
2.289246428509158
2.8218881955261788
2.263809173883546
2.692380602454975
0.0
0.0
1.626688849701832
1.8073549220576042
0.0
2.41379956460568
2.1054105870684143
0.0
2.467720100474499
2.4137995646056796
1.3689955935892815
1.8640054628542204
2.7068905956085185
1.2309595631140104
1.610577243331642
2.463865121950854
2.3188343649089753
1.746465798504072
2.295461844238322
0.0
0.0
2.274397470347699
2.6022170014624826
0.0
2.2988252450030506
0.0
2.4159220638351666
2.00273953953283
1.8828560636920488
3.4240244208650217
0.0
2.360964047443681
2.872905595320056
2.656564762130954
2.774397470347699
2.9638096525384383
3.9251230248995355
0.0
2.1331689258636453
1.8763576394898522
2.279799131837405
2.260820318171659
0.0
3.2344795541337437
2.8282129458410017
3.076103170996722
3.0086949695628418
2.865576855207248
3.06085546879145
3.1800365325772657
3.1158340921632193
3.748296591737463
1.950212064914747
1.950212064914747
3.058813890331201
2.1492553971685
2.4225797618424916
2.226415353475711
2.165957320949175
2.82584593404075
2.6143340317924078
2.8218881955261783
2.555340569206221
2.4225797618424916
1.3294340029249652
0.9530138853315971
4.009457898525458
1.5916727785823275
1.9760799538069278
1.9898980954642873
2.941446071165522
0.0
1.8352377453121174
2.8729118929735047
3.8076815837937468
2.339261065733564
1.4966407621868583
2.35845859334435
2.50558726169826
3.6648921906033167
2.9258530145612824
2.835237745312118
2.5495234595978324
1.0849307846171283
1.5916727785823275
1.7345216647797512
2.448815635725185
0.0
1.3244602933016414
1.2366407419411674
2.0922718656836103
2.406666316740689
2.389898095464287
2.682588730501833
2.6030649442938407
2.3547691288942394
2.573557262275185
2.6247262095042956
0.0
0.0
1.4197367178034825
1.7273966735744792
1.7360411676599226
1.809200032697812
1.8892464285091581
2.58877918559175
0.0
2.5492553971684995
3.9623793795698994
2.1451363701530526
0.0
1.8336056789417416
2.7107770844150676
2.1824562508413488
2.5521796970665487
1.765246528378741
1.6402239289418519
2.186278124459133
2.2904619233779213
2.610577243331642
1.871602261409798
1.9705730958116854
2.4410685859554375
2.149397470347699
2.389898095464287
3.2405282602167116
2.50558726169826
2.7806390622295662
1.856564762130954
0.0
2.74894004700543
2.5566567074628237
2.8258459340407494
2.954003642329854
2.2256051990169436
2.734697002530877
2.7329145639793984
0.0
2.9477027792200907
3.0168756957665637
2.2372913399551586
4.028061222961867
0.0
0.9463729359854419
1.9852281360342514
0.0
3.9318225782333998
2.1054105870684143
1.9036774610288019
2.2359263506290326
1.7273966735744792
1.8726696380501493
2.9129336862804447
1.465790469338445
1.6402239289418519
1.9620871761502205
1.4969152532855432
2.565759882323592
2.223219672335508
2.3522170014624826
3.7096780281341033
1.9911197773146976
2.950212064914748
2.116299605701696
1.1941737342569119
0.0
0.0
1.7534343861887849
1.856564762130954
1.8799649487271108
3.0363722498302232
1.8961085880163506
1.7471671973069338
1.6203352658383443
2.2015101887362594
2.3095632280061937
2.556656707462823
2.9312089489103235
2.158047053008535
2.326589656684235
2.060262039120377
2.4115091984199104
2.6416396727898706
4.047916695107198
2.470950594454669
2.077235445408308
2.6688388898504303
2.6042436687589707
2.4729055953200567
2.6825887305018328
0.9182958340544896
2.116299605701696
0.0
2.803701696057348
0.0
1.6137129703673825
2.7898980954642876
2.822579761842491
2.6112290074559117
3.8905838779814963
2.1280852788913944
1.9898980954642875
2.041446071165522
2.1209520310264036
0.0
1.8182626942811975
1.456564762130954
2.521782221599798
2.332914563979398
0.0
0.0
2.6986604604011157
2.270942421748537
1.1216407621868583
2.862961352340425
2.6565647621309543
2.556656707462823
3.9599914741164954
2.9405910453278192
3.6355460133169535
0.0
2.415922063835167
3.086048612313038
2.1774212838293647
2.4973419908730565
2.7107770844150676
2.140699620015651
2.2008257945180887
2.225605199016944
1.822815600352516
2.4410685859554375
2.466247897312731
2.752715278979705
2.332914563979398
2.2256051990169436
2.822181958642873
2.3991303913908
2.216521698179525
2.4885548621928453
2.4846970025308774
2.7283641953346884
3.580250326082
2.4137995646056805
2.1812056673346514
2.278351811711312
2.368681608963656
2.2825887305018333
0.7871265862012691
3.3880125298233748
2.8522170014624826
1.4237949406953985
0.9997779672118906
1.7345216647797512
3.1751231351134614
1.8073549220576042
1.7916674843771045
1.9015064025015063
2.2810361125534233
1.965596230357602
2.148834854280917
2.148834854280917
2.218437210664321
2.0922718656836103
2.425509379502262
1.965596230357602
1.965596230357602
1.8389205950315937
2.3050365325772657
2.4237949406953985
2.73452992143947
2.622683189255492
1.809200032697812
2.6416041678685938
2.8218881955261788
2.6416041678685938
2.7806390622295662
1.3995812306460644
2.5735572622751848
2.7925909419669575
2.7534343861887853
0.0
0.0
0.0
1.5546097612655665
2.7107770844150676
2.2892464285091583
3.9199574392127463
2.5046934208291405
4.032364510205696
2.2988252450030506
2.789898095464287
3.1258145836939115
1.5577277787393193
3.3771177198116034
0.0
3.539873973444698
2.573072497845985
2.933458659108307
2.954003642329854
2.8073549220576046
2.4831804684586087
1.9141828384352129
1.8715699480384027
2.5232314287976205
2.5735572622751848
2.3248629576173565
2.60845859334435
2.699513850319966
0.0
1.7601553465802904
2.040223928941852
2.656564762130954
2.5810134015775863
4.044880168311224
1.624381457724494
1.0529815751302694
2.8073549220576046
1.8352377453121174
2.9735572622751847
2.7153266987718085
2.678926876785746
0.0
3.0062389286533895
0.0
2.5556869591509246
2.267077986231101
2.2940404704508452
2.93951005678306
2.1607047528877827
2.523986065961297
2.649397470347699
2.6199100232740657
4.049353272127339
2.2988252450030506
2.094724104223614
3.0565647621309533
2.5370148112524404
2.7526835512315255
0.0
2.704049898293751
0.0
0.0
1.7263472243434208
3.2344795541337437
2.8282129458410017
2.6022170014624826
1.6893917467430875
2.436278124459133
2.7792553760679404
1.9852281360342514
2.380430487800112
1.7695459925589747
2.5366082543914996
2.406666316740689
2.1005602963278096
2.2988252450030506
2.1967916319816365
3.677691019736107
2.146782221599798
3.9293171634779576
2.6312929881819005
1.4926140680171258
1.4591479170272448
1.3257847812033308
2.339572261986723
2.332914563979398
1.3244602933016414
2.084623255359982
1.9303489601996071
1.2958363892911637
0.0
1.483831706844689
1.851126106081633
0.0
2.1961946517831596
2.327632809290636
1.8256051990169437
1.8016366412706075
2.951143017707788
2.794653473544342
2.815922063835166
1.679429366813955
1.9334975949679492
2.195356063692049
3.006238928653389
2.699513850319966
2.0390879325432882
1.5690255736436503
1.143320102127766
2.1607047528877827
2.5709505944546684
2.7527152789797045
2.708207506985574
1.7969371097526867
1.9224178210905492
3.2435423971431807
2.2569089895583545
2.5868878409958143
2.4410685859554375
1.486565953154142
2.4600011174639165
2.0670314951575843
2.270942421748537
2.8218881955261788
2.2988252450030506
2.904898394081854
2.649397470347699
3.3082708345352603
1.5744174271404585
2.078491674029184
2.1950849518197795
1.2100285140347622
1.4932133643654213
2.816340113853408
2.214701622637604
3.204986855772667
3.4191589860452907
2.2109736165067546
2.380430487800112
2.5019011889093368
2.0741647430225756
2.5841837197791886
2.4308320512240837
4.030606795347435
3.4930638499211284
2.041814515501815
2.041814515501815
2.0418145155018155
2.0314536459234778
2.1868085945630504
3.028581387298056
0.0
2.3248629576173565
1.1981174211304033
1.5216406363433184
2.781453645923478
2.064042639445697
1.7382689280764647
2.4662478973127313
2.5769261813594206
1.875
2.343767422366671
2.7329145639793975
2.4088840705376353
0.0
1.9732285161344474
2.699513850319966
2.610577243331642
1.198192411043098
3.0203656312332243
3.4235241628287336
2.8073549220576046
2.1735572622751858
0.0
1.8380267541624737
3.7139868255485298
4.048296191452554
2.422579761842491
2.6946276868547967
2.915579258273142
0.0
3.8098035108616783
0.0
1.1766796675107107
0.9892543351954425
0.8314743880097293
2.440404017720928
0.0
3.893335511539202
0.0
0.0
2.405187363005953
2.130876821711333
3.121928094887362
2.2825887305018333
2.0225797618424917
1.1981174211304033
2.270942421748537
2.251981313116025
1.924174352300441
2.2825887305018333
2.610577243331642
2.17838982472352
0.0
0.0
2.422579761842491
3.2899906220091513
2.8230679822736606
2.1995812306460647
2.739572261986723
1.950212064914747
2.10845859334435
2.10845859334435
2.1967916319816365
2.0550365325772657
2.944903471347128
2.65887184844536
0.0
0.0
2.0989295636909353
2.647592147308496
2.392515945623278
0.0
0.0
3.97849436057558
2.467720100474499
2.699513850319966
2.524397470347699
2.789898095464287
0.0
2.0670314951575843
1.9898980954642875
2.5027361715940035
2.081397184065388
1.863120568566631
2.278681422446592
1.9211854965885544
2.4662478973127313
0.0
1.1216407621868583
2.6825887305018328
3.1037016960573482
1.9359455691847651
2.4613201402110088
4.047500999528048
2.8423709931771093
2.4329312573512434
2.0841837197791886
2.0225797618424917
2.217021885879718
2.440404017720928
2.7806390622295662
1.4190352743388661
4.049640133202817
2.5785519909913264
2.631051959488611
2.263809173883546
2.699513850319966
1.4488156357251847
2.233997907838827
3.3852774594583623
2.615724605447171
3.9443110967551243
2.610577243331642
0.0
0.0
1.771782221599798
2.002755067189044
2.694781460584273
2.1464657985040723
2.610577243331642
2.899040136645437
2.7534343861887844
3.0142814387617576
0.0
1.0863128407412879
2.4662478973127313
1.1981174211304033
2.5306390622295662
1.7382689280764647
2.2825887305018333
2.5492553971684995
3.156652895849943
1.875
2.7898980954642867
2.974937501201927
2.4662478973127318
2.4677648376739314
2.8000446184790095
0.0
1.5216406363433184
2.4885548621928453
0.8366407419411672
1.7055872616982601
2.8423709931771093
1.1897319168207328
2.6565647621309543
0.0
2.1774212838293647
3.926724495073184
2.5299253714154544
1.8565647621309542
2.6783429699921144
2.582031116540498
2.953206816311403
0.0
2.217021885879718
2.498929563690935
3.8176553148689982
3.9901997220501566
2.5492553971685004
2.952819531114783
2.406666316740689
2.2988252450030506
0.0
1.6382533594712747
0.9927744539878083
2.452819531114783
2.5577174691301483
2.040223928941852
2.1464657985040723
1.7773627950641693
1.9342459797822835
3.8310064324523196
2.8045851693377997
2.371321204146375
2.5810134015775863
0.0
2.8451442836760017
0.0
0.8112781244591328
1.3244602933016414
2.146782221599798
2.022106112739839
2.8619288818246704
1.7387586809150082
2.794653473544342
1.0219280948873624
1.6954618442383218
2.9876764793507617
1.6493974703476992
2.5086949695628418
1.8322488896002305
2.9708400131019843
1.8490070880144414
0.0
1.7028195311147831
2.495602923729013
2.1492553971684996
2.4137995646056805
3.956383394846493
2.374556048381884
2.7274972248524723
1.860964047443681
2.4055359917792947
0.0
0.0
1.647730922119161
2.125246327416571
2.061278124459133
2.2256051990169436
2.1829316468984663
2.48345859334435
2.5304930567574826
0.9463729359854419
2.995602923729013
1.876654497859216
1.5283688992090207
3.855140460526985
1.8980933736695382
2.467720100474499
0.0
2.247084753917085
2.699513850319966
2.6147869792568113
2.4040045536187744
1.9669171866886992
0.0
0.0
0.0
2.037233836927813
1.1150103233894515
4.024582698604668
3.058813890331201
2.011920928594794
3.958350351606028
2.7841837197791888
0.0
1.9146856335487203
0.863120568566631
0.0
0.0
0.8683927290103626
1.626688849701832
2.7199643047423914
2.9559130951758243
1.9211854965885544
3.7670898615481225
0.0
2.7068905956085185
1.5306390622295665
3.292770193936991
1.610577243331642
2.0202442071537563
2.5949490477321437
2.689246428509158
2.2856005389623073
1.8423709931771088
0.0
2.1179631753145163
0.0
2.25
2.2030713060627085
2.3863742176031475
2.0550365325772657
1.825605199016944
2.2256051990169436
2.8729055953200557
2.260820318171659
2.6168787315814135
3.3775671571169283
2.656564762130954
2.811278124459133
2.6030649442938407
2.4205099727348363
2.011920928594794
1.4839904575514162
1.8710191208788403
3.169925001442312
2.292481250360578
1.0892300788425848
2.6644984515601635
2.2684727516311214
1.7265557506517
2.349601752714581
2.424835634986198
4.012155860559106
2.8225797618424915
2.5492553971685
2.220068302234069
2.565445018842856
2.350209029099897
1.870253816431622
1.7854752972273344
2.4268193111659015
1.640223928941852
2.606238928653389
0.0
0.8166890883150209
2.279799131837405
2.2256051990169436
2.3991303913908
2.2989295636909355
2.8554722238247923
1.930080144111599
2.2295739585136225
2.3991303913908
2.251629167387823
2.557727778739319
2.5917932260774954
1.822815600352516
2.8962915290459277
0.0
3.046439344671015
3.006238928653389
0.0
1.0
1.3995812306460644
2.217021885879718
2.2825887305018333
1.2100285140347624
2.4193819456463714
1.965596230357602
2.699513850319966
1.9503079290082503
2.092728268048279
1.7289635271341162
2.367111469779674
2.202819531114783
2.2331239486563654
2.472905595320056
2.629219686524097
3.4438124670646055
2.05632607578088
1.5744174271404583
3.967853925102705
2.514097655573916
2.5996659733039564
2.725480556997868
2.556656707462823
3.100916685694772
0.0
0.863120568566631
2.0445569985498815
3.215087676341934
2.0670314951575843
2.1404333136188196
0.0
0.0
2.250233690850864
0.0
2.467720100474499
4.002138460995404
2.5566567074628237
3.046381112945884
0.0
2.704962048576188
0.0
1.9628066316931743
2.5577277787393196
1.1216407621868583
2.8855130303998817
1.5916727785823275
2.7205827761460126
1.8322488896002305
1.8336056789417416
2.3802704430860198
0.0
3.1180782093497084
2.6403360647604437
2.8430741894285694
3.096563297964723
2.822579761842491
2.4237949406953985
2.7898980954642876
2.339261065733564
2.606238928653389
3.388944227431815
2.3522170014624826
2.040223928941852
2.9232314287976204
2.311278124459133
1.1050139971135322
1.9852281360342516
1.6762400841760658
2.6100635408770727
2.4659573209491747
0.0
1.9751060324573735
2.816307519224645
2.1280852788913944
3.2917822547727154
0.0
3.202819531114783
1.7695459925589747
3.305052003948777
2.905764584655453
1.9437519544205017
1.936278124459133
2.8423709931771093
2.2988252450030506
0.0
4.003934959588065
3.9992981194554584
2.6644977792004614
0.0
3.146286370662105
2.8086949695628416
1.8210319581338212
1.7187828921272557
3.6335059949783677
2.013132465170739
2.3050365325772657
2.556656707462823
1.6216407621868583
2.4772170014624826
0.9975025463691153
2.2478623034839886
2.0590391046748544
2.467720100474499
3.2683738074986124
2.972067094075591
2.789898095464287
1.9301249653149701
2.2783518117113117
2.927451224964519
2.6800365325772657
0.863120568566631
2.615724605447171
1.4294732983598406
2.148834854280917
0.0
1.8570446946294226
0.0
2.048680608917954
2.406666316740689
0.0
1.4568017817750278
1.877387064296613
2.0551655736563386
2.211960834091279
2.0922718656836103
2.827819531114783
2.6416041678685933
2.7107770844150676
2.373469548689994
2.5550365325772657
2.35274578087187
2.289246428509158
2.116299605701696
2.589518302689536
2.610577243331642
2.0670314951575843
2.4584538292330587
2.155968102145908
2.35274578087187
2.48345859334435
2.5917932260774954
2.3935474965388988
2.1179631753145163
1.9068905956085187
2.9852281360342525
2.5550365325772657
2.6632908081776594
2.6941544371635704
2.4772170014624826
3.106890595608519
2.60845859334435
2.8423709931771093
2.1179631753145163
1.6894822670191825
2.1800365325772657
1.9669171866886992
2.7471671973069336
2.610577243331642
0.74959525725948
2.2825887305018333
2.610577243331642
3.8865842962521344
1.982798115178801
2.695615264225472
2.610577243331642
2.7219280948873625
0.0
1.879964948727111
2.4834585933443494
3.000972825245975
3.9156871683656655
1.9280980912618826
2.7534343861887853
2.6130201924480456
2.206238928653389
3.092761398524483
2.708694969562842
2.270942421748537
2.2825887305018333
2.6586806629422504
2.5820311165404974
2.1299471844774778
2.35274578087187
3.6684382185141846
0.0
2.7068905956085185
3.9929931447533757
2.4219280948873623
3.1704140570965356
2.361052451250288
3.088739925049003
2.865752487869699
2.474345898318619
2.890912233529484
0.0
1.9211854965885542
1.9211796919474975
1.2309595631140104
2.4137995646056805
3.8126701417155555
2.610577243331642
2.556656707462823
0.0
3.0860388152612774
2.7395722619867224
2.502736171594004
0.0
2.827819531114783
2.1403991772251265
2.169363934234334
2.515207611819307
2.9103824712502653
1.5509367889994214
1.6893917467430877
3.9419240641178237
1.5589385323502771
2.3329145639793976
3.9982391047667067
1.758842712835596
2.8073549220576046
2.120952031026403
2.5306390622295662
2.4662478973127313
2.6455933144511468
1.1935868648479506
1.2887803437757752
2.104741231478391
2.6897981900809884
2.0273941713765185
1.54515219719895
2.0556697066511047
2.3655962303576015
2.365596230357602
2.595275526032045
2.41896119556797
2.35274578087187
3.495733773283587
2.3787834934861753
3.5077129135961314
1.6894822670191825
2.720128777433188
2.6537729240983987
2.974937501201927
3.790637193200443
3.8446860303190835
2.7272170014624826
2.4137995646056796
3.09306920777189
3.010599664958787
1.4256051990169438
2.206238928653389
1.9211854965885542
2.4137995646056805
2.295506377384994
2.0953116691132077
1.5219280948873621
2.2988252450030506
2.217021885879718
2.789898095464287
2.5946694353352617
2.5777968115985948
1.959526236547044
2.2825887305018333
2.077819531114783
3.9864286033414222
0.0
0.0
0.0
2.094856783548739
2.6644977792004614
1.9219280948873623
2.4225797618424916
1.5002723456084084
2.816340113853408
2.610625918002233
2.523231428797621
0.0
2.467720100474499
1.626688849701832
3.4817276788697358
2.1234786725698864
2.606238928653389
2.5495234595978316
2.2892464285091583
1.6805563732659934
3.849285899557597
3.861395392426526
3.253432822006452
1.7360411676599221
2.8585552118703137
2.5232314287976205
2.7534343861887853
2.666064849014045
2.6565647621309543
2.0550365325772657
2.6213526136130225
2.6565647621309543
1.9898980954642875
1.7464353842388936
2.080500530640267
0.0
2.332914563979398
2.4834585933443494
0.0
1.9329145639793979
2.5609640474436812
2.6892464285091586
2.35274578087187
2.337320658596841
2.7806390622295662
2.720128777433188
2.406666316740689
3.221928094887362
2.440223928941852
2.8218881955261788
3.0841837197791886
3.0457685859117083
2.4662478973127313
2.0741647430225756
2.5810134015775863
1.9852281360342514
1.870253816431622
1.965596230357602
2.3522170014624826
1.5216406363433184
2.7534343861887853
3.03413059124823
0.0
1.843490682083634
4.084661530780575
0.0
2.4225797618424916
3.97884976708598
2.089003828777592
2.428493070364558
1.4294732983598406
1.9751060324573733
2.663865121950854
2.2626923908396215
2.5941178916311856
2.1800365325772657
2.4662478973127313
2.1426643555488485
1.7846748738856393
2.603975726610715
2.8962915290459277
2.656564762130954
2.4137995646056805
3.9492830753392494
2.146465798504072
2.6986604604011157
1.856564762130954
0.0
0.0
2.282588730501833
1.7947367178034825
2.2272170014624826
2.484255144794799
2.2132982820604443
1.7492184835974092
1.576065823799483
2.793464575798032
1.7382689280764647
1.870253816431622
2.463865121950854
2.343767422366671
2.7329145639793975
1.9688738747207215
2.4088840705376353
2.697474999535274
2.4826170920085118
1.75
2.2892464285091583
2.4817145729860726
2.2844763510411217
2.3659248732117817
1.8389205950315937
2.1234786725698864
3.304251356453555
2.0216148719112956
2.43779817828327
2.340575021338028
1.781937063546704
2.002755067189044
2.5106052193123416
2.145136370153053
2.4867930213024025
2.6859679340356912
3.0199746782469115
2.116299605701696
2.216521698179525
2.0524212838293647
2.5304930567574826
2.4164997849817103
0.0
0.0
0.74959525725948
2.8423709931771093
0.9463729359854419
0.0
2.495602923729013
1.854049331750903
2.474601752714581
2.2626923908396215
1.456564762130954
2.0202442071537563
1.7464657985040721
0.0
0.0
2.040223928941852
2.064042639445697
0.7219280948873623
2.270942421748537
1.271782221599798
1.9950167455986103
2.2499125667627466
1.9852281360342514
4.006886508090824
3.9901417779288995
0.0
2.5580510765444573
2.1280852788913944
2.029157664811524
3.8782673991901753
2.1055872616982603
3.326360407952693
2.278787598135611
2.905764584655453
1.57797720011724
4.015025679169628
1.6737949406953985
2.278351811711312
3.9505678964661626
2.8962915290459277
1.0949143184120975
2.403695656079002
2.815957320949175
0.0
2.610063540877072
1.8282344370732124
0.0
3.355337797403416
2.422579761842491
1.6137129703673825
2.247084753917085
1.9746017527145814
2.349601752714581
2.739353872167201
2.1800365325772657
1.4114374087744517
2.636056086195823
2.4164997849817107
2.3830689830039224
2.83468741074246
2.2988252450030506
2.9232314287976204
2.1405180562767114
2.6292750707107126
1.9254106352407239
2.279799131837405
2.502736171594004
2.5232314287976205
2.725480556997868
2.7412289082033157
2.6897981900809884
2.078491674029184
1.5628066316931741
2.1405180562767114
3.269711337671957
2.224601752714581
2.6556390622295662
1.959434222335506
2.1844984515601635
2.3395722619867225
3.039148671903071
1.8250112108241772
2.60845859334435
2.2844763510411217
2.704986855772667
3.3124145846972675
3.023837756922243
2.0419460322060456
2.7247198033190516
3.086048612313038
3.070847093622517
1.875
2.8744934713060357
2.923231428797621
3.8621216194876156
2.495602923729013
2.4546939516467017
2.0191534613250357
2.8197769992060038
1.374252785132226
2.202819531114783
2.063558608511122
1.7345587976584802
2.5924973352360503
3.3787834934861767
3.3320953986601696
2.8221819586428727
2.1800365325772657
1.3716407621868583
0.0
2.716282355461857
2.573557262275185
1.8809242772281591
2.092728268048279
1.7262930281818554
2.8218881955261788
4.007978788814366
2.148834854280917
2.789898095464287
0.0
1.53012496531497
2.6475921473084956
2.6102284864815823
2.422579761842491
2.7153266987718085
2.472905595320056
2.6497361669445465
2.7898980954642867
2.5086949695628418
2.6455933144511468
1.0
1.359022282560045
2.442525740914329
2.676616793779463
2.75
2.660254971842775
2.729880143327779
2.1820058147602133
2.1156351273037877
0.0
1.8282344370732122
2.0086949695628418
1.3862740938959681
2.2256051990169436
2.4225797618424916
2.430832051224084
0.0
1.6737949406953985
3.902318574930861
3.7485591827332008
3.999504462888825
1.0
3.9863736954917575
0.0
2.2988252450030506
2.5027361715940035
2.747167197306934
3.907980483119214
3.9546564227498497
4.0544072936530124
3.039148671903071
2.365596230357602
0.0
1.9804820237218406
2.908694969562842
0.0
2.2825887305018333
2.4397981900809884
2.0300872246321315
3.172381055462615
0.0
1.5744174271404585
3.7253167488529044
1.3689955935892815
2.028545402282383
1.6456780552463373
2.8423709931771093
2.656564762130954
2.0306390622295662
1.6922718656836107
0.0
2.466247897312731
2.0550365325772657
2.007856063692049
3.491044391057492
0.0
0.8795064608120066
2.9242299136001453
2.610577243331642
2.863108112262382
2.146465798504072
3.9507334227291055
2.6455933144511468
1.7130788426267936
1.7345216647797512
3.7088413161225544
1.9523612813926658
2.3551164151968456
1.6832194462630237
3.455334228636154
1.9211796919474975
2.699513850319966
2.5492553971684995
2.9532068163114027
2.4275019499768535
1.3999958387470215
0.0
2.2256051990169436
3.951942446031553
1.856564762130954
2.6825887305018328
3.8764841504245084
2.4225797618424916
2.7534343861887853
1.3244602933016414
2.1464657985040723
2.2569089895583545
2.034572365811466
1.5216406363433184
1.8709154329373665
1.610577243331642
2.48345859334435
1.5744174271404585
1.9211854965885542
2.974937501201927
1.2197484934607565
1.4966407621868583
1.6627992560224794
1.8248169862168622
2.7107770844150676
0.0
0.0
1.7295739585136223
1.6266144718101818
1.6774212838293647
2.35274578087187
2.6701188915748095
4.028493841594464
1.924174352300441
0.0
0.0
2.2816696599988737
2.494900822266165
2.75
2.420082463275135
2.5781307870000845
3.769685996815609
3.9086838247923845
3.9769030827640135
1.6337314206421327
3.2420538990747874
2.7016094970590276
1.6894822670191825
3.9539922316865725
2.6227336390297045
2.4885548621928453
3.3903519755744163
2.147348781633051
2.4294945204514447
0.0
2.7270539896414925
2.5492553971685
2.7744019192887706
2.6644977792004614
3.7570138094620504
1.7244078178625923
2.0922718656836103
2.256564762130954
1.9679074521481286
1.8062389286533893
2.0963731476918337
2.147730922119161
2.3082363645425303
2.5511080697253745
2.1914460711655215
2.5643413827941695
2.5630240187231137
2.7335392922416557
2.472905595320056
3.8746987697368613
1.8763576394898522
1.5916727785823275
1.8565647621309542
2.3695710038552735
0.0
0.0
1.610577243331642
1.9804820237218406
1.54515219719895
3.1556390622295662
1.4345491399952024
3.7215211666676673
2.4419235206010987
2.6864194113487736
2.6565647621309543
1.7055872616982601
2.3071885761626687
2.1774212838293647
2.50558726169826
2.50558726169826
2.50558726169826
2.50558726169826
2.50558726169826
2.50558726169826
3.2288587345650734
2.8152023999804863
3.2288587345650734
2.8152023999804863
3.2288587345650734
2.8152023999804863
2.6389205950315935
2.50558726169826
2.50558726169826
2.50558726169826
2.50558726169826
2.50558726169826
3.2288587345650734
2.8152023999804863
3.2288587345650734
3.2288587345650734
2.7942385860214767
2.7942385860214767
3.125
3.1555650133297184
2.077819531114783
0.0
2.224601752714581
1.7534343861887849
2.5495234595978316
0.0
2.013911951300547
2.389898095464287
2.335505556517097
2.720582776146013
2.1047412314783913
2.4410685859554375
1.8073549220576042
2.9037016960573485
1.3995812306460644
2.699513850319966
2.4225797618424916
4.029426964684141
0.0
2.263809173883546
1.6068322783181097
2.699513850319966
2.6798066535975917
1.9852281360342514
2.2479275134435857
2.504800382982335
0.0
2.382683189255492
2.60845859334435
1.7333716642706993
2.5256733260273823
0.0
1.44726249944121
1.5589385323502774
3.881506537730655
3.8435904159220655
2.5232314287976205
3.3735572622751855
1.295461844238322
2.6638651219508542
2.263809173883546
2.1280852788913944
2.359879028736861
2.422579761842491
2.3787834934861753
2.699513850319966
0.9463729359854419
3.5357436778555686
1.7735572622751854
2.846439344671015
3.9505544903835492
2.656564762130954
2.359879028736861
2.6022170014624826
3.8724523206167913
2.0524212838293647
2.3443609377704338
0.9463729359854419
1.9903166968736787
2.270942421748537
2.4300365325772657
2.6901074801412554
2.083431198783941
2.0461796919474975
2.761481199063098
2.108694969562842
2.6981203125901447
2.067031495157584
2.8870964478055785
0.0
2.0970804933914353
2.064042639445697
2.2588718484453603
1.0
1.0
0.0
1.8565647621309542
2.2806390622295662
2.107735252622104
2.289246428509158
0.0
2.789898095464287
2.217021885879718
1.6644977792004614
1.2309595631140104
1.9852281360342514
3.0
3.090199876515856
3.8841994739710155
0.0
2.7052290027422967
1.4299111709758698
2.3898980954642877
3.1800365325772657
3.1158340921632193
3.7578307172966103
1.950212064914747
1.950212064914747
2.7186786629360746
2.7315155852859605
2.6030649442938407
2.3655020265326834
2.359879028736861
3.4170516505674158
2.352217001462482
2.4830067805200744
1.7169171866886992
2.35274578087187
3.965049691303606
2.6455933144511468
2.4387439204017474
