Shannon_Entropy
3.807411497610684
3.8027375507820365
3.80779162061593
3.8086311099307344
4.219282301075886
2.5578496861616062
4.0574260074801
3.8025361761441943
3.8005839519208733
3.8145621924229696
3.795521660849919
3.7893932487534494
3.789060522674027
3.7955805177284727
2.9371680118803556
3.372000424851462
3.885306983757847
2.139309057971119
3.6320688609836953
3.9956979007055327
4.1070829331700125
4.038855272447171
4.137726941312476
3.9627712958796892
4.0966304683051415
4.10861350547568
4.022272904509185
4.022518053397416
3.957791248304195
4.044557459301412
4.002220047474544
4.005455062463999
3.9193201299928564
4.008282070964378
3.8785727154284695
3.8267586514889644
3.5380613334207385
2.5914503948609435
3.4313576774531405
3.996458639969609
3.9964255043325836
3.9657916325307587
3.766406184648549
4.029991816542628
4.052249785679217
3.9822665406235984
3.9866596381479225
4.000641680892796
3.992135279170611
3.95121069357012
3.8860087254927547
4.064346345481894
3.868323412899274
3.9934615409379473
4.031444240122319
3.0262414889693336
4.129535409665864
3.6769723929988585
3.6239935213533707
3.770108589648077
3.704514186718023
3.704514186718023
3.701964471732913
3.7681593893308674
3.704514186718023
3.692820464219601
3.7112415909014764
3.7716519139689737
3.704514186718023
3.704514186718023
3.6145292006268925
4.091098098382481
3.3836466976990938
3.661085922931711
4.050483339718236
3.888451350272694
3.878126106611706
4.027607570447112
4.046738707642671
3.9928779741207685
3.9905874219995243
3.842056630446347
4.028844021720142
4.020818010442446
4.011155584586162
3.971278583654225
4.013474005595933
3.959845874954863
4.0153115132569965
3.7271752340975715
3.9398369358494745
3.2303519639692913
3.6200034189085404
3.942108760947908
3.2126381311277115
3.770989166372039
4.076904716954096
3.9836016676184545
2.7518139288022803
3.9879845004115118
3.9380411114774376
3.8820489106825073
3.99980907022355
3.321720300651758
4.009696195366914
4.009890291435267
3.873101623357032
3.8812630828253303
3.913755459707784
4.0423746251239265
3.923862330376199
3.9195914256661157
3.9890542336585537
3.984972130806129
2.655010594561498
3.9085430853085286
4.0061777727385985
3.993369299172658
4.0296883247003965
3.9206549235841592
3.800233414471143
3.9338318504075516
3.973507983321097
4.032541529152905
3.854041884590334
3.9930375008719263
4.088576226466314
4.011024489549127
3.888010159906426
4.002880362808542
3.8841630037587076
3.9481241583800455
3.966382409779913
3.9200868269219726
3.962349282307561
4.0095420331684455
4.020947216825373
2.5510160844721343
3.1545546802571587
3.9172364757075973
3.916351303372315
1.3606882054468725
2.9557634964002593
1.450110535713175
2.5029496466332612
2.9162454477731043
2.6607703371268623
3.7710544244621667
3.878628939858849
3.409902568487912
3.959603521310294
3.8521356509254208
2.673877692412328
3.8533544053202546
3.723657147045721
3.930633107899491
3.9567505009880213
3.632179569292297
3.9608774037831056
3.9172949676326696
4.065034582068166
3.987314247336074
3.927876033830211
3.9853426133037826
3.9286313746258874
3.933873180607967
4.0088934462499815
3.8355499310348096
3.899010420796848
3.769371500453964
3.985020427945022
3.881682589495736
3.969648449582112
3.939110161779639
4.002478349025058
3.9812705030344837
3.9530470284669135
3.9525354301399327
3.9747235627316386
3.899531422350871
3.9480382760024373
4.036795162097972
4.041346613801506
3.942692273183606
3.9268253111130256
3.9892321163260998
4.009467679558293
4.019517525065535
3.7840839189070055
3.916888661956448
4.0143332383342765
3.964358701856945
3.957128251032701
3.8948368994870504
3.890690154797055
3.8141532915138425
3.9117671796842264
3.9882218958322224
3.9103555559061602
4.047614710383601
4.0183684496033365
4.02955018253509
3.9635047282904345
3.93474350143883
3.987759531411436
3.987517270736546
3.900692461158486
4.0147423030541525
1.7063426838628475
2.441819187439128
3.943130454132782
3.2814942506939757
3.712542836469151
3.5127335775227375
3.8026544165007876
2.115108541481405
3.57509959967477
2.9045836883488807
3.8377809392987605
3.0429750980131995
2.7415177676235727
2.483702851162952
2.150380885680553
2.7540888449980887
2.259067077010681
3.8182783433063454
3.3973387701928903
3.4581167914114403
3.5133017760616685
2.454791611163144
3.647027094633278
2.558860166383543
3.2984578695621254
3.6699772768538756
1.7911709255201775
3.3884350628004296
2.330158259706461
3.5840861266488613
4.017518841517399
3.916003620082181
3.5017819049257968
2.912254545053636
2.563630171151403
2.5126286242988813
3.981622605669359
3.4574646115019063
2.5179052233102417
2.5087833088514766
2.527097776179228
2.7455884658114607
2.6812789728751527
3.904517709986444
3.316801121716393
2.5996798025823775
2.5996798025823775
2.5996798025823775
2.5996798025823775
3.746393751007017
3.6547866796505852
3.3523022669148013
3.347744454672984
3.268707785634541
3.4200647345734976
1.3393772893501605
3.3802080326432167
2.7664612773890496
2.1883040508416713
3.4311542475621493
3.5309902127453756
2.9462830176524695
1.7535381273385153
3.3658242837063135
1.0894675648466032
3.661536197478817
3.661536197478817
3.7138498275431187
3.661536197478817
3.661536197478817
3.661536197478817
3.661536197478817
3.661536197478817
3.6520431245505045
3.661536197478817
3.661536197478817
2.803096004980976
2.795559637283912
1.433564189573745
2.8314549954332833
2.8335801560251044
2.6971984454740747
3.299798041635079
3.549135833084808
3.6052949229868743
3.635933985216441
1.7694285744053984
2.7128146578031322
2.3551696948221887
3.6435906065371784
3.4127833426061844
3.3026575854534683
3.9370563111429338
3.8983481953335826
2.489949325386732
1.4673980167480032
1.6990916270664305
2.9727022763949615
3.780792325275054
3.8888355283602203
2.437256164305191
2.4402232497177505
2.521507989080529
3.5322342770279893
3.2387895048770132
2.9704293203785297
3.914476679866283
3.9614663413429296
3.8924802083028496
3.8147703917612548
4.003704692637131
2.651932579217033
2.2637040898416925
3.0448872813447228
3.7894705134745426
4.06301175383148
3.9592441335033226
3.940750217800844
3.84435760150825
3.8588188426734074
3.7403469065474164
3.629625649897144
3.6454899536898093
3.5236878665753517
3.378714187746669
3.984245025696451
3.740314654814172
3.817153373394906
3.9570514164363635
3.654819699499975
3.9749329457025135
3.5123327721958955
3.931632941551597
3.8209153373406606
3.7434085310914655
3.81118125200997
2.0176485433950107
3.638905076351607
3.8726171784453265
3.4405154880833555
3.8423409221268323
3.8341651104477767
3.8647275293503633
3.672768505100928
3.9688252493811786
3.9623002536644205
3.8883431022609636
4.065257177364574
3.8730141074923248
3.837574833861426
3.8021093731020805
3.7849220718147527
3.8870753326459058
3.8625103747730116
3.9693071828494704
3.8846629919304494
3.94920387829836
3.987958457312579
3.928233663943343
3.9914930417202243
3.95960943845453
3.9961628507293168
4.01709555539553
3.95956162542829
3.9924706658615983
3.9800212024533033
4.009900723846492
4.030059814603499
3.8131523545241337
3.9097235512464468
3.918688513842428
3.7227364659791653
3.8840300367021445
3.8365059602342626
3.8972191727378767
4.015826834184837
3.8668985951479007
3.8740115866171667
3.7583192398915433
3.8817902142774376
3.9512094462200316
3.936289410534449
3.9597552316417204
3.879329644051699
3.8608725820217256
3.922985670279732
3.94140385282086
3.845811555770642
3.984940328961165
3.879709996296622
3.993672956635445
3.8913343448459163
3.845126244628725
3.849745444868003
3.8018859502687103
3.913363095713964
3.8934981291825603
3.833057766696845
3.698191816013771
3.9605671633223194
3.9771874020514746
3.9850103791527247
3.992826160887726
4.004858104033535
3.940930160854619
3.959626459226581
3.9359765081371383
3.8799982126169574
3.9019402005533594
3.966618724727672
3.7495472358477793
3.927382753049647
4.029276897842478
3.9436220368827355
4.0059239785683785
3.953511508708507
3.878539247254871
3.903296332876789
3.8933555133684976
3.9026308411958173
3.8767197663853747
3.147231674936173
3.8872515749981327
3.7546018364228293
3.7674572393046257
3.831894467556713
3.9410089746100807
3.989666719383345
4.037849195874244
3.901910190082805
3.955488414938769
3.8302035998633888
3.79315196043535
3.9847575135527182
3.908740184806935
3.8986945409811473
3.8533371210879905
3.8792051391917988
3.941428031846025
3.9924426946653875
3.8110782739261206
3.8955983072483407
3.8867866760048644
3.8861076420320733
4.003456458772716
3.7244784161845566
4.0230294084373694
3.795782545368912
3.7391836096405524
3.910457314004008
3.864520125360354
3.9439071273177073
3.8427980072592764
3.805412597919102
3.8780154884337694
3.911518599945523
3.964712193861756
3.894971175640226
3.9600412073401015
4.023915713397515
3.8584680025144182
3.9065203021821118
3.7796299684955192
3.9299515556029943
3.855610156256375
3.908502404551161
3.9111591982664096
3.9768461560986044
4.010813585980743
3.9954738790141247
3.9568383758118975
3.996939057056097
3.922104101149623
3.947476652106828
4.022971026624291
3.986010096173032
3.9060787531110712
3.976944687408441
3.957696942057172
3.878178817719871
3.928595198064378
3.9181335289476045
3.946873587245974
3.9072921844827007
3.848438502310111
3.9413546812703397
3.992338243708731
3.956566510876039
3.8326541487442998
3.7495558051311826
3.8914800390393878
3.8672756778963984
3.9639807582132134
3.95522789390442
4.024270289703893
3.762896828476854
3.928250944935528
3.933702756004556
3.901355065028341
3.7810197185975523
3.982401840716184
3.881463644867115
3.867827206111635
3.8994462641761913
3.8502795718929628
3.824029225659961
3.9154915302074675
3.8141377542081116
4.01715596252095
3.837881268344319
3.833249878383269
3.791484390671668
3.8515525764855187
3.9116592838850393
3.8536889649877315
3.8884846489403877
3.8630997266035236
3.830262325302547
4.03547179343537
3.881463644867115
3.843884793581842
3.8584946854244824
4.013932591766417
3.92233806577863
3.931431391415746
3.930918381087028
3.9207623369841436
3.975498056674633
3.8916406363254534
3.932507183516841
4.0091033573494785
3.8420684808502026
3.8875237298567393
3.7992840578324505
3.7073775305265912
3.9401563291740307
3.8572378804834377
3.9203638362203748
3.7939956408831716
3.856449153846004
3.863728448787053
3.9161580556281956
3.846117999897076
3.894403371028649
3.896138963692536
3.793535065468326
3.896905498580968
3.8734704023617517
3.9822088751089226
3.8250641601764857
3.695327780083655
3.7554222549585465
3.8238376031689865
3.9022843365834743
3.8548036804100785
4.010659021732775
3.855119362631607
3.9807879663965413
3.8835872192670347
3.9796545660253986
3.8223814310563275
3.881578374609886
3.793102014946859
3.9531483752338157
3.8513286257909862
2.306229871304938
3.90355589898397
3.926243830977366
3.900586099120979
3.945848915533961
3.87148130348747
3.8534747991696943
3.879440374288453
3.877707206813562
3.9156175510689653
3.9336415781742153
3.9167805853094286
3.845457460635064
3.659585284484359
3.6198930033588916
2.787331400436863
1.8602728792322287
3.8054226185518045
3.599192531494909
3.2218800815141044
3.8942712801449506
3.7490193579758198
4.032690838718101
3.8291088884114757
3.8622190090248703
3.8563124048043655
3.9751651823764824
3.901561013028491
3.550872026670816
3.647788904744255
3.838674488587788
3.728722103570224
3.8782022497946564
3.7258300826663993
3.7506466252588666
3.77518504092361
3.971515332230049
3.698327704333018
3.8469041166545463
3.834943355552151
3.53030612744249
2.437320574703101
2.300362549619149
2.5674717019297773
2.51655302869134
2.3901728213644993
3.4942283830289735
3.898420311896534
3.9165619231009785
3.9388054322254504
3.9576718474387143
3.891635820998114
3.990117723711326
3.7790697969570575
3.775357070228155
3.916394870870361
3.662637113486831
1.7604963951076336
3.924995927223181
3.6592936383134167
3.846117999897076
3.8454087798976455
3.748948587445817
3.754334541970793
3.8980008711297294
3.9658634657976743
2.8023172489465806
2.473636235194009
3.867184145800696
3.8147869055312853
3.99428573611145
3.8324766543848994
3.779548789193128
3.891087448198762
3.2854513767093727
3.7632248805677535
2.7127174356195716
3.618623679269187
3.104905992963603
3.5697861119974146
2.0030741894285695
2.987473558408652
3.313712914276162
2.259315812903464
2.6124983374068926
2.8930003251144765
2.4324908234634264
2.4814130168873265
2.484537581818317
2.4714572931926186
2.699325536981192
2.9128232271223995
3.246122299761773
2.811996674858304
1.8051642326107094
3.670115251893512
3.243856189774724
3.141755586012997
3.3861112008101992
3.2490741918520722
2.6797086767436293
3.125376319450033
1.774353505378832
2.888424639238832
3.3401998765158556
3.757251668148171
2.842484091365384
1.3762124081532017
2.9933763474258295
3.492102018313112
3.3588177085373343
3.09527056662652
3.49026797063815
3.2720552088742005
2.12158623054991
2.8392871737209275
2.0540545203030183
1.571330881823542
2.2217248331082518
2.1655026391865486
3.790631092952767
3.586656499766614
3.1815762176975855
2.6911749744211138
3.4164046328346087
2.6219307324533583
3.12040244640518
2.117138855088976
2.9999249475898
0.7193856441631259
3.3870719004608154
3.3241453629314908
1.704362215168434
3.329195948563359
3.5020960426967473
3.434326503196765
3.4766191881589683
3.320336139212702
3.492374287349601
2.011087422761232
2.0130421187925176
3.418359679859845
3.211369488197872
3.38883346181853
1.7832710698079037
2.2049658653491644
2.488035674898201
3.4907343331478202
3.146989743640709
2.894752078109419
2.9022278460717805
2.0813299228272086
3.017476457269228
3.570054439002252
2.954621151504565
2.9449929343967667
2.532647781542347
2.738479086883498
3.1658942083900237
2.7646922851023588
3.001609497059027
1.5354305435742717
2.802598789480965
3.5308695783172346
3.2328431012303893
3.2998847669633533
2.5850835404690686
2.9037300975889773
3.028033151431864
2.533553029386981
3.013688075731689
2.857926642696104
3.4240244208650217
3.1763794434415376
3.015560997380999
3.217059677069799
3.5243505544051534
1.4940453694757967
2.9298744033321773
2.5419130911152155
3.0782256858655486
1.5594737686181976
1.2396844775559879
3.4958327632685693
2.7397263196554835
1.3293344722206872
1.389097655573916
0.5922012078718629
2.61424785004412
2.5401144833744262
2.622817794663002
2.631856464041789
2.5210088570545945
2.55300227385934
2.6099248853819517
2.603118565330824
2.6163371932138046
2.5991350307924566
1.9412068579052661
2.3301150676235474
2.3085515807019075
2.200778868968625
1.2002535309681712
3.36304191066884
3.207167644453199
3.251986707008092
1.3223973346531332
1.3223973346531332
2.17776215924895
2.9628019268900387
3.135281980958521
2.26025852282854
2.059169967226044
2.6387936914032153
3.16148715355903
2.777297127988307
2.289570764059867
1.5874126633995522
2.3173703744387697
2.619502412215913
2.1803997530317103
2.849924104297757
2.883302492789516
2.6385989147893665
3.4746076704570434
1.574976739575328
2.377590318769265
2.1159996963688976
0.9001188219285647
2.5299383609132753
1.5740806779516103
3.3068205863500584
3.141641596953647
2.3545502265468965
3.1333503687549227
3.1333503687549227
2.992257869237951
2.222578010590773
1.2728101846792637
2.8517711639058736
2.1390948660678757
3.2132982820604443
2.732405787351783
3.3487959836828183
2.065801643590065
2.552344098502374
2.100713551057098
2.587331779134875
2.40020470625279
2.1070177095953566
2.208089993990131
2.991547402166809
0.9182958340544896
1.343594745920886
2.0985798617120746
1.7407713918234875
3.3581377528380894
2.3399207279242136
2.2971325499595925
2.2858389247618334
2.482734717428089
2.5156901454891822
3.1002885002963083
2.7921751248846847
1.2887803437757752
3.0762704763208157
0.858627282879658
1.558689064703655
2.996475078609138
2.3305616747106406
2.941096822740885
2.728825518916294
2.6080749005148447
2.7164594433229956
2.970772169155139
2.185545171166629
3.0804036932323524
2.4206250851407773
2.582608982819465
1.5721380190661005
1.7139993696997977
1.7525997966676778
1.3893557466791862
0.9568886656798212
1.7020188982649047
2.8960955439166023
1.6760379573939184
3.0786133495621852
3.3042655366866316
2.7112295709867493
2.435629210155896
1.8693817174589162
1.8309785861049794
2.0473210220496263
0.5435644431995964
1.1464834066027543
1.423424252682021
2.0043861426958793
2.6581847781660124
1.382861222416222
3.0386300919021343
1.8157660355329825
2.988608500731241
2.297763627321501
2.662673909317384
1.7880272686802205
3.6639097655573916
2.827819531114783
2.3950876935865506
2.270179243204399
1.8969807926835898
2.168506245800977
1.711222213554999
1.711222213554999
1.711222213554999
1.711222213554999
1.775830987387494
2.0128740223540356
2.5372301466508205
2.041158178496845
2.1527386764815226
2.579737281674559
1.868273412406135
2.7874302980927217
3.2896693724672614
1.7401811144866386
3.432526585459502
2.5554610168862966
2.53212857986364
0.8596410002287574
2.305567419741051
1.3697090767236324
3.016487959031574
2.5244914665923153
0.9842399889605549
0.5916727785823275
0.7665095065529054
2.9423673632902685
2.9163523334909387
2.9492553971685
2.32358743872124
1.6344635884009115
3.465018266288633
2.1126946900328116
2.2459600998912124
2.080812815383741
2.036607746052769
1.3032782651297383
1.5486495380787069
1.6253367514971546
1.4029509030414602
2.8856964383664145
2.9941745675836797
3.4435137534498526
2.1933031577750786
1.3382689280764646
2.0317291493241516
1.9147221199257838
2.34805052774425
3.3082774773777084
2.372326012508174
2.7137871158413414
2.7997637576270176
3.0508206956095725
1.405311135580237
2.142295219190901
1.086312840741288
1.826874881864638
1.0377724203178629
1.126528595677306
1.5428274528845676
0.9743624933910559
3.1689869584530608
3.1951942593752767
2.953206816311403
2.6955646971010103
1.0152448390958901
3.2626478052485925
1.5489544344250403
1.9376592751863295
1.7187658560876258
2.1180203229112777
1.099195917129436
3.155045546825804
2.8532399248419975
2.0646964484110613
2.854773168630612
2.0566567074628233
1.540709585192697
3.2119608340912786
2.6922718656836104
2.2038959418806763
2.3042025544327793
2.6404237265801713
3.1784391908277185
2.6755957776053108
2.0674849873019703
2.9453331662553643
1.2908520829727552
1.4210295023052195
2.9312089489103235
1.776263623819339
1.748373334400346
1.7778086749652335
2.1150827585690295
2.371087149178845
3.019976679963128
1.8243220819972437
1.8809242772281591
1.8243220819972437
1.8809242772281591
1.8809242772281591
1.8809242772281591
3.1132696895151084
1.5513712715511299
2.9359841985958823
1.8232981864942013
3.259799223400568
2.400019848605587
2.739242604858459
1.5489264306897474
3.0097239659129595
2.9107912955405006
2.8736870007162003
3.0251422503837744
2.5600289361122233
0.9798687566511528
2.939892217233231
2.6379146063933874
1.1635002846457883
2.362170504603181
2.2518478612392814
1.7695459925589747
2.356759065466188
2.445470853406835
2.934775887966526
2.101125010956985
1.9991695476615083
1.7467659855385196
2.204935594743131
1.9577230088457283
2.6333990147977167
2.5042261665081296
2.6864194113487736
2.925310042276906
1.236396957115956
2.5898825690035796
2.533515747578792
1.2916919971380596
2.987001792178877
1.3986615734080916
2.0157173887491022
1.9392365361682793
1.6760150508789762
2.040559193078831
3.3510628008066474
2.6062100006879616
2.199079570624175
1.298746985624977
1.3622467267033962
2.1557171232633094
1.3199958387470214
1.3541859576379551
0.9976267918964659
1.598816797162542
2.4049073493961193
1.1929993566060646
2.993138092763091
2.505123044017255
2.7225196425556857
1.658802631313159
1.646798729322978
2.883757441416555
2.5837465215041644
2.306281801297747
2.011314688649721
2.8583134425778534
1.4703342432855295
0.9737837298712214
1.7000396804183882
0.6111417341594979
3.0765411025407885
1.4127413029424614
1.8404514287124563
1.7558269522460908
2.9913852512895214
1.4396275363413569
1.738616399317436
2.4627162770878597
2.501629167387823
1.784131585669937
2.1716471811466906
2.222813726540686
1.7952373789297227
3.0898896034900454
2.535798374391326
0.8166890883150209
2.734697002530877
3.092761398524483
1.9777307682924334
2.908493070364558
2.751629167387823
2.369910023274066
2.462683189255492
2.171314688649721
2.5321763083268243
2.93167572793694
2.950156527470402
3.0574760762899316
1.9143029514736247
2.438721875540867
2.419372148594611
2.067130688335406
2.1027583698506547
2.4391968749314334
3.0816674489497102
0.5435644431995964
2.1721080498885814
2.2399351903050047
2.869929984030836
2.3270017224191517
2.0341591278514217
2.2015101887362594
2.6333990147977167
2.9072682296173893
2.83429531609601
2.0170949781550753
2.3035088547976783
1.3248893422453545
2.2204844270254536
2.5108995654298587
1.2597218324096136
2.2440954395801547
1.9701247407004667
2.8888840705376353
2.5943609377704333
1.708098663501806
1.2638091738835462
2.256866543182522
2.0379154119304594
2.7065846562625686
3.388171893415314
2.5539274293775214
2.224590977497673
1.8629771995391555
1.8097238785956844
2.100983694881109
2.419766230179853
1.0954312795575998
2.292096688995876
2.188805557158125
2.2448894517332407
2.1429146733542535
2.000080876099379
3.122764717808251
3.319773835029478
1.9061812898737474
1.6364920984875067
2.0943609377704333
2.3081344956756698
2.160762106246821
1.5920001314822054
3.251629167387823
3.174674231978642
1.304026940573829
1.5394705707972522
1.1395960425194542
1.3342094594480485
0.6998578570269279
1.6326290961881698
1.665488469649492
2.853492883002315
2.4696844590546903
3.1069142727697874
2.4304570255005586
1.7443680573272287
1.2100285140347622
2.119053132841023
1.3633800759802648
2.0329440206159575
1.476120721149274
2.6258525593722086
3.0346259624623997
3.008399454615319
2.3883917982213343
1.7794238321465292
2.437728545142357
2.2425725307660707
3.0260417350691347
2.4109059716151022
2.3035088547976783
1.907516971950949
2.7025117985433935
2.5842447160164204
1.8781394673681389
1.4029342381953893
1.627015981658265
2.9193721485946105
2.1854752972273346
2.7678941476196224
2.99193234811645
1.1191194231256714
0.6962122601251458
1.0806088422716655
1.555749684676997
1.555749684676997
2.8252517372886508
2.05621500939744
1.181899057917561
2.822717804806415
2.740016050895541
1.344314767066416
2.1047412314783913
1.3834651896016472
1.3566695198333112
2.7995843710829598
3.077572638281769
2.3667452542142176
2.79271125279204
1.7518834359763853
1.3313796950377743
1.3516292011348527
1.1340397784995038
1.9311422645161296
2.90194695925137
2.7155894378827394
3.104878846611201
3.186704345910025
1.8927435992418746
1.899124177322116
2.086322550333258
0.9671762358525611
1.030104496829677
1.4051091271048741
0.5586293734521992
0.9938972639364229
0.7706635459878962
1.3250112108241772
2.6091515755067367
1.3512274809529559
2.1173503715768223
1.7429661954675215
2.222191575506678
3.2361862832554125
2.067130688335406
1.9626437121014075
1.8375046216087814
1.436990524063679
2.735970393142132
1.2415242038285013
1.319035274338866
1.823067982273661
1.708843157723854
2.383593219149464
1.3512274809529556
2.1135388697992608
2.8360388152612774
2.9450981451520644
2.933619172481952
2.0317374334224665
2.436570339756566
3.296573449506315
1.9484930703645584
2.4308320512240837
3.0068665431825226
2.1784857337562045
2.401363669197544
1.9829563829821288
1.7676461209612238
2.887096447805579
1.5535572856196884
2.9883167106100115
1.7264892117991657
2.9705730958116847
2.0418145155018155
2.629219686524097
3.017856113506615
2.892939938586857
2.892939938586857
2.6037016960573482
3.017856113506615
2.892939938586857
2.6037016960573482
3.0223683589017414
3.017856113506615
2.892939938586857
2.892939938586857
1.115520093581932
1.654648334118502
1.4179493739444216
1.1092800210442264
0.676941869780886
1.3630083113425158
1.595461844238322
0.7918583525674836
1.595461844238322
1.595461844238322
1.383866329597683
1.3342094594480487
1.6605332770550814
2.2929480695548334
1.1721597626314753
0.9830605548016024
1.855288807756842
1.7832923107295438
1.7220572131230523
1.7870030237121843
1.7604873668853374
1.835508082496991
1.786550657020264
1.234204837336745
1.5790132072799707
1.7796908784647785
1.702577276193479
1.7621043153447706
2.7061129403316824
2.854838226992503
2.9074477090501825
2.8292521729753184
1.649725367358884
2.337156314358455
1.4366664819166872
2.0762893592941096
1.863117596243075
1.5394910703001345
1.8204381454113916
0.4689955935892812
1.4411535278793055
0.9451696091196163
1.870950594454669
2.0626563480372715
1.3633800759802648
1.7387586809150082
1.4180260055608094
2.253553208956351
1.1956217818146277
1.9433094994456521
1.4568017817750278
0.9172200226983069
2.39207883297832
1.9035239700887407
2.1281242380196628
2.320423374953668
2.321928094887362
2.3045851693377997
2.215382613193901
2.242898925547764
2.1742050143002576
2.044694943661876
2.0874859413346756
2.176472731905598
2.047853139383885
2.3045851693377997
2.424886603555953
2.4505303834140717
2.0609640474436812
2.2065250732412096
2.4038557115281907
2.4205038327557684
2.446439344671015
2.151344661800109
2.190206156305157
2.2326969966720456
2.177649391133089
2.1897981900809884
2.424304362145507
2.3045851693377997
2.0638331405456625
2.389822782008755
2.1995138503199656
2.321928094887362
2.144669723313929
1.9696927471994703
1.613824394358762
1.1867043459100246
0.9816870830264421
0.5916727785823275
1.4984545358221244
2.93233908943611
2.6780658017517225
1.824816986216862
1.2363864108712894
1.8822287189138014
2.287395392971673
2.3176400059662177
1.610523892589859
1.9321560761384233
1.9579393553211155
1.7219280948873623
2.8725111538380093
0.9637459942073318
1.3050124997596146
1.4166422780956525
2.4995853603642235
1.719763913197758
1.747851887176907
1.530920491687485
1.7184275273035432
1.6346419286152833
1.8792356882444214
1.5302332953398365
1.2363864108712896
1.4308799709469266
1.747851887176907
1.8492527344930847
1.719763913197758
1.5302332953398365
2.539353872167201
1.154173392945927
2.1815525171888464
2.1856371288264103
1.7387586809150082
2.982334543043674
2.390468570732828
2.1610099374640837
0.9218339291539106
1.6788979029874789
1.3366664819166874
2.470527972977489
1.6841837197791887
2.563865121950854
2.8004323025356257
2.3332062193464953
2.433206219346495
2.1673374089345567
2.0762893592941096
2.657091416164423
2.221928094887362
2.3178113757536236
0.9938972639364229
1.4854752972273344
1.2677702161044204
1.2917601481809733
3.1841837197791887
2.5609640474436812
1.4509082837501823
2.0324876891689536
1.590468570732828
1.9811191885631823
2.1609640474436813
2.6944806448504592
2.6798066535975913
2.7574058114255178
2.8077191793355305
2.0872520915136796
2.5588718484453605
3.346439344671015
3.043564684383303
2.331309987794505
2.460451880977356
2.2219280948873625
1.4259243205810006
1.6841837197791887
1.840223928941852
1.708098663501806
2.965596230357602
1.0488412604661608
1.326427315856485
1.7166422780956523
2.190515847687587
2.6258020730516325
2.27520470625279
2.2102178514411284
2.3556079021517617
2.187085360364224
2.14853573331382
2.44219152059685
2.6029112502940146
2.6073403531322077
2.2709505944546686
2.3547213575823878
2.782837965176857
2.946387519131127
1.339974951934134
1.4886022351695134
1.548276854791188
1.1540157730728
1.4466479595102752
2.489518816011706
2.092968552482331
2.0650464172773457
2.9464393446710155
2.5133096516211673
2.658680662942251
2.07080437948071
1.900556666361435
2.3580732533073405
3.0812867722513535
2.5525496777656036
2.230994305917858
2.2282129458410016
1.7206166448818938
2.4736975047615695
2.724021216523415
3.2464393446710154
3.0323989304148737
2.0088056225401756
2.2177648376739314
2.990933117504172
2.9841837197791885
2.3232196723355076
2.7152703968800367
2.8464393446710154
2.5541522113239497
2.384183719779189
2.190984173265412
2.0687942075658454
2.2651253054903266
2.828623255131304
2.9219280948873623
2.002712360226841
1.7699984239234927
1.1230856493500752
3.0841837197791886
2.8676338909712125
2.295461844238322
3.3841837197791884
3.1037016960573482
1.145235779471061
1.0783220795483648
2.1592768042272796
2.4949188482339504
2.7149987672301896
2.527495543791609
1.9894908719265076
2.5083614955614477
1.9232196723355077
2.5827936132549505
2.6659573209491745
2.491967413403466
1.9728585986276301
3.0900327766014803
3.058813890331201
3.058813890331201
2.7527152789797045
2.7527152789797045
2.7527152789797045
2.7052290027422967
3.0900327766014803
2.363865121950854
1.7794238321465294
1.8128876215181604
2.335505556517097
2.143647003496139
1.612197222702993
2.039353872167201
2.785186116414753
1.9833830982290133
2.3588718484453604
2.0445569985498815
2.8603207778330444
2.5996659733039564
2.2880192802796895
2.5016094970590275
1.9393538721672008
1.9290929654977997
2.1868085945630504
1.8016094970590275
1.360964047443681
2.7777768114567865
2.1815525171888464
2.660129752633257
2.647592147308496
2.1815525171888464
2.5709505944546684
2.608694969562842
1.6805563732659934
1.5055213905049434
1.145235779471061
0.5304060778306042
0.6784070909375675
1.5693078231812962
1.1254908068679135
1.9387084972868345
1.9942994759573032
2.557727778739319
2.816340113853408
1.883393360553816
1.1400677626718572
1.278897902987479
0.7424875695421236
1.2086489509530647
1.360187786558975
1.7464353842388936
1.6760150508789762
2.199086165113526
1.679822907155627
2.039353872167201
3.016875695766564
1.7187828921272554
1.8523834281096838
1.9490652506731931
1.8977005712161519
1.6758220575766962
1.8679653582397104
1.9533630555511985
1.8716166133347634
1.8316148436497122
1.1766796675107107
0.9927744539878083
1.2448406699719212
1.2108100261060328
1.4141232672332973
1.5430224942057837
1.5430224942057837
2.905764584655453
1.7039238326800505
1.5699333799331336
1.9136127109854788
2.4322574485535142
0.9774178175281716
2.636056086195823
1.1238561897747248
1.9393538721672008
2.176908169168578
0.8929427417665807
1.7209480533797532
1.4932133643654213
1.6783898247235196
1.834419444925215
1.9504809632118367
1.2332247882202196
1.1542221846835221
2.4464393446710155
2.752727375404943
1.4619011889093374
1.5179159574361383
1.2192407046368487
1.7758389898204614
2.337039055975368
1.3058237841991034
2.7199376491315292
2.5686734887095315
1.4854752972273344
3.1464393446710153
2.8659573209491747
1.785482403910724
2.288019280279689
2.224394445405986
1.7642045065086203
2.0132790219068077
2.928051095851905
1.54515219719895
2.663865121950854
2.3718956694089632
2.3920788329783202
1.8895782867502309
1.2326602568158205
2.300474077905956
2.421127473337187
2.1464393446710153
2.224601752714581
2.816340113853408
3.127986806877675
2.2588718484453603
2.4659573209491747
2.1464393446710157
1.6577427265048887
1.460708372617063
1.698594809477644
2.223219672335508
2.0413689557909422
2.3246962500273978
1.9248240667373948
3.2608281712244556
2.905764584655453
1.275162982784857
0.7335379291086666
1.275162982784857
2.1577174691301484
1.3905947735954434
0.9691585931425968
1.4911148500551858
0.7939924338116537
2.3659573209491747
2.4282129458410013
2.4410685859554375
1.722266311943983
1.9696492619749455
2.016875695766564
2.203287297623946
3.169925001442312
2.8016094970590277
1.6783898247235196
1.9128876215181603
2.1577174691301484
1.9128876215181603
2.146208911614715
1.5288018145253182
1.8410849805739489
1.842737648613667
2.5464393446710156
2.437065831519022
2.5226203095310216
1.8016094970590273
1.6525939152501616
2.7846347881856794
2.1464393446710157
3.046439344671015
1.949137865273585
2.6096431178251764
2.863826390090816
1.749636557720882
2.088376371734507
1.9732285161344474
2.6416041678685938
1.590468570732828
2.0532635745669556
2.838546447393489
2.019035274338866
2.4199529064161323
1.0529407605626346
1.5737888130660205
2.147348781633051
2.3016094970590273
1.991571439586909
2.1418215960223486
1.8638263900908156
1.8751310486364097
2.5639445250012964
0.9780155566622414
1.8092830792973653
2.2588718484453603
2.2731433025221897
2.5991701534925893
2.041814515501815
2.1470776733965518
2.187981961474237
2.1992330462696437
1.7779849042597489
1.8024212838293647
1.8892464285091581
2.979576983376101
2.2806390622295662
1.7382689280764647
1.5546097612655667
2.3522170014624826
2.3522170014624826
2.3522170014624826
2.3522170014624826
2.3522170014624826
2.3522170014624826
2.3522170014624826
2.3522170014624826
2.3522170014624826
2.3522170014624826
2.3522170014624826
2.3242764617775693
1.5546097612655667
1.4717374334224662
1.5275070675902451
1.2108100261060328
1.0389205950315936
2.7045348998193433
2.452819531114783
1.4197367178034825
1.67071450648479
1.9830841641434374
1.2970892603744264
0.8112781244591328
0.954434002924965
1.7360411676599226
1.8565647621309542
1.7263472243434208
1.014097655573916
1.7187828921272554
2.289432036254818
0.9055872616982603
1.9746017527145814
1.626688849701832
1.2475562489182659
2.707282064282346
2.111636870709878
2.1737949406953985
2.577819531114783
2.0306390622295662
2.225610814520738
1.3135537667834476
0.8795064608120066
0.6631968402398287
1.331852677946719
0.9386146713867651
2.094856783548739
2.4056390622295662
0.6998428398862386
0.7870046561900532
1.3284807255676316
0.9274479232123118
1.49692754611459
2.794653473544342
2.6539712570729352
2.7744019192887706
2.057924310831006
2.125
2.072905595320056
0.7538275145266042
1.8980933736695382
0.9293636260137187
1.2977968115985956
1.2594585543875694
0.988180837004676
0.6402064333604701
1.6737949406953985
1.3244602933016414
1.6737949406953985
0.9463729359854419
1.9669171866886992
1.5676898236494567
0.5293608652873644
0.6962122601251458
1.784315128855494
1.7947367178034825
3.087496761102214
2.702819531114783
2.492203107205413
2.5709505944546684
2.452819531114783
2.3224820436449423
2.654255313215029
2.4164997849817103
2.224601752714581
2.35845859334435
1.6038561897747248
1.4516607643577664
1.7735572622751854
1.439254017211876
2.4772170014624826
1.4966407621868583
1.7028195311147831
2.021782221599798
1.6633726580786887
1.7263472243434208
1.9918642483937372
1.5847326266676518
1.858744145954932
1.4313076001654323
1.5568709330730448
1.7806390622295665
2.0131324651707385
1.8552419173638843
2.1556390622295662
1.9056390622295665
2.061278124459133
1.5628066316931741
1.5306390622295665
1.4633131163503208
2.0216148719112956
1.8175207502622108
1.6925786457610765
1.4652556501132248
2.311278124459133
1.936278124459133
1.6774212838293647
1.5574319619297041
1.9830007956365687
1.7083236395118158
1.7259164070580522
2.5443683177191723
2.288019280279689
1.492675396077982
1.8068564851836912
1.6424239617719751
1.5197284615795614
1.8024212838293647
1.8574221168384881
1.7633584292311082
1.875
1.7169171866886992
2.4248356349861986
2.3515937233487554
1.7961796919474975
1.795682898351103
1.3663146570363986
3.146286370662105
1.1595547523787308
0.9366673818775626
1.4256051990169438
1.6266144718101818
2.019079840822976
1.6137129703673825
1.731360029190912
1.7947367178034825
2.1739731346044096
1.3716407621868583
1.3244602933016414
1.0762976257251988
1.103307408607834
1.186278124459133
2.25
1.5589385323502774
1.6253785496437985
2.0524212838293647
2.0524212838293647
2.1800365325772657
1.7489992230622806
1.7489992230622806
1.927451224964519
1.6282202760321463
2.827819531114783
1.4836591643979626
1.5628066316931741
1.675143246409987
2.202819531114783
2.789898095464287
2.1800365325772657
2.8430741894285694
2.6225797618424918
2.7542944491633388
2.7786885704510973
2.729573958513622
2.7407934129929585
2.8713149750111677
2.7542944491633388
2.9707667494790817
2.7407934129929585
2.8713149750111677
2.7407934129929585
2.8713149750111677
2.7407934129929585
2.8713149750111677
2.7407934129929585
2.7744210128567874
2.7542944491633388
2.8795503937029188
2.7407934129929585
2.7744210128567874
2.7407934129929585
2.8713149750111677
1.579434002924965
2.016875695766564
2.206238928653389
2.313549969462972
2.130926080730337
2.169925001442312
2.169925001442312
2.169925001442312
2.169925001442312
2.169925001442312
2.952819531114783
2.040223928941852
2.6022170014624826
2.3935823097180293
2.189541517339139
2.827819531114783
2.521620255699739
1.986314908463603
2.4193819456463714
2.875
2.8773073873513972
2.513639912208212
2.9906015629507228
2.9906015629507228
2.9906015629507228
2.9906015629507228
2.9906015629507228
2.9906015629507228
2.9906015629507228
2.9906015629507228
1.439254017211876
1.9197367178034825
1.5487949406953985
1.7382689280764645
1.96981578242681
1.8050365325772657
1.5798634010685344
2.0021722231837638
2.5304930567574826
2.1806674952751135
1.8050365325772657
2.224601752714581
2.4387439204017474
2.5785519909913264
2.25
2.755911328654937
1.75
2.2146939516467024
2.148973664157402
3.0
2.6337314206421327
2.107735252622104
2.5944825065194204
2.827819531114783
2.413833863973601
2.202819531114783
2.1556390622295662
2.1030774915081234
2.577819531114783
1.0
0.9819407868640977
2.1967916319816365
2.0300872246321315
2.256564762130954
2.126688849701832
2.9113898165776413
2.752730516782988
2.667021926746606
1.6578764348499595
2.742411731781963
2.380430487800112
1.5461796919474975
2.7400821337069226
1.456564762130954
2.865576855207248
1.0
1.4466166676282082
1.9528195311147831
2.3522170014624826
1.6589797521242051
1.6774212838293647
2.952819531114783
0.6685644431995964
2.116299605701696
2.73345859334435
0.8315435491770659
0.9405662399881731
1.9211796919474975
1.271782221599798
1.9211796919474975
2.10845859334435
2.6556390622295662
2.1901966900701613
1.6337314206421327
1.8946974349561372
2.86924798270849
2.224601752714581
2.0327908360304243
2.7933451941915166
0.996316519558962
3.25
3.0363722498302237
3.0683298630493216
2.375
1.2987949406953985
2.6296411832745967
2.702819531114783
1.9182958340544893
2.401058322494375
2.176908169168578
2.0550365325772657
2.35274578087187
2.656564762130954
2.1800365325772657
2.875
2.406666316740689
1.8496017527145814
0.9912642605354288
1.626688849701832
2.610577243331642
2.699513850319966
2.378783493486176
2.5216406363433186
1.863120568566631
2.4159220638351666
2.699513850319966
2.311278124459133
2.5306390622295662
2.610577243331642
1.924174352300441
1.5216406363433184
1.7803946541231945
2.023431269560595
2.8962915290459277
2.8962915290459277
1.7783283537314114
1.8716022614097982
1.4838317068446891
1.3752793655393791
2.217021885879718
1.1981174211304033
1.626688849701832
0.9852281360342515
1.626688849701832
1.965596230357602
1.8016094970590275
1.6894822670191825
2.4137995646056805
1.532914563979398
1.7244078178625923
2.35274578087187
2.4402239289418524
1.870253816431622
2.5495234595978324
2.5
2.0419460322060456
2.217021885879718
1.2060026902433667
1.626688849701832
1.7272486062639207
0.863120568566631
2.1179631753145163
0.74959525725948
1.4299111709758698
1.1997035347085903
0.6998428398862386
0.863120568566631
2.270942421748537
0.9463729359854419
2.472905595320056
1.2916919971380596
1.610577243331642
1.483831706844689
1.8322488896002305
1.4345491399952024
1.9211854965885542
1.7273966735744792
1.0892300788425848
1.2916919971380596
2.6892464285091577
1.2916919971380596
1.4516607643577664
0.8841837197791889
1.610577243331642
1.0389205950315936
0.6962122601251458
0.8451064151274781
1.950212064914747
1.5546097612655665
1.3640054628542206
1.6893917467430875
0.9366673818775626
0.9055872616982603
1.9528195311147831
2.013132465170739
1.1488348542809166
1.5546097612655667
1.103307408607834
2.1179631753145163
2.270942421748537
2.378783493486176
2.48345859334435
2.7534343861887853
2.1280852788913944
2.155968102145908
2.041814515501815
2.3522170014624826
2.699513850319966
1.809200032697812
1.9211854965885542
2.305958492868042
2.649397470347699
2.901806651913759
0.5916727785823275
0.35335933502142136
0.9141828384352135
0.8030717273241024
1.2916919971380596
0.9612366047228759
0.9000224216483541
1.2309595631140104
1.158938532350277
0.6665783579949205
1.7489992230622806
2.8073549220576046
0.9852281360342515
1.9301249653149701
2.0670314951575843
2.610577243331642
2.8073549220576046
2.0892446619882707
1.9301249653149701
1.3420192178195207
2.3248629576173565
2.406666316740689
2.1280852788913944
1.5916727785823275
1.924174352300441
1.7489992230622806
2.263809173883546
1.7783283537314114
1.6893917467430877
2.0634582986483037
2.275458322114696
1.7244078178625923
2.332914563979398
1.9852281360342514
1.2475562489182659
1.9628066316931743
2.699513850319966
2.9870900416203345
2.5495234595978316
2.217021885879718
2.2359263506290326
2.263809173883546
1.626688849701832
1.7208930644910925
2.339261065733564
1.9852281360342516
2.1820058147602133
1.863120568566631
1.9211854965885542
1.3346791410515946
1.6879430945989
1.3986615734080916
1.419556298571613
2.040223928941852
1.0389205950315936
1.2366407419411674
1.640223928941852
1.6644977792004614
1.7534343861887849
1.3716407621868583
1.949137865273585
1.9746017527145814
1.6493974703476992
1.2010947341319422
1.0
2.0202442071537563
2.4662478973127313
2.472905595320056
1.4674579648482995
1.9301249653149701
1.3244602933016414
2.1209520310264036
2.8962915290459277
2.378783493486176
2.599581230646064
2.3787834934861753
2.2359263506290326
2.399397470347699
2.1209520310264036
2.35845859334435
2.702819531114783
2.702819531114783
2.702819531114783
2.4677201004744997
1.9852281360342514
2.0741647430225756
2.224601752714581
1.1595547523787308
1.4299111709758698
1.2060026902433667
1.1981174211304033
0.9463729359854419
0.9182958340544896
2.17403586834798
1.103307408607834
1.6500204933357747
1.790492223970158
1.7272486062639207
0.9967916319816366
0.74959525725948
1.626688849701832
2.1179631753145163
1.6893917467430877
2.610577243331642
3.125729002470866
2.4677648376739314
1.371314688649721
1.7382689280764647
1.1525436192937308
1.086987702339905
1.6266888497018317
0.37123232664087563
1.0949143184120975
0.9912642605354288
2.4159220638351666
1.871602261409798
1.9211796919474975
2.610577243331642
2.6841837197791887
2.5928501318584614
2.7768692507157446
2.1055872616982603
2.699513850319966
1.7720772537350808
2.8729055953200557
2.4943865446197475
2.217021885879718
2.8744934713060357
2.4137995646056805
2.3787834934861753
2.0931254962522603
2.0225797618424917
1.2958363892911637
1.8423709931771088
2.521640636343318
2.521640636343318
1.863120568566631
1.6625056054120886
2.5495234595978324
1.6893917467430877
2.406666316740689
2.311278124459133
2.469670487371862
3.1792748986720527
2.699513850319966
2.7898980954642867
2.1737949406953985
2.6022170014624826
2.197159723424149
2.6644977792004614
1.516468623731106
2.2577560641285177
2.4339645644232903
1.271782221599798
1.4516607643577668
0.5665095065529053
1.3143204867061788
1.9068905956085187
1.6804820237218405
2.1179631753145163
2.020800094781482
1.809200032697812
1.809200032697812
1.809200032697812
1.2916919971380596
1.610577243331642
1.7783283537314114
1.9211854965885542
1.3752580686696534
1.7232314287976205
1.2870540281187268
1.483831706844689
0.8366407419411672
1.7720744553985661
1.3699740752745009
1.936278124459133
1.8983581552552022
1.8352377453121174
2.6644977792004614
1.1994602933016414
0.6998578570269279
0.6500224216483541
2.640521962682592
1.962806631693174
1.5485806065228545
2.0930692077718898
1.9301249653149701
2.699513850319966
2.610577243331642
1.8565647621309542
2.274397470347699
2.1179631753145163
1.6894822670191825
1.9056390622295665
1.9836369220739454
1.9751060324573733
1.5306189948485172
2.1209520310264036
2.5527241956246547
2.040223928941852
1.9852281360342514
2.1179631753145163
2.35274578087187
2.1967916319816365
2.09676517814858
1.4572659136233872
2.2860158852840944
1.8352377453121174
2.4137995646056796
2.8962915290459277
2.7333716642706998
2.1280852788913944
2.5216406363433186
2.7534343861887853
2.5216406363433186
2.5216406363433186
2.5216406363433186
3.077819531114783
3.077819531114783
2.8962915290459277
1.5566567074628228
1.5566567074628228
1.7884504573082896
1.5566567074628228
1.5566567074628228
1.5566567074628228
1.8810947601100747
1.5566567074628228
1.5566567074628228
2.263809173883546
2.399397470347699
2.186278124459133
1.7244078178625923
2.021782221599798
2.8000446184790095
2.610577243331642
2.4332062193464954
2.8962915290459286
1.495533579025972
1.921383863609631
1.5744840259868735
1.5241695235278405
1.5744840259868735
2.456976366086968
2.263809173883546
1.889246428509158
0.6998428398862386
2.4807632180918247
1.3346791410515946
1.5744174271404585
0.9967916319816366
2.467720100474499
2.584023687015089
2.521640636343318
2.4248356349861986
2.4677201004744993
2.610577243331642
2.3248629576173565
2.146782221599798
1.4299111709758698
2.263809173883546
2.467720100474499
2.5495234595978316
2.406666316740689
2.0741647430225756
2.5442069622291097
2.521640636343318
2.4137995646056796
2.1492553971685
2.521640636343318
2.609850166028943
2.7045348998193433
2.0670314951575843
2.2043000701114575
2.005977711423774
2.217021885879718
2.005977711423774
2.3522170014624826
1.965596230357602
2.41379956460568
2.0202442071537563
2.5495234595978324
1.3787834934861753
1.9852281360342514
2.789898095464287
2.8073549220576037
2.8073549220576037
2.5527241956246547
2.502736171594004
2.610577243331642
2.155968102145908
1.7884504573082896
1.4315602842833157
1.4197367178034825
1.6998025237576593
1.6403360647604435
1.5943029514736249
1.1216407621868583
2.396782221599798
2.1559681021459074
2.155968102145908
1.7884504573082893
1.994299475957303
2.155968102145908
1.7961796919474975
2.4677201004744993
2.378783493486175
2.6644977792004614
2.699513850319966
2.1280852788913944
2.2256051990169436
2.8962915290459277
2.610577243331642
2.5216406363433186
3.09306920777189
2.5073801024236357
1.9015064025015063
1.870253816431622
2.263809173883546
1.7783283537314114
2.35274578087187
2.7534343861887853
2.950212064914747
1.7496365577208821
1.9887513942845323
2.4137995646056805
2.5495234595978316
2.699513850319966
2.467720100474499
2.699513850319966
2.6644977792004614
2.1055872616982603
2.8073549220576046
1.9528195311147831
2.610577243331642
2.609850166028943
2.3522170014624826
2.186704345910025
2.2569089895583545
2.827819531114783
2.077819531114783
1.7961796919474975
2.467720100474499
1.9211796919474975
1.7884504573082896
2.521640636343318
2.263809173883546
2.2062389286533897
2.0930692077718898
2.5495234595978324
1.7651875166308497
2.7898980954642876
2.0741647430225756
1.8565647621309542
2.467720100474499
2.610577243331642
2.3068905956085186
2.577819531114783
1.9211854965885542
2.521640636343318
2.680743181758989
2.120952031026403
2.35274578087187
2.155968102145908
1.8423709931771084
2.8729055953200557
2.35274578087187
1.9301249653149701
1.5546097612655667
1.4299111709758698
2.4137995646056805
2.35274578087187
2.485475297227334
2.1820058147602133
1.894273869771264
2.209888638014727
2.217021885879718
3.1651849881721734
2.6644977792004614
2.5495234595978324
2.699513850319966
2.0670314951575843
3.0565647621309537
1.9211854965885542
2.1464657985040723
2.685815709153031
2.610577243331642
2.610577243331642
2.1179631753145163
2.7534343861887844
1.877387064296613
0.8366407419411672
1.8322488896002305
2.8073549220576046
2.472905595320056
2.5313215137536735
2.521640636343318
2.35274578087187
2.35274578087187
2.8073549220576046
2.610577243331642
2.217021885879718
2.8962915290459277
2.610577243331642
2.452819531114783
2.199687794731328
2.4677201004744993
2.5216406363433186
2.263809173883546
2.48345859334435
0.7355085815538398
2.35274578087187
2.950212064914747
2.950212064914747
1.7055872616982601
2.48345859334435
1.4488156357251847
1.2389012566026305
2.8962915290459277
1.9986525468781666
2.35274578087187
2.120952031026403
2.1055872616982603
2.5027361715940035
2.610577243331642
2.684017280829845
2.378783493486176
2.4159220638351666
1.8895782867502309
2.5995812306460646
2.952819531114783
1.877387064296613
2.0458416408851736
2.485526074763635
2.1820058147602133
1.924174352300441
2.5856964383664147
2.4656391990012896
2.22327156596545
2.3292287775871214
2.699513850319966
1.5306189948485172
1.5216406363433184
3.292481250360578
2.263809173883546
2.4772170014624826
2.199082295352821
2.4677201004744993
2.5495234595978316
2.923231428797621
2.950212064914747
2.8962915290459277
2.7314971497132157
2.1559681021459074
2.0670314951575843
1.69820609619644
2.35274578087187
0.9182958340544896
0.9182958340544896
2.886842188131012
3.09306920777189
2.2592703980420357
2.5126012561274513
2.649397470347699
2.523231428797621
2.8962915290459277
2.0670314951575843
2.5566567074628233
2.7045348998193433
2.85845859334435
2.2892464285091583
1.8773870642966133
2.8073549220576046
2.1492553971685
1.6049355947431312
2.072905595320056
2.399397470347699
2.33012496531497
2.610577243331642
2.063458298648303
2.380430487800112
2.1492553971685
2.298852726158181
3.2332062193464948
2.5216406363433186
2.195461844238322
1.8776205033895346
2.4137995646056805
2.8630945514207635
2.8962915290459277
2.707361328242848
2.8962915290459277
2.8073549220576037
2.2577560641285177
2.2577560641285177
2.2577560641285177
2.117492461184755
1.6140054628542204
1.3250112108241772
1.3250112108241772
1.9986525468781666
1.6854752972273346
2.188721875540867
2.188721875540867
1.0408520829727552
0.6500224216483541
2.0885120414797367
2.2892464285091583
2.1209520310264036
2.084962500721156
1.760495029766198
1.676737030052133
1.7273966735744792
1.2638091738835462
1.2638091738835462
1.6258145836939115
1.7273966735744792
1.4315602842833157
1.8801799226757383
1.760495029766198
1.760495029766198
1.4591479170272448
1.2475562489182659
1.2957378005380122
1.7841591278514217
1.5783898247235197
1.5744174271404585
1.7273966735744792
1.4079824483474699
1.9182958340544893
1.2638091738835462
1.2806721295208872
1.2957378005380122
1.2806721295208872
1.7130788426267936
1.6258145836939115
1.5306189948485172
1.2475562489182659
1.760495029766198
2.0713451397302376
1.7841591278514217
1.6087001655198914
2.038159681645953
2.005977711423774
1.8464393446710154
1.4652556501132248
1.4591479170272448
1.922023142851573
1.4913146570363986
1.4591479170272448
1.2957378005380122
1.3516441151533924
1.6063789506562658
1.5744174271404585
1.2309595631140104
1.760835283310187
1.7219280948873623
0.9798687566511528
0.863120568566631
1.2532975784630431
1.727396673574479
2.094856783548739
1.4591479170272448
1.4591479170272448
1.4591479170272448
1.4591479170272448
1.4591479170272448
1.4591479170272448
1.4591479170272448
1.4591479170272448
1.4591479170272448
1.4591479170272448
1.2916919971380596
1.3346791410515946
0.9912642605354288
1.2389012566026305
0.6402064333604701
1.0408520829727552
0.39124356362925566
1.0408520829727552
1.0408520829727552
0.7793498372920851
1.5589385323502771
1.2516291673878228
1.0529407605626346
0.35335933502142136
1.2806721295208872
1.7295739585136223
1.384431504340598
1.7295739585136223
0.41381685030363374
1.4182958340544896
1.3663146570363986
1.3244602933016414
0.9182958340544896
1.198183947911799
1.4591479170272448
1.2806721295208872
1.2916919971380596
1.188721875540867
1.0408520829727552
1.4652556501132248
1.198183947911799
0.7793498372920851
1.1595547523787308
1.3520301017579528
1.2389012566026305
1.1488348542809166
1.6140054628542204
1.2389012566026305
1.7295739585136223
0.6500224216483541
0.7793498372920851
1.0408520829727552
0.6193821946787638
1.0377724203178629
0.37123232664087563
0.8166890883150209
0.5032583347756457
0.37123232664087563
0.8166890883150209
0.988180837004676
0.5665095065529053
0.9141828384352135
1.227402569259248
1.0408520829727552
0.8112781244591328
0.6500224216483541
0.9912642605354288
0.6685644431995964
1.0408520829727552
1.061278124459133
1.7272486062639207
1.4591479170272448
2.292481250360578
2.270942421748537
2.345851989338261
0.9852281360342515
1.5
1.7381493331928664
1.3250112108241772
1.4182958340544896
0.8739810481273578
0.6193821946787638
1.0408520829727552
1.7273966735744792
1.4730625251576481
1.0408520829727552
1.3764930555004327
1.086312840741288
0.8112781244591328
1.0408520829727552
0.7732283485249176
0.8112781244591328
1.2916919971380596
1.626688849701832
0.9182958340544896
1.384431504340598
1.610577243331642
1.5737888130660205
0.7024665512903903
1.6143308351592656
2.5726236638951634
2.1820058147602133
1.7170407814747584
1.573402452417767
1.2806721295208872
1.2806721295208872
2.2516291673878226
1.4591479170272448
2.257856063692049
1.6691803368667308
2.2516291673878226
1.8812908992306925
2.084962500721156
1.9591479170272448
2.345851989338261
1.8879185026711327
1.7841591278514217
2.084962500721156
1.7841591278514217
1.7841591278514217
1.823067982273661
2.084962500721156
1.7381493331928664
2.188721875540867
2.4182958340544896
2.4182958340544896
1.41379956460568
1.6493974703476992
0.8166890883150209
1.5389019762098104
1.4833557549816874
1.3346791410515946
1.3520301017579528
2.345851989338261
1.676737030052133
2.35274578087187
2.188721875540867
2.2516291673878226
1.760495029766198
2.345851989338261
2.038159681645953
2.084962500721156
2.1492553971685
1.9591479170272446
2.1174924611847548
2.7516291673878226
1.9182958340544893
2.038159681645953
1.1981174211304033
1.6691803368667308
2.4182958340544896
2.084962500721156
2.5220552088742
2.074164743022575
1.809200032697812
1.2806721295208872
0.9798687566511528
1.5465935642949382
1.6258145836939115
1.731082926683161
1.3250112108241772
2.320075382754602
1.7489992230622806
1.4591479170272446
2.4182958340544896
1.676737030052133
1.95006375643621
1.6266888497018317
2.188721875540867
1.7841591278514217
1.7055872616982601
2.0741647430225756
1.760495029766198
1.7841591278514217
1.7841591278514217
2.188721875540867
2.292481250360578
1.7841591278514217
1.7841591278514217
0.9182958340544896
1.5304930567574826
2.2841591278514217
1.8628214475995342
1.4619011889093374
2.188721875540867
1.3250112108241772
1.584962500721156
0.9912642605354288
2.199687794731328
2.188721875540867
1.7841591278514217
2.038159681645953
2.084962500721156
1.7841591278514217
2.1470776733965518
2.1209520310264036
1.7537177597398574
1.9591479170272446
1.419556298571613
1.647730922119161
2.063202513215852
1.7295739585136223
0.9864267287308424
1.5465935642949382
1.6140054628542204
0.8904916402194913
2.133937566094917
2.3029049617137156
2.4182958340544896
1.0
1.610577243331642
1.1956217818146277
1.5545851693377994
1.6258145836939115
1.0
1.6758220575766962
2.551026636617178
1.924174352300441
1.9591479170272446
1.6140054628542204
1.54515219719895
1.54515219719895
1.9877733714879842
2.188721875540867
0.8166890883150209
0.39124356362925566
0.8166890883150209
1.573402452417767
1.823067982273661
2.038159681645953
1.8464393446710154
1.7841591278514217
2.270942421748537
2.4591479170272446
1.9591479170272446
1.9182958340544893
0.8112781244591328
0.7732283485249176
1.0408520829727552
1.0408520829727552
1.0408520829727552
0.9456603046006401
1.4182958340544896
0.5032583347756457
1.2332247882202196
0.9912642605354288
1.198183947911799
2.345851989338261
2.4182958340544896
1.924174352300441
0.8112781244591328
0.5032583347756457
1.3520301017579528
0.37123232664087563
1.9591479170272448
2.4182958340544896
2.4182958340544896
1.5510981710072647
1.3541859576379551
1.5
1.8262452584026092
1.6140054628542204
0.8166890883150209
0.5665095065529053
0.8112781244591328
0.6500224216483541
0.9912642605354288
1.7924812503605778
2.467720100474499
2.084962500721156
2.0458416408851736
2.4182958340544896
2.117492461184755
1.7272486062639207
1.6644977792004614
1.6049355947431312
1.6644977792004614
1.6049355947431312
1.765246528378741
1.765246528378741
1.6644977792004614
1.6049355947431312
2.448815635725185
2.2577560641285177
2.5654483718208256
2.016875695766564
1.7381493331928664
1.8553885422075338
2.1619781796795534
2.2516291673878226
1.0949143184120975
1.7841591278514217
1.7295739585136223
1.272905595320056
1.6691803368667308
1.8879185026711327
1.4572659136233872
1.188721875540867
1.7295739585136223
1.188721875540867
1.9591479170272446
1.4604846813131116
1.4833557549816874
1.5727041415453689
1.7344267600244314
1.7344267600244314
1.7344267600244314
1.7344267600244314
1.7344267600244314
2.2516291673878226
2.3745560483818835
2.1908887189090462
1.3250112108241772
2.4182958340544896
2.4182958340544896
2.288019280279689
2.5220552088742005
1.3981103143109408
1.4833557549816874
0.9709505944546686
0.8658566174572235
2.2516291673878226
2.4182958340544896
1.9182958340544893
1.5545851693377997
2.084962500721156
2.292481250360578
2.4182958340544896
1.626688849701832
2.80649852879183
1.6893917467430877
2.133937566094917
1.9591479170272446
1.7841591278514217
1.7295739585136223
1.7295739585136223
1.8423709931771088
1.95006375643621
2.436661422561559
2.232534730907919
2.3527276987830334
2.5509819389508466
1.9591479170272446
1.5216406363433184
1.6258145836939115
1.2958363892911637
2.5073801024236357
1.0408520829727552
2.7516291673878226
2.218378281790496
2.1559681021459074
2.35274578087187
2.218378281790496
1.7841591278514217
1.823067982273661
1.3250112108241772
2.188721875540867
2.038159681645953
2.0662478973127314
2.469670487371862
1.8879185026711325
1.7841591278514217
1.9591479170272446
2.5220552088742
2.5220552088742
2.4677201004744993
1.7295739585136223
1.9591479170272448
2.257856063692049
2.6319303770580795
2.063865121950854
2.345851989338261
2.4182958340544896
1.7349112826910291
2.406666316740689
2.345851989338261
1.0408520829727552
1.5465935642949382
2.3157022644468648
2.2359263506290326
1.7841591278514217
2.1920058354921066
1.8810947601100747
2.4137995646056805
0.39124356362925566
0.6500224216483541
0.7742433029172697
0.8343470230852538
0.6292492238560345
1.6258145836939115
2.188721875540867
1.9591479170272446
2.3295365591719617
1.4182958340544896
1.0408520829727552
1.198183947911799
1.9591479170272446
1.95006375643621
2.188721875540867
2.5220552088742
1.3221793455166666
0.9798687566511528
1.8843135277997989
2.2359263506290326
1.6140054628542204
1.8553885422075338
1.6203352658383443
1.7884504573082893
1.7295739585136223
1.6049355947431312
1.0408520829727552
1.610577243331642
0.6193821946787638
0.6500224216483541
2.5220552088742
0.9402859586706311
1.188721875540867
2.5654483718208256
2.1619781796795534
2.345851989338261
2.1339375660949167
2.4137995646056805
1.6258145836939115
1.7263472243434208
1.3250112108241772
1.6258145836939115
1.7884504573082893
1.6258145836939115
1.3346791410515946
2.084962500721156
2.4182958340544896
2.467720100474499
1.789929075309999
2.555913095175825
2.2208556665449257
2.4182958340544896
2.209888638014727
2.1887218755408666
2.2516291673878226
1.9591479170272446
1.4182958340544896
1.657439042450237
0.8314743880097293
1.5545851693377994
1.4591479170272448
1.4591479170272448
1.2806721295208872
1.8879185026711327
1.8423709931771084
1.73105363187439
1.2957378005380122
1.8910933801242993
2.2597992234005675
1.7273966735744792
2.074164743022575
1.7295739585136223
2.038159681645953
1.8843135277997989
1.7783283537314114
1.9591479170272448
2.404678473063571
2.404678473063571
2.2516291673878226
2.4182958340544896
2.751629167387823
2.292481250360578
2.7534343861887844
1.1401156785146092
1.2332247882202196
2.054585169337799
1.0488412604661608
1.965596230357602
2.0486037302133706
2.0833891946586944
2.628934048020606
1.4591479170272448
2.038159681645953
2.751629167387823
2.133937566094917
2.1920058354921066
2.1209520310264036
1.96307418942857
1.3250112108241772
2.084962500721156
2.188721875540867
2.751629167387823
2.038159681645953
2.4116022179746714
2.188721875540867
2.133937566094917
2.188721875540867
2.2577560641285177
1.5
2.067031495157584
2.067031495157584
2.35274578087187
2.4182958340544896
1.9182958340544896
1.54515219719895
2.1349699746039406
1.626688849701832
1.9731318350472025
2.188721875540867
1.6140054628542204
1.9056390622295665
2.5220552088742
2.584962500721156
1.1567796494470395
1.6203352658383443
2.256564762130954
1.5922517106403518
2.188721875540867
2.155968102145908
2.292481250360578
2.2516291673878226
2.4182958340544896
2.188721875540867
2.688721875540867
1.5058231002082845
1.8654371053199075
1.6691803368667308
1.3821022532543101
1.5545851693377994
1.3250112108241772
2.2577560641285177
2.117492461184755
2.5766212201074916
1.8879185026711327
1.6258145836939115
2.6644977792004614
1.8810947601100747
1.6140054628542204
1.4833557549816874
2.2516291673878226
2.188721875540867
2.0207277798007865
2.0741647430225756
1.9312952802328747
2.117492461184755
0.8166890883150209
0.35335933502142136
2.6644977792004614
1.4591479170272448
1.2806721295208872
2.5027361715940035
2.155968102145908
1.4182958340544896
1.9182958340544893
2.4182958340544896
1.9591479170272446
2.4182958340544896
1.8553885422075338
1.8879185026711327
1.1411535278793055
2.5654483718208256
2.038159681645953
2.292481250360578
2.1920058354921066
2.1174924611847548
1.7232314287976207
2.5654483718208256
2.5654483718208256
2.1174924611847548
2.442525740914329
2.4182958340544896
1.4591479170272448
2.007856063692049
2.133919825058653
2.4182958340544896
2.751629167387823
2.5220552088742005
2.4182958340544896
1.5262349099495227
1.4591479170272446
1.948407521677173
1.855388542207534
2.4182958340544896
2.4891793599761654
2.1219280948873624
2.1219280948873624
2.1219280948873624
2.1219280948873624
1.867633890971212
2.1219280948873624
1.7219280948873623
2.0403733936884962
2.1219280948873624
1.1567796494470395
1.7295739585136223
1.1567796494470395
1.9362600275315276
2.1219280948873624
2.1219280948873624
2.2983094013008034
1.4949188482339508
2.1219280948873624
1.0957952550009336
1.1567796494470395
1.1567796494470395
1.7609640474436812
1.0957952550009336
1.1567796494470395
1.1567796494470395
0.6840384356390417
1.0
0.7219280948873623
0.9055872616982603
1.1488348542809166
0.9055872616982603
0.7219280948873623
0.7219280948873623
0.6193821946787638
0.7219280948873623
1.6858157091530304
1.1567796494470395
1.9709505944546688
2.521928094887362
1.9808259362290785
2.1219280948873624
1.5304930567574826
2.1219280948873624
2.7689704621597437
2.521928094887362
1.6858157091530304
2.521928094887362
2.521928094887362
2.1219280948873624
1.4366664819166872
1.295461844238322
1.2516291673878228
1.2516291673878228
1.2516291673878228
1.2516291673878228
1.2516291673878228
1.2516291673878228
1.2516291673878228
1.2516291673878228
1.5709505944546687
1.3221793455166666
1.2516291673878228
1.2516291673878228
1.3709505944546687
1.2516291673878228
1.4256051990169438
1.2516291673878228
1.2516291673878228
1.2516291673878228
1.295461844238322
1.8585552118703144
1.7219280948873623
1.3250112108241772
1.7961796919474975
1.3609640474436813
2.0403733936884962
1.1567796494470395
1.1567796494470395
2.1219280948873624
2.1219280948873624
2.1219280948873624
0.9709505944546686
0.74959525725948
1.4353713907745331
1.1567796494470395
1.1567796494470395
1.014097655573916
1.1216407621868583
1.1488348542809166
1.295461844238322
1.5709505944546687
1.295461844238322
1.2406705316766884
0.9456603046006401
1.5709505944546687
0.6500224216483541
1.0957952550009336
0.7219280948873623
1.4854752972273344
1.5709505944546687
1.188721875540867
1.5709505944546687
1.3609640474436813
1.295461844238322
0.6500224216483541
1.1567796494470395
1.158938532350277
1.2406705316766884
0.9055872616982603
0.9709505944546686
0.9940302114769565
1.1567796494470395
1.6893917467430877
1.5709505944546684
1.8464393446710154
0.9912642605354288
1.7609640474436812
1.6858157091530304
1.7609640474436812
1.676737030052133
1.4488156357251847
2.292481250360578
1.9709505944546688
1.8464393446710154
1.5219280948873621
0.9940302114769565
1.5709505944546687
0.9892452969285004
1.3709505944546687
1.5709505944546687
1.0408520829727552
1.1567796494470395
1.5709505944546687
0.5916727785823275
1.158938532350277
0.8812908992306927
1.3709505944546687
0.7871265862012691
1.8464393446710154
1.3778903318832147
1.2577148214953864
1.295461844238322
1.4911148500551858
1.1567796494470395
1.5709505944546687
1.8464393446710154
1.0
0.9940302114769565
2.2464393446710154
1.295461844238322
1.8464393446710154
1.789929075309999
1.3709505944546687
2.1867043459100244
1.198192411043098
0.9798687566511528
1.9219280948873623
0.8812908992306927
2.007856063692049
1.4854752972273344
1.5219280948873621
1.4911148500551858
1.1567796494470395
0.8112781244591328
1.0957952550009336
1.9709505944546686
1.7609640474436812
0.7219280948873623
2.1219280948873624
1.781937063546704
1.3294340029249652
2.2464393446710154
2.521928094887362
2.1219280948873624
1.8464393446710154
2.5219280948873624
2.2464393446710154
1.8464393446710154
1.1567796494470395
0.6500224216483541
1.5510981710072647
1.3244602933016414
1.1567796494470395
1.0957952550009336
1.1567796494470395
1.5709505944546687
2.2464393446710154
2.2312702546075758
1.4182958340544896
1.3472230399326601
1.5709505944546687
1.7609640474436812
1.4488156357251847
1.5219280948873621
1.0
1.4488156357251847
0.9990797181805819
1.4488156357251847
1.0705047854581835
0.9994110647387552
1.3921472236645345
0.9629004147713269
1.4488156357251847
1.7381493331928661
1.4488156357251847
1.4488156357251847
0.8683927290103626
0.9709505944546686
1.188721875540867
1.1567796494470395
1.1567796494470395
0.8516867330966488
0.6500224216483541
0.7219280948873623
0.9709505944546686
0.8343470230852538
0.5328350630342233
0.8812908992306927
0.9182958340544896
0.9780155566622414
0.7219280948873623
1.0957952550009336
1.5709505944546687
0.6500224216483541
1.2806721295208872
2.4591479170272446
1.7609640474436812
2.141787664262568
1.4353713907745331
1.3609640474436813
1.295461844238322
1.295461844238322
1.7219280948873623
1.295461844238322
1.9712518360044662
1.8464393446710154
1.3609640474436813
1.7219280948873623
2.1867043459100244
1.7609640474436812
2.1219280948873624
2.1219280948873624
1.7219280948873623
1.4911148500551858
1.2406705316766884
1.3485878960124222
1.7609640474436812
1.7609640474436812
0.8812908992306927
0.8812908992306927
0.8366407419411672
1.4353713907745331
0.8453509366224364
1.014097655573916
1.1567796494470395
2.121928094887362
1.41379956460568
2.121928094887362
1.3709505944546687
1.7609640474436812
1.8464393446710154
1.8464393446710154
2.2464393446710154
1.7609640474436812
1.9709505944546686
2.121928094887362
1.7609640474436812
1.789929075309999
2.2464393446710154
2.5219280948873624
1.8464393446710154
2.1219280948873624
2.121928094887362
1.9709505944546686
1.8423709931771084
1.8464393446710154
2.5219280948873624
1.3221793455166666
1.5709505944546687
1.3609640474436813
2.5219280948873624
1.1567796494470395
1.1567796494470395
1.5709505944546687
0.74959525725948
1.0529815751302694
1.0957952550009336
1.1567796494470395
1.4854752972273344
0.7219280948873623
1.1567796494470395
1.7609640474436812
0.7219280948873623
0.7219280948873623
1.0957952550009336
1.5709505944546687
1.1567796494470395
1.4353713907745331
1.0957952550009336
1.1567796494470395
1.7609640474436812
1.1540157730728
0.6840384356390417
1.7609640474436812
2.299896391167891
2.121928094887362
1.9219280948873623
1.7609640474436812
2.246439344671016
1.6143308351592656
1.823067982273661
2.1219280948873624
2.0403733936884962
2.4113941770974745
1.8585552118703144
1.4949188482339508
1.9362600275315274
1.9259785981781428
1.7609640474436812
2.1219280948873624
1.8464393446710154
2.121928094887362
2.1219280948873624
2.2464393446710154
1.6858157091530304
1.9362600275315274
1.9362600275315274
1.6858157091530304
1.6805563732659934
1.2406705316766884
1.2406705316766884
1.404678473063571
2.1219280948873624
1.8464393446710154
1.6858157091530304
1.2406705316766884
1.4838317068446891
1.5219280948873621
1.5219280948873621
1.5219280948873621
1.3609640474436813
1.6143308351592656
1.6143308351592656
1.5219280948873621
1.8464393446710154
2.1219280948873624
2.0403733936884962
2.5219280948873624
1.877387064296613
2.1219280948873624
1.8496017527145812
1.8496017527145812
1.8496017527145812
2.2312702546075758
1.4911148500551854
1.8496017527145812
1.4911148500551854
1.4911148500551854
1.8496017527145812
2.5219280948873624
2.521928094887362
2.1055872616982603
1.1567796494470395
1.7609640474436812
1.3485878960124222
1.8464393446710154
1.3709505944546687
1.3221793455166666
0.9709505944546686
1.7609640474436812
1.5709505944546687
1.5709505944546687
1.8464393446710154
1.0957952550009336
1.5709505944546687
1.5709505944546687
0.9709505944546686
1.7609640474436812
1.1216407621868583
1.5709505944546687
1.1567796494470395
1.8464393446710154
1.4854752972273344
1.3244602933016414
1.8464393446710154
1.0408520829727552
1.3250112108241772
1.4353713907745331
1.5219280948873621
0.9709505944546686
0.8257243385804642
1.3092966682370037
0.8812908992306927
1.4911148500551858
1.1567796494470395
1.4854752972273344
1.295461844238322
0.6840384356390417
1.8464393446710154
1.295461844238322
0.8812908992306927
1.6858157091530304
1.0957952550009336
1.4911148500551858
1.3221793455166666
1.3485878960124222
1.8464393446710154
1.8464393446710154
1.3485878960124222
1.5709505944546687
1.0
1.5709505944546687
1.5709505944546684
1.8464393446710154
1.9219280948873623
2.521928094887362
1.789929075309999
1.4353713907745331
1.823067982273661
1.9709505944546686
2.1180782093497093
1.3092966682370037
1.3250112108241772
2.1219280948873624
1.3221793455166666
1.5709505944546687
1.7609640474436812
1.7609640474436812
1.7609640474436812
2.2464393446710154
2.121928094887362
2.121928094887362
2.1219280948873624
1.8464393446710154
2.1180782093497093
2.481714572986073
1.2516291673878228
1.3709505944546687
1.4353713907745331
1.2406705316766884
1.6627992560224794
0.6500224216483541
1.5709505944546687
1.3485878960124222
1.3221793455166666
1.1867043459100246
1.3709505944546687
1.0957952550009336
0.7219280948873623
0.7219280948873623
1.2806721295208872
0.8453509366224364
0.9664516287472262
0.7219280948873623
2.246439344671016
1.295461844238322
1.7609640474436812
1.3609640474436813
1.3609640474436813
1.7609640474436812
1.3092966682370037
1.7609640474436812
1.4854752972273344
1.7306502730537434
0.9709505944546686
2.1567796494470395
1.5709505944546684
1.8290328929684438
1.3609640474436813
2.121928094887362
2.0403733936884962
0.9456603046006401
1.188721875540867
1.3221793455166666
1.8464393446710154
1.295461844238322
1.7295739585136223
1.8795324387773653
1.7219280948873623
1.7779849042597489
1.9877733714879842
2.17822458706733
2.100426796362204
1.7779849042597489
2.3366679697335098
1.9591479170272446
1.7779849042597489
2.220429781138912
1.7779849042597489
2.280787654949452
1.7779849042597489
1.7779849042597489
1.7779849042597489
1.7779849042597489
2.164579634291882
2.0514164481008406
1.7779849042597489
2.1219280948873624
1.9677113035907456
1.8262452584026092
1.4854752972273344
1.867633890971212
1.8464393446710154
2.1219280948873624
2.1219280948873624
1.8464393446710154
2.0403733936884962
1.7609640474436812
2.054585169337799
2.1219280948873624
1.1567796494470395
1.5709505944546687
0.5916727785823275
1.5709505944546687
0.8683927290103626
1.1567796494470395
1.3092966682370037
2.2464393446710154
1.3709505944546687
1.3709505944546687
1.3709505944546687
1.3709505944546687
1.6858157091530304
1.3709505944546687
1.3709505944546687
1.295461844238322
1.3709505944546687
1.7609640474436812
1.7609640474436812
1.3709505944546687
1.3709505944546687
2.521928094887362
2.2464393446710154
0.8812908992306927
1.3709505944546687
0.8812908992306927
1.2361862832554125
1.1567796494470395
0.9886994082884974
0.6500224216483541
1.1567796494470395
0.7219280948873623
1.1567796494470395
0.7219280948873623
1.2406705316766884
1.7295739585136223
1.1567796494470395
0.8453509366224364
1.8464393446710154
1.9709505944546688
2.1180782093497093
2.2464393446710154
2.2464393446710154
1.8464393446710154
2.2464393446710154
1.7924812503605778
1.8464393446710154
2.2464393446710154
1.9219280948873623
1.8464393446710154
1.8464393446710154
1.8464393446710154
1.8464393446710154
2.1219280948873624
1.4854752972273344
1.1567796494470395
1.9219280948873623
1.5709505944546687
1.5709505944546684
1.295461844238322
0.9912642605354288
1.7219280948873623
1.8464393446710154
1.3609640474436813
2.121928094887362
2.121928094887362
2.121928094887362
1.7219280948873623
2.121928094887362
2.121928094887362
2.121928094887362
2.121928094887362
1.8464393446710154
1.8464393446710154
1.8464393446710154
2.1219280948873624
2.521928094887362
1.9076490459916435
2.1559681021459074
2.521928094887362
2.2464393446710154
2.1219280948873624
2.1219280948873624
1.7295739585136223
2.2464393446710154
1.3092966682370037
2.2464393446710154
2.5219280948873624
1.9709505944546686
1.3609640474436813
1.789929075309999
2.1219280948873624
2.1219280948873624
1.9709505944546686
2.1219280948873624
2.1219280948873624
2.2464393446710154
1.6704210255437124
1.8464393446710154
1.7028195311147831
1.7219280948873623
1.8464393446710154
1.4854752972273344
1.9709505944546686
2.321928094887362
2.5503407095463886
2.521928094887362
2.5219280948873624
2.1219280948873624
2.521928094887362
1.2406705316766884
2.5219280948873624
1.676737030052133
2.5219280948873624
1.7609640474436812
1.295461844238322
2.1219280948873624
2.1219280948873624
2.246439344671016
2.188721875540867
1.4854752972273344
2.121928094887362
1.9772170014624826
2.155968102145908
1.8585552118703144
2.2464393446710154
2.246439344671016
1.5709505944546684
1.5709505944546687
1.8464393446710154
2.246439344671016
2.1219280948873624
1.4854752972273344
1.5709505944546684
1.4854752972273344
1.8464393446710154
1.9219280948873623
1.8464393446710154
2.2464393446710154
1.9709505944546688
2.2464393446710154
1.9709505944546686
2.2464393446710154
2.1219280948873624
2.521928094887362
2.299896391167891
2.5219280948873624
1.1241854163060885
1.3752793655393791
1.1567796494470395
1.0957952550009336
0.7642045065086203
0.8812908992306927
1.0408520829727552
0.6840384356390417
0.7219280948873623
1.1567796494470395
1.1567796494470395
1.9219280948873623
1.9219280948873623
1.0957952550009336
1.5709505944546687
1.5709505944546687
1.3609640474436813
1.1567796494470395
1.4911148500551858
1.295461844238322
1.3221793455166666
1.9219280948873623
2.246439344671016
1.7609640474436812
1.1567796494470395
1.4182958340544896
1.7609640474436812
1.9219280948873623
2.1219280948873624
1.6858157091530304
1.7219280948873623
1.922023142851573
1.7609640474436812
1.3609640474436813
1.8464393446710154
1.3430973860465478
1.4854752972273344
2.2464393446710154
1.4854752972273344
2.1219280948873624
1.5709505944546687
0.7219280948873623
1.8250112108241772
2.1219280948873624
1.9362600275315274
2.521928094887362
1.8464393446710154
2.1219280948873624
1.3092966682370037
1.4353713907745331
1.295461844238322
2.246439344671016
1.5709505944546684
2.521928094887362
1.9709505944546686
2.472905595320056
2.299896391167891
1.7924812503605778
1.7219280948873623
1.8464393446710154
2.2464393446710154
2.1219280948873624
1.8464393446710154
1.8464393446710154
1.8464393446710154
1.8464393446710154
1.5219280948873621
1.3609640474436813
2.2464393446710154
1.8464393446710154
1.5709505944546687
2.2464393446710154
2.2464393446710154
2.321928094887362
2.188721875540867
2.246439344671016
2.121928094887362
2.1867043459100244
2.1867043459100244
2.1867043459100244
2.2464393446710154
2.521928094887362
2.121928094887362
1.7609640474436812
1.8464393446710154
2.121928094887362
2.5219280948873624
2.1219280948873624
1.7219280948873623
1.7219280948873623
2.2464393446710154
2.2464393446710154
2.1258145836939115
2.5219280948873624
2.1219280948873624
1.4949188482339508
0.6840384356390417
1.2406705316766884
1.1567796494470395
1.1567796494470395
2.054585169337799
1.8464393446710154
1.53012496531497
2.1219280948873624
2.1219280948873624
1.1567796494470395
2.0403733936884962
2.2464393446710154
2.2464393446710154
2.321928094887362
2.299896391167891
1.789929075309999
2.1219280948873624
1.5219280948873621
2.246439344671016
1.9709505944546686
1.9362600275315274
1.9709505944546688
2.2464393446710154
1.3092966682370037
2.0
1.9709505944546686
1.8464393446710154
1.9709505944546686
2.2464393446710154
2.5219280948873624
2.2464393446710154
2.1219280948873624
1.9709505944546686
2.1219280948873624
1.5709505944546684
2.1658942083900237
1.8464393446710154
2.1658942083900237
1.8464393446710154
1.3609640474436813
2.521928094887362
1.8464393446710154
1.8464393446710154
1.4949188482339508
1.3143204867061788
0.9940302114769565
0.954434002924965
1.3609640474436813
1.5726236638951638
2.1055872616982603
2.121928094887362
2.521928094887362
1.8464393446710154
1.789929075309999
1.8464393446710154
2.0403733936884962
2.321928094887362
1.4854752972273344
1.4911148500551858
1.4911148500551858
1.7609640474436812
2.1219280948873624
1.7609640474436812
2.1219280948873624
2.2464393446710154
2.121928094887362
1.295461844238322
1.9709505944546686
1.188721875540867
1.4885252948977485
2.2464393446710154
2.0892446619882707
1.676737030052133
1.5709505944546687
2.721928094887362
1.7609640474436812
2.1219280948873624
2.5219280948873624
2.521928094887362
1.5709505944546687
1.2516291673878228
1.6970729610246877
1.9709505944546686
1.789929075309999
2.121928094887362
1.4949188482339508
2.121928094887362
2.1219280948873624
1.7609640474436812
2.121928094887362
2.121928094887362
2.121928094887362
2.121928094887362
2.521928094887362
2.1219280948873624
2.521928094887362
2.5073801024236357
2.2312702546075758
2.1219280948873624
2.5219280948873624
1.9295015960810527
1.8464393446710154
2.5219280948873624
2.1219280948873624
2.2464393446710154
1.295461844238322
2.1219280948873624
1.2957378005380122
1.5726236638951638
1.7609640474436812
1.8464393446710154
1.789929075309999
2.121928094887362
1.5219280948873621
2.305958492868042
1.2958363892911637
0.9709505944546686
1.4958242288403436
1.676737030052133
0.9456603046006401
0.9182958340544896
1.2516291673878228
1.3609640474436813
1.2987949406953985
1.3709505944546687
1.5709505944546687
1.3709505944546687
1.4353713907745331
2.5219280948873624
2.5503407095463886
2.2464393446710154
1.8464393446710154
1.8464393446710154
2.1219280948873624
2.1219280948873624
1.9056390622295665
1.1567796494470395
1.3709505944546687
1.7609640474436812
1.557930785086727
0.9709505944546686
2.121928094887362
2.5219280948873624
2.2464393446710154
2.2464393446710154
2.1219280948873624
2.5219280948873624
2.5219280948873624
1.5709505944546687
1.295461844238322
1.7295739585136223
1.5709505944546687
2.5219280948873624
2.246439344671016
2.514097655573916
2.2998963911678914
1.8464393446710154
0.8812908992306927
2.521928094887362
2.4591479170272446
1.9219280948873623
1.9219280948873623
2.121928094887362
2.246439344671016
1.6436127839905998
2.1219280948873624
2.2464393446710154
2.1219280948873624
2.121928094887362
2.2277110700184033
2.121928094887362
2.121928094887362
2.121928094887362
2.121928094887362
2.121928094887362
2.2751925902688774
2.121928094887362
2.2081965922770874
2.311278124459133
2.121928094887362
2.121928094887362
2.121928094887362
2.121928094887362
2.2464393446710154
1.9219280948873623
2.2464393446710154
1.8464393446710154
1.5919171866886992
1.5709505944546687
1.5709505944546687
1.5709505944546687
1.5709505944546687
1.1567796494470395
1.5709505944546687
1.7177602521413333
1.8464393446710154
1.7609640474436812
1.9709505944546686
1.5394847569315018
0.8812908992306927
2.1219280948873624
1.1567796494470395
2.2464393446710154
2.2464393446710154
2.321928094887362
2.121928094887362
2.1219280948873624
1.9591479170272448
2.5219280948873624
2.2464393446710154
1.7609640474436812
2.321928094887362
2.1199172593025986
2.1180782093497093
1.8464393446710154
2.1180782093497093
2.1180782093497093
2.1180782093497093
2.0892446619882707
2.0202442071537563
2.217021885879718
2.1180782093497093
2.1180782093497093
2.0720283170781166
1.9709505944546686
1.5219280948873621
1.3609640474436813
1.5709505944546687
2.521928094887362
1.295461844238322
2.121928094887362
1.5709505944546687
1.5709505944546687
0.9709505944546686
1.5709505944546684
1.8585552118703144
2.121928094887362
2.2464393446710154
2.121928094887362
2.1219280948873624
1.8879185026711325
2.2464393446710154
2.2464393446710154
2.2464393446710154
1.9362600275315274
2.121928094887362
1.7244078178625923
2.521928094887362
1.823067982273661
1.8339272176418302
2.1219280948873624
2.1219280948873624
1.2406705316766884
2.1219280948873624
1.5709505944546687
1.8464393446710154
1.7609640474436812
0.9709505944546686
1.7609640474436812
2.2464393446710154
2.521928094887362
2.1219280948873624
1.8464393446710154
2.1219280948873624
2.1219280948873624
1.8464393446710154
2.481714572986073
2.2464393446710154
2.1219280948873624
2.521928094887362
2.1219280948873624
1.8879185026711327
2.521928094887362
2.5220552088742
1.8464393446710154
1.4833557549816874
1.7219280948873623
2.188721875540867
2.2464393446710154
0.7950402793845223
1.0488412604661608
0.7219280948873623
0.7219280948873623
2.521928094887362
2.1219280948873624
1.7609640474436812
2.1219280948873624
1.8464393446710154
1.9219280948873623
1.8464393446710154
1.9219280948873623
2.1219280948873624
1.7609640474436812
2.246439344671016
2.331164445867128
1.8464393446710154
1.3609640474436813
1.7028195311147831
2.521928094887362
2.2464393446710154
2.1219280948873624
2.1219280948873624
2.3071885761626683
2.2464393446710154
2.2464393446710154
2.1219280948873624
2.1219280948873624
1.8464393446710154
2.246439344671016
2.1219280948873624
2.1219280948873624
1.4854752972273344
1.8464393446710154
2.188721875540867
1.9362600275315274
2.5219280948873624
2.246439344671016
1.8464393446710154
2.299896391167891
1.823067982273661
2.1219280948873624
1.8464393446710154
1.6858157091530304
1.7609640474436812
1.2916919971380596
1.4182958340544896
2.5219280948873624
2.1219280948873624
1.7609640474436812
2.2464393446710154
1.95006375643621
2.246439344671016
2.521928094887362
2.5027361715940035
1.789929075309999
1.9219280948873623
1.9362600275315274
2.121928094887362
2.521928094887362
2.2464393446710154
1.5709505944546687
2.299896391167891
2.121928094887362
2.2464393446710154
1.9808259362290785
2.5219280948873624
2.4381536867504416
1.9219280948873623
1.2406705316766884
1.5709505944546684
1.7609640474436812
2.121928094887362
1.9709505944546686
1.8464393446710154
2.321928094887362
2.246439344671016
2.2464393446710154
2.121928094887362
2.2464393446710154
2.521928094887362
2.521928094887362
1.8464393446710154
1.1567796494470395
1.4591479170272448
1.9709505944546686
2.2464393446710154
2.521928094887362
2.4519325792170332
1.9709505944546688
2.1219280948873624
2.0403733936884962
2.121928094887362
1.4911148500551858
2.0524212838293647
2.5219280948873624
2.521928094887362
2.5219280948873624
2.5503407095463886
2.246439344671016
2.5219280948873624
1.8464393446710154
1.823067982273661
2.121928094887362
2.246439344671016
2.521928094887362
2.2464393446710154
1.974937501201927
1.4949188482339508
1.9709505944546686
2.121928094887362
1.7609640474436812
2.5219280948873624
2.2464393446710154
1.9709505944546688
1.8464393446710154
2.5219280948873624
2.1219280948873624
1.676737030052133
2.0403733936884962
2.5219280948873624
2.1219280948873624
2.1219280948873624
1.5709505944546684
2.299896391167891
2.481714572986073
2.481714572986073
2.1219280948873624
2.299896391167891
2.521928094887362
1.8464393446710154
1.295461844238322
1.5709505944546687
1.0
1.5709505944546687
1.7609640474436812
2.1867043459100244
2.2180076917581584
1.8464393446710154
1.9362600275315274
2.5219280948873624
2.6389205950315935
2.4073334443586627
2.2322628970242686
2.1888378476413686
2.2464393446710154
2.2464393446710154
1.8464393446710154
2.2464393446710154
2.2464393446710154
2.321928094887362
2.521928094887362
1.7609640474436812
2.321928094887362
2.5219280948873624
1.8464393446710154
2.1219280948873624
1.789929075309999
2.521928094887362
2.2464393446710154
2.2312702546075758
2.481714572986073
2.521928094887362
2.521928094887362
1.8464393446710154
1.7609640474436812
2.5219280948873624
2.521928094887362
2.041814515501815
2.1219280948873624
1.295461844238322
2.5219280948873624
1.1567796494470395
2.2312702546075758
2.5219280948873624
2.295465679180292
2.2464393446710154
1.7924812503605778
2.521928094887362
2.1867043459100244
1.6858157091530304
1.4854752972273344
2.246439344671016
2.1219280948873624
2.521928094887362
2.054585169337799
2.2464393446710154
2.121928094887362
2.481714572986073
2.5219280948873624
2.5219280948873624
1.7219280948873623
1.7219280948873623
2.4591479170272446
2.321928094887362
1.7609640474436812
1.4854752972273344
2.2464393446710154
2.1219280948873624
1.8464393446710154
1.7609640474436812
2.382856063692049
1.8464393446710154
2.299896391167891
2.521928094887362
2.5219280948873624
2.521928094887362
2.2464393446710154
2.5219280948873624
