Shannon_Entropy
3.734521664779752
3.369099746425994
3.3660913291191923
3.4992275471326932
3.8164280318460246
3.2516291673878226
3.7454064259382482
3.4613201402110083
3.084962500721156
3.5434651896016462
3.327819531114783
3.2626478052485925
3.350209029099897
3.4992275417233567
3.1556390622295662
3.239097917988786
3.736987930635821
3.4577575841929127
3.446439344671015
3.0849625007211556
3.5743577621291283
3.207686112873937
2.6612262562697895
3.346439344671015
2.625814583693911
3.4387218755408675
3.384183719779189
3.419381945646371
3.4489221080694166
3.221097250057957
3.180832987205441
3.555533151426996
3.5677560601705576
3.09306920777189
3.9065704878156504
3.6887218755408675
3.640223928941851
3.6841837197791882
3.27280432733462
3.8208888513501886
3.3927474104487847
3.1971597234241487
2.8553885422075336
3.640223928941851
3.077819531114783
3.642371448743902
3.5220552088742005
3.4387218755408675
3.6734165853054446
3.481714572986073
3.819704833624194
3.690260390968384
3.433269689515108
3.8993561423827194
3.493660689688185
3.7553658641813006
3.378783493486176
3.2516291673878226
3.0220552088742005
3.4795613933676726
3.5342190211803413
2.8729055953200557
3.0220552088742
3.085055102756477
3.3927474104487847
3.3248629576173574
3.085055102756477
3.7216117239699003
2.8553885422075336
3.418295834054489
2.873140679513133
3.719294525666979
3.3086949695628416
3.8400182662886326
3.0220552088742
3.8651991968878643
3.3927474104487847
3.5364142371222305
2.9852281360342516
3.3913864699857186
3.4256776657012566
2.688721875540867
3.2430741894285684
2.8073904508767225
3.3232314287976203
3.350209029099897
3.1692486956952335
2.9182958340544896
3.182005814760214
3.6168746059562227
3.084962500721156
3.5949054612278935
3.9640729958615717
3.9907054736852343
3.6841837197791887
2.7773627950641697
3.7713242823128774
3.203699324402155
3.9598697971458714
4.040792286601156
3.240223928941852
2.6612262562697895
3.238901256602631
3.653660689688185
3.378783493486176
3.6753108689123644
3.2321018048454135
3.202819531114783
3.1414460711655217
3.197159723424149
2.918295834054489
3.334679141051595
3.7532696895151076
3.2135132560090702
3.6792292966721747
3.3927474104487847
3.8972031514247374
3.1018812234760182
2.688721875540867
3.521640636343319
2.8553885422075336
3.5137847242254345
3.5766176449086653
3.9139097655573916
3.782089642372744
3.6695767463163933
3.5220552088742005
2.8150724101159437
3.5739348962840563
3.463280517810811
3.197159723424149
3.4992275417233563
3.334679141051595
3.5160276412662306
3.639408423097839
2.8423709931771093
3.188721875540867
3.966738780375731
3.6133373140453067
3.373557262275185
3.7294461949052566
3.4992275417233563
3.7720552088742005
3.3927474104487847
1.6528633822909644
1.4809851807840684
3.439936470397808
2.840223928941852
3.337677779700861
2.974937501201927
3.936891797757288
3.2359263506290334
3.016875695766564
3.4104172527605203
2.688721875540867
2.2877837199410704
3.0269868333592873
3.4817145729860717
3.2516291673878226
2.556656707462823
2.688721875540867
3.239097917988786
3.454351446093561
3.326726789728721
3.473004734189526
3.125
3.084962500721156
3.3927474104487847
3.340776554548052
3.5434651896016467
2.9735572622751847
2.7272170014624826
2.918295834054489
3.1018812234760182
3.8848588918890474
3.4565647621309536
3.418295834054489
3.306494947369445
2.688721875540867
3.084962500721156
3.182005814760214
3.238901256602631
3.084962500721156
2.950212064914748
3.3841837197791884
3.317600496401465
3.317640005966217
3.27280432733462
3.25
2.7272170014624826
2.918295834054489
3.5585186130489057
2.8423709931771093
2.7898980954642867
3.3248629576173574
3.084962500721156
2.94770277922009
3.170950594454668
3.30827083453526
2.950212064914747
1.7735572622751854
1.870253816431622
2.042737648613667
2.918295834054489
3.4548223999466066
2.5232314287976205
3.084962500721156
2.9689185639620974
3.378783493486176
2.8584585933443494
4.2075190891117815
4.069786111997415
4.21904458672386
4.131420571179711
1.584962500721156
2.8553885422075336
2.6258145836939115
3.189898095464287
3.3927474104487847
3.1813663288914587
2.984234164652489
2.751629167387823
3.5585186130489057
3.0850551027564768
3.7034651896016464
3.404255803439496
3.1556390622295662
3.30827083453526
2.9852281360342516
3.0306390622295662
3.3787834934861767
2.9232314287976204
3.671405583442496
3.603856189774724
2.827819531114783
3.085055102756477
2.7933451941915166
3.5368867237421666
3.0220552088742
3.1464393446710153
2.969731566544131
3.3540301730294653
3.5944656369614516
3.819548827786958
3.9032080616476805
3.6635327548042547
2.8962915290459277
2.7192945256669794
2.625814583693911
3.2516291673878226
3.0220552088742005
3.6168746059562227
3.0565647621309537
2.8553885422075336
3.155221528859512
3.683856189774724
2.8553885422075336
3.7216117239699
3.139572261986723
3.1018812234760182
3.378783493486176
3.4144413036949723
3.27280432733462
3.53850987421411
3.150195221495488
3.704066669965451
3.661226256269789
3.442862165155465
3.2516291673878226
3.084962500721156
2.688721875540867
2.792481250360578
2.5654483718208256
3.039148671903071
3.0220552088742005
3.0071964896856174
3.024397470347699
3.25
2.4137995646056805
2.78845045730829
2.7898980954642876
3.6258145836939115
2.6535442970305687
3.5465935642949384
3.0849625007211556
2.7777768114567865
3.3927474104487847
3.09306920777189
3.180832987205441
2.8553885422075336
3.182005814760214
3.057476076289932
3.085055102756477
2.8731406795131336
2.8731406795131336
3.085055102756477
3.085055102756477
3.2663326399706225
3.2516291673878226
3.4548223999466066
3.040993148889379
3.080424344959478
3.4299083350961594
3.5238561897747243
3.0269868333592873
3.3680424225727155
3.5424812503605785
3.337175341123077
3.084962500721156
3.546593564294939
3.3006081122623816
2.918295834054489
3.371653522439334
3.0849625007211556
3.177566232096525
3.373557262275185
3.6729972717965285
3.6165330442444006
3.1556390622295662
3.2608281712244547
3.8042292966721747
3.8940006161317253
3.685567202024124
3.3787834934861767
4.047315406103905
3.5562012808079033
3.3814580038654727
4.020148079477319
4.108692714500713
2.625814583693911
2.6825887305018328
3.2810361125534233
3.327819531114783
3.368042422572715
2.792481250360578
3.088280219645183
2.9182958340544896
3.348798912202497
3.006238928653389
3.3371753411230776
3.024397470347699
2.6612262562697895
2.71929452566698
2.8553885422075336
3.5790611335129814
3.2516291673878226
2.9796586949993205
3.4632805178108104
2.9708400131019848
3.1246648195337094
2.9182958340544896
3.572469458770136
2.5220552088742005
2.374556048381884
3.378783493486176
2.738011806396904
2.8731406795131336
0.9182958340544896
3.642149881636903
3.2359263506290334
2.4591479170272446
3.1018812234760182
3.180832987205441
3.5465935642949384
3.0220552088742
3.6539967386657093
3.146286370662105
3.2359263506290326
3.30827083453526
2.5654483718208256
3.642489673166126
3.0850551027564768
3.463280517810811
3.09306920777189
2.584962500721156
3.6248806498697426
3.727567157116928
3.182005814760214
3.728724445269141
3.4137995646056805
1.0
3.0849625007211556
3.6897037321995474
3.446439344671015
3.238901256602631
3.3027227528624894
3.538310595615006
3.039148671903071
3.4273334938982645
2.7516291673878226
3.085055102756477
4.030875308467614
4.158694222021789
4.134447376563943
2.8962915290459277
3.0105709342684834
3.0220552088742005
3.652995726604101
2.918295834054489
2.4591479170272446
3.2359263506290334
3.0306390622295662
3.609496334425697
4.160004004656007
4.1617124041781155
4.1617124041781155
4.1617124041781155
4.1628997930891005
4.1617124041781155
4.1617124041781155
4.1617124041781155
4.1617124041781155
4.1617124041781155
4.030340873292744
4.048029230154687
4.048029230154687
4.048029230154687
4.030340873292744
4.030340873292744
4.147918976453396
4.163448071860195
4.163448071860195
4.147918976453396
4.147918976453396
3.9299012612409423
3.9299012612409423
3.9299012612409423
3.9299012612409423
3.9299012612409423
3.9299012612409423
4.13801796105925
4.13801796105925
4.13801796105925
4.13801796105925
4.13801796105925
4.13801796105925
2.0
4.159938172176818
3.7814157319581403
3.7814157319581403
3.7814157319581403
3.7814157319581403
3.7814157319581403
4.199350112113372
4.199350112113372
4.199350112113372
4.199350112113372
4.199350112113372
2.0
3.3927474104487847
4.07918920881161
4.0769059891416415
4.030366781060869
4.030366781060869
4.030366781060869
2.0
3.0306390622295662
3.5730235145750684
2.8163075192246447
1.9182958340544893
3.249124798190989
4.063496411103919
3.7836533321488393
4.053645103445586
4.0887848077175795
3.987322371592262
3.870928212100056
3.5110854081804264
3.7806390622295662
3.7877308229808673
3.987466488003228
3.7417292966721747
3.8506839474965115
3.5160276412662315
3.881727678869736
3.8142090895112566
3.991020445287954
3.745406425938248
3.708348176357421
3.169925001442312
3.463280517810811
3.5068905956085183
3.7160160623359073
3.41041725276052
3.538310595615006
3.986699825422348
3.5724312513221195
2.9689185639620974
3.583274571476652
3.5
3.3248629576173574
2.8731406795131336
3.4464393446710155
3.566428031846024
3.3086949695628416
3.9689750123816276
3.213513256009071
3.4072682296173893
3.576617644908665
3.3320953986601696
3.197159723424149
3.0269868333592873
4.094471027779186
4.0872103637808594
4.102761807747086
2.355388542207534
3.7183385852138464
3.717045703239333
3.6714055834424975
2.0
4.1388103094584014
3.904426059957648
3.984195799254829
3.960376089614565
2.6384600665861555
3.9497226009286988
3.1659573209491745
3.378783493486176
2.4137995646056805
3.675310868912364
1.584962500721156
3.2994490647144668
3.4024494070496134
3.075510724880731
3.4331245020025682
2.577819531114783
2.688721875540867
3.0850551027564768
3.4345608142862893
3.2402239289418513
3.7395722619867224
3.6978458230844122
1.0
3.6214834331380454
3.643776391052358
3.2840014480990933
4.148485128589191
3.676108500731241
1.5
3.0937305831096555
3.1018812234760182
2.4677201004744993
3.051601636871704
3.261842390463367
3.5986178373903726
3.521640636343319
3.5810760119146074
3.627579346565621
3.783014003266001
3.3927474104487847
3.6419629393819664
3.796217602590055
4.142469431935248
4.123224084045841
2.0
2.699513850319966
2.721928094887362
1.0
3.82306798227366
4.143161531891167
3.922220847480568
3.3921472236645345
3.737213813234872
3.125
3.377638327131942
2.9329993066372895
3.188721875540867
3.418295834054489
2.8729055953200566
3.09306920777189
3.373557262275185
3.4613201402110083
3.0775726382817687
2.8423709931771084
2.7527152789797045
3.3972140843660315
1.5
3.0850551027564768
3.8793000860161517
3.9446590909870376
3.4613201402110083
4.030733270292236
3.7074460938884726
3.616348566075164
3.006238928653389
3.6464393446710153
1.5
3.3822912796384696
3.925410635240724
3.3927474104487847
2.355388542207534
2.9219280948873623
1.0
3.821759674244168
3.169925001442312
3.3027227528624894
2.93299930663729
2.688721875540867
3.565595703996378
2.720582776146013
3.7883413396567494
2.495602923729013
3.8729811401955647
3.7249195402612902
2.9852281360342516
3.2927701939369904
3.8150724101159423
3.847225684931591
3.3423709931771084
3.447401504705915
3.351953074246375
3.8794452919546276
3.856474653799415
3.6547218605324847
4.012739032377821
3.25
3.938073894737865
3.8765056983703756
3.221928094887362
3.763358429231108
2.6416041678685933
4.075711554294147
3.2359263506290334
3.927236691688116
3.9295552759808285
1.0
2.9274512249645186
3.602316558505552
3.189898095464287
3.8218881955261774
3.6386062256962206
3.8810871765540202
3.2927701939369904
3.1552215288595122
3.418295834054489
2.9852281360342525
3.084962500721156
3.0565647621309537
1.0
3.2924812503605785
3.1462863706621045
3.392147223664534
3.2946635862096043
3.636006945330954
3.0220552088742
3.41041725276052
3.9766912610488987
3.501397825434103
3.452819531114783
3.940351042928689
2.8553885422075336
