Shannon_Entropy
3.7216117239699003
3.1464393446710153
2.8553885422075336
3.0708470936225174
3.3851612377737377
3.3464393446710154
3.5110854081804277
3.8360819078152044
3.739572261986723
3.684183719779189
3.084962500721156
3.753434386188785
3.303701696057348
3.298068512058838
2.918295834054489
3.414441303694973
3.5434651896016462
3.551488456988035
3.7034651896016464
3.7764499618411205
3.403989446485262
3.5117687959731945
3.7192945256669794
3.4841837197791885
3.711864717675342
3.3789280318460246
2.8423709931771093
3.4906015629507228
2.9852281360342525
3.4387218755408675
3.5160276412662297
3.303701696057348
3.4489221080694166
3.299896391167891
3.180832987205441
2.8402239289418514
3.6339740759971577
3.5677560601705576
3.2402239289418526
3.998762065326835
2.855388542207534
3.7034651896016455
3.734521664779752
3.810081020521731
3.3908054820769817
3.923231428797621
3.6402239289418516
3.3787834934861767
3.2464393446710154
3.1307179879273743
3.625
3.077819531114783
3.251629167387823
2.8150724101159437
3.2953570516174415
3.633974075997158
3.559998008356352
3.9194386020252434
3.470175521464345
3.8014811418789503
3.521640636343319
3.337175341123077
3.680089353694807
3.433269689515108
3.4072682296173893
3.9437092267206633
3.481661512101756
3.8243889795745694
3.1556390622295662
3.8114605475663934
3.5804621997271013
3.378783493486176
3.5766176449086657
3.418295834054489
3.574418313907282
3.4594705707972517
2.872905595320056
2.8729055953200557
3.3248629576173574
3.085055102756477
3.572431251322119
3.642371448743902
3.334679141051595
3.2158411726837524
3.5841837197791886
3.1898980954642875
3.721928094887362
3.8636085007312415
2.8553885422075336
2.751629167387823
3.378783493486176
3.0220552088742
2.873140679513133
3.128085278891395
3.719294525666979
3.3086949695628416
3.8400182662886326
3.180832987205441
3.8651991968878643
3.7254805569978675
2.8731406795131336
3.734521664779752
2.751629167387823
3.539148671903071
3.202819531114783
2.8731406795131336
3.0062389286533895
3.503997527334848
3.441550089371148
2.9232314287976213
3.2430741894285684
2.8393538721672003
3.084962500721156
3.337175341123077
3.350209029099897
3.3027227528624894
2.610577243331642
3.5
3.323231428797621
2.873140679513133
3.5535088547976788
3.084962500721156
3.939195079964465
3.874946750297236
3.747439360470672
3.9244942881820246
4.04030104140574
0.0
3.3159777164562594
2.610577243331642
3.2516291673878226
3.238901256602631
3.653660689688185
3.378783493486176
3.7720552088742005
3.3519530742463752
3.202819531114783
3.08232813685843
3.202819531114783
2.449311833026446
3.188721875540867
3.026986833359287
3.4548223999466066
3.197159723424149
2.918295834054489
3.375
3.6168746059562227
3.469808812612568
3.09306920777189
3.7709424217485368
3.349275070710713
3.8410968660859592
3.6168746059562227
3.880794959555807
3.6211755429194716
3.238901256602631
2.6612262562697895
3.5
3.8365916681089787
2.8553885422075336
3.4946803684089094
2.577819531114783
3.4464393446710155
3.341446071165522
3.2501026694564064
3.0269868333592873
3.006238928653389
3.6841837197791887
3.66829583405449
3.9403510429286897
3.9608785854500947
3.7000144837038995
3.6234651896016463
2.8150724101159437
3.661226256269789
3.4262096139809795
3.463280517810811
3.4594911601991525
3.3248629576173574
3.819548827786958
3.6325570401474225
3.006238928653389
3.946837499253083
2.9182958340544896
3.776210641914682
3.25
3.373557262275185
3.0220552088742
3.6902603909683833
3.5
3.5160276412662292
3.7720552088742005
3.521640636343319
1.5747256007613344
3.2516291673878226
3.421928094887362
2.840223928941852
3.4266094432542293
3.125
2.584962500721156
3.327819531114783
3.3908054820769813
3.936891797757288
3.2402239289418517
3.418295834054489
3.4209295669904125
2.6455933144511468
2.217021885879718
2.625814583693911
2.8553885422075336
2.9852281360342516
3.2359263506290334
3.501397825434103
3.039148671903071
3.418295834054489
3.546439344671015
3.0220552088742
3.0220552088742005
2.556656707462823
3.0849625007211556
3.0220552088742
2.8962915290459277
3.4472624994412104
2.973557262275185
3.454351446093561
3.3600115303896283
3.4775152537942486
3.1018812234760182
3.1898980954642875
3.0850551027564768
3.378783493486176
3.3744996115311405
3.642371448743902
3.125
2.7719023720385585
3.188721875540867
2.692380602454975
2.9182958340544896
2.8073549220576037
2.355388542207534
3.2464393446710154
3.182005814760214
3.8667292966721747
3.4565647621309536
3.5465935642949384
3.4025542893845655
3.265583322887733
3.128085278891395
2.9852281360342516
3.013070929103845
3.2516291673878226
3.625
2.789898095464287
3.323231428797621
3.188721875540867
2.8553885422075336
2.8553885422075336
3.5841837197791886
3.056564762130954
2.355388542207534
2.8729055953200557
3.084962500721156
2.952819531114783
3.3841837197791884
3.319646811578581
3.0105709342684834
3.2848894517332408
3.27280432733462
3.2037016960573483
2.889549430862088
2.873140679513133
3.0849625007211556
3.483659164397963
2.8423709931771093
2.7898980954642867
2.9182958340544896
3.4548223999466066
3.238901256602631
3.1216535224393334
3.1649632555969816
3.0220552088742
3.327819531114783
2.8553885422075336
3.438721875540867
3.832446516496601
3.4273334938982645
3.084962500721156
2.873140679513133
1.8468870513032214
3.3660913291191914
1.7169171866886992
1.822815600352516
2.0911494350300037
3.128085278891395
3.09306920777189
3.5766176449086653
2.5232314287976205
3.039148671903071
2.8553885422075336
2.9689185639620974
3.3232314287976203
3.238901256602631
3.418295834054489
3.013070929103845
4.204629878562342
4.209479467218243
1.584962500721156
3.084962500721156
2.8553885422075336
2.7516291673878226
2.699513850319966
3.189898095464287
3.686419411348773
3.084962500721156
3.177566232096525
2.9689185639620974
3.1158340921632197
2.7516291673878226
2.950212064914747
3.0849625007211556
3.0850551027564768
3.32323142879762
3.0849625007211556
3.7720552088742005
3.2359263506290334
3.7034651896016464
3.0849625007211556
3.084962500721156
3.2037016960573483
3.404255803439496
3.1556390622295662
3.4316235658474303
2.6556390622295662
2.8553885422075336
3.2516291673878226
3.139572261986723
3.1751231351134614
3.0269868333592873
3.3787834934861767
2.9056390622295662
3.661932872373583
3.623516641218015
3.2516291673878226
2.827819531114783
3.039148671903071
2.971251836004466
3.5383105956150054
3.1395722619867223
3.27280432733462
3.039148671903071
3.1892750707107127
3.343003364927285
3.689703732199547
3.775303424257605
3.6800893536948074
3.327819531114783
3.688721875540867
3.0306390622295662
3.1555650133297184
2.699513850319966
2.9689185639620974
3.0792258015191027
2.699513850319966
3.084962500721156
3.378783493486176
2.9689185639620974
3.3735572622751846
3.6168746059562227
3.0565647621309537
3.182005814760214
3.170950594454669
3.689891668750007
2.8553885422075336
2.8553885422075336
3.7216117239699
3.1556390622295662
3.0565647621309537
3.189898095464287
3.188721875540867
3.1018812234760182
3.5068905956085183
3.522055208874201
3.3908054820769813
3.564735178725505
3.1893643477641698
3.665685379716417
3.6521305573183827
3.606015279620734
3.0849625007211556
3.180832987205441
3.238901256602631
2.8423709931771093
3.239097917988786
2.355388542207534
2.8553885422075336
3.039148671903072
3.085055102756477
3.1761102515172546
3.084962500721156
3.084962500721156
3.180832987205441
3.085055102756477
3.0503018554349826
3.0708470936225174
3.1916116417513782
3.392147223664534
2.4137995646056805
2.955913095175825
2.7898980954642876
3.7193758224153695
3.558518613048906
3.5465935642949384
3.09306920777189
3.214132447255578
3.238901256602631
3.0269868333592873
3.5068905956085183
3.2402239289418517
3.4565647621309536
2.8553885422075336
3.182005814760214
3.0104340890333376
3.085055102756477
2.8553885422075336
3.0565647621309537
2.8423709931771084
2.8731406795131336
3.2359263506290334
3.057476076289932
3.3709505944546683
3.2516291673878226
3.5585186130489057
3.057476076289932
3.189898095464287
3.5724312513221195
3.0849625007211556
3.0870299455809564
3.0977809871083366
2.8553885422075336
3.489246428509158
3.623516641218015
3.0269868333592873
3.3680424225727155
2.617492461184755
3.632192121571194
3.471354487013929
3.238901256602631
3.546593564294939
3.456564762130953
3.418295834054489
3.0269868333592873
3.349835161587997
3.09306920777189
3.500283688055054
2.8414460711655214
2.688721875540867
3.189898095464287
2.8553885422075336
3.272769892034794
3.373557262275185
3.7409821015340743
2.8553885422075336
3.7499412381433186
3.175123135113461
3.238901256602631
3.3841837197791893
3.8042292966721747
3.8964393446710144
3.773557262275185
3.642149881636903
3.0269868333592873
3.0220552088742
4.038162906624468
3.4764097655573916
2.8553885422075336
2.9689185639620974
2.6258145836939115
4.021253028874762
4.100873087141622
3.221097250057956
2.8150724101159437
2.6825887305018328
3.260828171224455
3.454822399946607
3.27280432733462
2.7773627950641697
3.481714572986072
3.315410725242699
3.1944527985315263
3.2946635862096043
2.9709505944546684
3.1556390622295662
3.2402239289418517
3.3232314287976203
3.1748858687242363
3.490601562950723
3.024397470347699
2.8553885422075336
2.8553885422075336
3.084962500721156
2.7806390622295662
2.71929452566698
3.039148671903072
3.7189532820450215
3.2516291673878226
2.9655962303576024
3.5883543471732335
2.9708400131019848
3.2451913422597456
3.2516291673878226
3.821311940104173
2.5073801024236357
2.570332619710574
3.4251185503571393
2.7205827761460135
2.8962915290459277
1.5
3.6464393446710153
3.373557262275185
3.1813663288914587
3.155221528859512
2.873140679513133
3.09306920777189
3.5465935642949384
3.1395722619867223
3.642371448743902
3.146286370662105
3.238901256602631
3.4464393446710146
2.918295834054489
2.5654483718208256
3.3371753411230776
3.642489673166126
3.039148671903071
3.5726236638951634
3.0168756957665637
2.8731406795131336
2.931208948910323
2.584962500721156
3.9423199104889495
3.8983376826626692
3.4137995646056805
1.584962500721156
3.084962500721156
3.940351042928689
3.418295834054489
3.5726236638951634
3.6820058147602137
3.1395722619867223
2.873140679513133
2.6105772433316417
2.9182958340544896
3.426367488473226
3.6241717609419575
3.577819531114783
3.507048827786958
3.447401504705915
3.3815804883091634
3.0220552088742
2.931208948910323
3.6753108689123644
3.0269868333592873
4.0256045451177584
4.159388608072983
4.13635516129284
3.6536606896881856
3.1227647178082507
3.1464393446710153
3.0220552088742005
3.652995726604101
3.056564762130954
3.709147917027245
2.4477979600193267
3.3082708345352603
3.2841837197791888
2.8423709931771084
2.610577243331642
3.3927474104487847
3.488525294897748
3.0220552088742005
3.7811470208191236
4.160004004656007
4.1617124041781155
4.1617124041781155
4.1617124041781155
4.1628997930891005
4.1617124041781155
4.1617124041781155
4.1617124041781155
4.1617124041781155
4.1617124041781155
4.030340873292744
4.048029230154687
4.048029230154687
4.048029230154687
4.030340873292744
4.030340873292744
4.147918976453396
4.163448071860195
4.163448071860195
4.147918976453396
4.147918976453396
3.9299012612409423
3.9299012612409423
3.9299012612409423
3.9299012612409423
3.9299012612409423
3.9299012612409423
4.13801796105925
4.13801796105925
4.13801796105925
4.13801796105925
4.13801796105925
4.13801796105925
2.0
4.159938172176818
3.7814157319581403
3.7814157319581403
3.7814157319581403
3.7814157319581403
3.7814157319581403
4.199350112113372
4.199350112113372
4.199350112113372
4.199350112113372
4.199350112113372
2.0
3.5068905956085183
4.078152873234108
1.0
4.076696634606901
4.030366781060869
4.030366781060869
4.030366781060869
3.0
3.1751231351134614
3.5730235145750684
3.6094963344256965
3.2863260608301683
4.0634674909025765
3.782223000270612
4.06975083318847
3.9868446142211176
3.866249009170584
4.044416559200899
3.8506839474965115
3.5160276412662315
3.9648576597402947
3.811198216314677
4.00352529986223
3.9032080616476805
3.7618867576013093
3.3248629576173574
3.2128786893420305
3.615800109939226
3.326360407952693
3.446439344671015
3.0269868333592873
3.3711045993081323
3.197159723424149
2.9852281360342525
3.5068905956085183
3.521640636343319
3.2806390622295662
3.584183719779189
3.5434651896016462
3.8042292966721747
3.9185975301945457
3.538310595615006
3.9879011903957995
3.6053885422075345
3.239097917988786
3.644152118516123
4.053732705707713
2.0
3.4464393446710155
3.350209029099897
3.686280045756847
3.180832987205441
3.332095398660169
3.97066820741398
3.679919751806973
3.3248629576173574
3.1775662320965257
3.6746742319786425
4.141855290723698
4.146267022387662
2.7534343861887853
3.9828753987373764
3.7983512260625822
3.7294461949052566
4.147543721159017
3.952203929326469
2.7528553052032327
3.9485461561530264
3.1971597234241487
3.2516291673878226
3.226730915057127
3.378783493486176
2.3522170014624826
3.772055208874201
1.584962500721156
3.4343906566348616
3.390172897611969
3.0486881132034154
3.416833823616225
2.577819531114783
2.9104404952185816
2.842370993177109
3.188721875540867
3.240223928941852
3.3825680832760763
3.25
3.752715278979704
3.708132064658602
1.584962500721156
3.7413407239719767
3.239690181241735
3.2516291673878226
3.3248629576173574
3.7983512260625822
3.182005814760214
3.0269868333592873
3.238901256602631
3.2848295085032615
4.14481629553143
1.5
3.1011250109569852
3.2390979179887864
3.0898896034900454
3.051601636871704
3.3758145836939115
3.5986178373903726
3.506890595608519
3.669119028896207
3.715354779870082
3.9553113166340124
3.521640636343319
3.634446565985145
3.796217602590055
4.10479914256535
4.116718248444779
2.0
3.0565647621309537
2.6556390622295662
2.721928094887362
1.584962500721156
3.7216117239699003
4.159168643126109
1.584962500721156
3.5883543471732335
3.7560925748057046
3.125
3.393670438952927
3.0269868333592873
2.8553885422075336
3.0761031709967224
3.188721875540867
2.9735572622751856
3.3927474104487847
3.286629486786195
3.30827083453526
3.189898095464287
3.0269868333592873
2.9312089489103235
3.2810361125534233
3.3927474104487847
2.689246428509158
3.375
3.2516291673878226
3.6143694458867563
3.7429963731299165
2.827819531114783
3.358188924484934
1.5
3.039148671903071
3.811692107828836
3.9859148224889176
3.6539967386657093
4.047561982892198
3.7074460938884726
3.7321588913645702
3.323231428797621
3.483074189428569
3.6537567082870006
1.5
3.35123342296672
3.8972997175517152
3.5068905956085183
3.08232813685843
3.0220552088742
1.0
3.821759674244168
3.3005590923909534
3.3027227528624894
2.93299930663729
2.873140679513133
3.182005814760214
3.5941178916311856
2.8559049224696933
3.977567157116928
2.93299930663729
3.780459532842442
3.7661699178357217
2.584962500721156
2.9852281360342516
3.2927701939369904
4.086165100208864
3.744694481778491
2.688721875540867
3.1158340921632197
3.344456935241198
3.871373859758501
3.8459415653387197
3.666955668124716
3.128085278891394
3.983718387226684
3.5585186130489053
3.384183719779189
3.7849418274376423
3.5
2.584962500721156
3.2368573034220742
3.938073894737865
3.375
3.084962500721156
3.850054087029664
3.3342094594480476
3.927975300790612
2.6416041678685933
4.072796646660187
3.4713544870139286
2.606238928653389
3.75
2.9182958340544896
3.2523057006640443
3.951958114153342
3.9295552759808285
1.584962500721156
3.8674007013355087
3.8437959328456848
3.6376677942553624
3.9664441067086473
3.2927701939369904
3.381580488309164
3.1158340921632197
0.0
3.68354236243323
3.1556390622295662
2.9182958340544896
3.378783493486176
3.0565647621309537
1.584962500721156
3.403074189428569
3.566468890752879
3.716048936014318
3.659307831805645
3.5739348962840563
3.9324860653472644
3.892466983262309
4.010570934268483
2.8150724101159437
