Shannon_Entropy
2.75
0.0
2.2516291673878226
4.1539910817842305
3.708048150071232
3.8617104590097506
3.8617104590097506
3.9224512188437277
3.925500739513534
0.0
4.062322249514569
0.0
4.13172070698026
0.0
3.840083251972111
4.089316590626092
3.9525284629072814
4.073850814051624
4.064840286749274
4.072145477391832
4.079115559514015
4.051849624224536
3.8938867763365073
4.095523886445545
4.114393100528445
0.0
4.1001275844387
3.512479270691232
4.084650684143725
3.5566567074628233
3.450492202205515
0.0
2.725480556997868
3.964450815081064
0.0
3.4594911601991534
3.849094207810876
3.624040321426099
3.8424973352360503
0.0
0.0
3.906778612694434
0.0
3.973918676511378
3.9541836041614213
0.0
4.131481040409883
4.037251568861414
4.095719378746735
3.9874587039840015
3.795370104751326
0.0
0.0
3.991483233732242
0.0
4.168917001866069
2.807354922057604
4.139057111669655
4.165809418230932
3.9677400253806576
4.114095993710212
4.115123047020847
0.0
4.042890637227697
4.112450629330979
0.0
4.114412576517156
4.207431921945621
4.003545233333264
3.92115512483858
0.0
0.0
4.056449031871897
0.0
4.087751739731721
4.078651019852501
4.027344224403375
4.027344224403375
2.9056390622295662
3.8075492532683604
2.321928094887362
3.734397098877464
0.0
3.580050351464737
4.031618458914617
4.035280029596873
4.031618458914617
0.0
3.5844914510108583
3.601023450165748
3.60858744050187
0.0
3.8815112070925712
3.7831994440248886
3.789113751814529
0.0
0.0
4.111932569730356
4.11029767221849
4.072460405073213
4.060251716844361
4.090369754924283
0.0
3.9404699379847288
4.139321637472669
4.045231844711704
4.057065047467594
3.9805998363598953
0.0
4.0195882878903655
4.1933485284793
3.99778093929876
4.126019713557883
0.0
4.119368852309329
4.049578777467468
4.051546596996396
4.030088584514642
4.01374501063148
4.097236820207815
2.321928094887362
3.5014612871008555
0.0
1.0
3.0220552088742
3.818961987645575
3.911803213394682
0.0
3.9429059607762036
3.935564313215489
3.694637663613815
4.129831610271427
4.124778053355482
4.067275786956053
0.0
4.097884764380481
3.9731113495069366
3.8964305026072594
3.8836986264632642
0.0
3.824533406881911
4.045761029560417
4.016033530835246
4.100640604885614
4.079850518823853
0.0
4.054870980499019
4.139439120463109
3.875569835880003
3.8832344327844663
3.90298130773528
0.0
4.121514657599851
3.6211755429194716
2.584962500721156
4.054755289383658
4.056723276044782
3.884551067342737
3.878843622601872
3.884551067342737
0.0
3.9829276519347743
4.10740282092022
4.060715260054926
3.8066656999650887
0.0
3.4387218755408675
3.984915446650356
3.8156439040957943
4.127380746008811
4.0921864507338785
4.0525385692286156
4.183317006432031
3.9640134508476637
4.006320594183796
3.8500864356054896
3.843083355936897
0.0
3.87383965470665
3.674584976461332
3.87383965470665
3.674584976461332
0.0
3.829376308455903
3.8916301115316725
4.0366298950250386
3.6314783907408077
3.9661851327111646
3.9110105375247732
4.0350161074703
3.8249540449354553
0.0
3.4373035612628624
0.0
3.870796419461438
3.318959251335566
3.663532754804254
3.8155457973675517
4.050656354581088
3.979873095945058
4.11471516441925
3.7271827183875814
3.979394646281301
4.120405934319379
4.106526069342427
4.051140536602617
0.0
0.0
4.08565320966877
4.020614337463762
4.021919920539201
3.9985383696335575
3.9904735737051586
3.6798006521873385
3.7914988451411142
3.8358983972729455
2.7272170014624826
3.7919994178842082
3.5068905956085183
4.114371334691909
1.584962500721156
3.9909518313987906
3.829775036242924
3.91741623439476
4.085816405264881
4.084887429079116
3.723800253703273
2.807354922057604
1.9219280948873623
4.049805817353922
3.587780199968164
3.170543891762937
0.0
3.9524373546416727
3.6168746059562227
3.8694954725216726
3.724863840604509
4.014985857235102
4.054099066328051
3.997696622585927
3.8874910392291744
3.91705006222414
0.0
3.881702283390227
3.8467157123566347
3.868592321292615
3.881702283390227
0.0
3.6910628198928443
4.016979523570898
3.99796693634013
4.018760587568017
4.051945784779355
4.019496991448511
3.9957560779218375
0.0
4.076634237059791
4.076634237059791
3.6585323390004594
4.091130830222583
4.094192232780848
0.0
3.8424701863549307
4.002660905073334
0.0
3.9871329360178698
3.9681392274462923
3.9574791704150467
4.091587556841306
3.8831570048966997
3.8271058061593193
0.0
4.0215584327656515
3.593657665390962
4.0215584327656515
0.0
1.0
3.9946071872736453
4.047280077625851
3.8559242791812216
3.4541632888566607
4.063008339000873
4.1693926214355645
0.0
4.167917628817748
4.197126521745855
0.0
4.064826050423188
4.051549361974201
3.7962176025900556
3.588354347173234
3.7536619121787567
4.008316337293147
4.055512004058592
3.813388283228294
3.970288824136793
2.807354922057604
4.024602916823956
3.1468807887948476
3.1468807887948476
3.9377446345026295
4.0528574552112815
4.125907394309574
0.0
0.0
3.7673192543313414
0.0
0.0
3.7913191501229733
4.021028051076112
4.005510370414239
4.0061463339928345
4.081327468539851
0.0
2.4056390622295662
3.952864894803527
3.239097917988786
2.6800365325772657
4.00815727356283
0.0
3.928280997041279
3.6683935993301318
3.8316435393999457
3.9811175249961916
0.0
4.137574815155361
2.2516291673878226
3.4585250192341492
4.040155361452814
4.1083694260382515
4.144537209857244
3.9045187947902296
4.048563997275419
4.016503596900667
3.885624882177466
4.170186296092397
3.7218120626809528
4.131806235850827
3.3086949695628416
3.5599000019230833
3.5599000019230833
4.001156524403012
3.9997950510291815
4.052289781779394
4.112690998553053
3.92343162863872
3.704173296195564
3.8996616396634765
3.6557257967867574
3.8996616396634765
4.069092507176838
4.088070017697683
3.92432961612642
3.965403214114766
0.0
3.882814277103395
3.9623268243243746
3.722907494321879
3.9556972950630795
0.0
3.913702443911911
3.957487813231096
0.0
3.9551703171145998
0.0
4.069597399670822
3.9542066434295298
0.0
3.5775343630988568
3.995786989180902
4.066580680037699
3.8106515214658128
4.104537662449736
0.0
4.042995648097413
4.061906483690155
4.112449225185177
4.111852861674047
4.039457239100357
4.039457239100357
0.0
3.967223881722951
0.0
0.0
3.8616949540822145
0.0
4.048561577790991
4.049467750995186
0.0
3.908640689964995
0.0
3.9107485939824125
4.048161912019757
2.6464393446710153
4.049334567727174
3.965165704541554
4.106943026617582
3.912968707556891
4.0099892495833735
0.0
3.427071480019029
3.8510923723341612
3.986705127987566
0.0
4.189278045491518
3.816838959142913
4.123710539792368
1.0
2.807354922057604
4.108386220460135
3.925733587091439
3.9959076100841386
4.084732799528782
3.969407669337548
0.0
3.6353612953477428
3.9507659119546514
3.9507659119546514
3.698067053824677
2.725480556997868
3.8276213371799512
3.8200560118335565
3.9632870963651285
3.977706364271362
4.051620733408881
3.91658898817664
3.9311561461468894
4.0057439078282515
4.0856593892164925
4.055941510078048
3.985806377396254
3.985806377396254
0.0
4.008799826994233
3.9385298358894802
4.005507053039382
3.8968635421269795
0.0
3.960918559752187
4.107609349524254
3.7792828265638594
3.8643898296086547
3.8692996998935216
3.8361538669219026
2.5216406363433186
3.878070901404362
3.8871632554358855
3.6880095686339027
4.118022682670786
2.321928094887362
3.813313494569778
3.5701904692299142
3.966504188146758
1.5
4.009205174427167
0.0
4.082964613024054
4.011166282501834
4.074977200903444
2.0
0.0
3.0306390622295662
3.2210972500579564
3.2483650467509038
0.0
4.093794240480444
4.098491706694292
0.0
0.0
4.232330183299859
4.062012142413143
4.08276307999045
4.059720120602813
0.0
3.238901256602631
3.9394735692733827
3.5119415478763747
3.836969913417715
3.8394978601832586
3.793098055372794
3.8229942736369313
3.350780394462275
3.5119415478763747
3.842464597818515
3.8538940689098027
2.688721875540867
4.027011736131758
3.973996878880875
0.0
3.169925001442312
3.1219280948873624
4.1006928941330285
3.9835467428544584
4.0804419041101285
0.0
3.8054194336782814
3.896694002977767
3.916264646259888
4.0204443608228635
3.9255085977860373
3.948076645050547
3.957648957468231
3.926569791549728
0.0
4.165450051033508
4.071042873274244
3.9541149049945123
3.954405882397134
0.0
0.0
4.027390893538375
4.09053522104236
3.039148671903071
0.0
3.8498855793594102
3.8497592947246515
0.0
4.145987111209212
3.5177375357267553
4.138477603348433
4.143859299660876
0.0
3.9525312838792996
4.066527659524768
3.885960112916278
0.0
4.011130930730165
4.005549756807927
4.025433087756127
3.9534488501652856
3.681880802803403
3.664337287657764
0.0
4.074512578673619
4.0931247080841
4.074512578673619
4.077356591524922
3.8136606896881853
4.032109478400679
4.063357962713407
0.0
3.277613436819116
0.0
3.738830570771663
3.262465699111098
3.8685345521977785
3.591935994419633
3.701442282687445
3.7179413828005683
3.8578019221264084
3.056481249861444
0.0
4.135980822136634
0.0
3.985135982144431
0.0
4.1601664785826085
4.14553105678744
3.827811926229307
4.117761255094128
4.113219953474015
4.117761255094128
0.0
4.054875208028209
4.057187070158765
4.033665108572726
3.9944940279074737
4.044802051692028
4.002211729688634
3.9671696973442954
4.0472745290526975
4.017021809558548
4.0116260297967905
3.976455997116049
4.024875269165187
4.049679776386962
4.001260167844151
3.980998734137516
4.015193174881989
3.954040004656421
0.0
4.007529939945881
4.089340380460656
3.8927077444487064
4.1631526346296726
4.000836554261823
4.051842780430857
3.986981108948953
4.021514778893858
4.001546173621311
0.0
3.9049478507328574
3.936254412660254
3.8343230599148663
0.0
4.079438267285199
4.079846107351135
0.0
3.7166308917868656
3.8497794989644945
3.7166308917868656
0.0
4.144981674969651
4.053825285071464
3.7473735926530596
0.0
4.076043879386428
0.0
4.024188879293334
4.07670727797143
4.069559266081531
3.9977397614582326
4.0905034453858455
3.946846551787978
4.184869681680906
4.20941716087036
4.15507169076571
4.196460125279673
3.9712846928016163
4.000018976702262
4.000018976702262
3.8235195479313804
3.7697480026487926
3.421928094887362
3.573660689688186
4.1308724855391805
0.0
4.15731616338855
0.0
3.8034443425308027
4.0410400234088
4.013182990886972
4.034423068124658
4.042439941788002
4.200486653519457
3.9506362162198307
3.9506362162198307
0.0
3.9580289594627223
4.083957705553866
4.020446134462597
3.7181390622295662
3.943695347890848
3.913561659622661
3.900626719898089
0.0
4.119476576963232
0.0
4.116364908774178
3.9993242987428563
0.0
3.534219021180341
4.140529999395357
4.040330861910604
3.9577127161294867
3.98574316191616
4.195601173206027
4.002030831020682
3.9226062471240275
3.9226062471240275
3.572623663895163
4.149735342401538
3.7506826229422914
0.0
3.975838790775616
3.9322597359289606
0.0
0.0
3.9572251629521578
0.0
4.0043540384298755
3.980747583582553
4.025945189835932
4.002765126939028
0.0
4.138802946429686
4.142489661132799
4.144580643905046
4.120470658514074
3.775231125781518
0.0
4.009595392510931
4.1521896086216765
4.148909659094154
0.0
4.082743952020856
4.106839762334299
0.0
4.080825732179307
3.9172283856892407
4.067285643530297
3.9413587441143427
4.0437161512946735
0.0
3.8086116590018353
3.8086116590018353
4.156010282221719
3.934598077597169
4.102075082890294
4.081180205009465
0.0
0.0
4.109050158254957
3.461320140211008
4.017305830893485
4.075524344015021
0.0
4.185414709286339
4.18545413592293
0.0
3.7284303578017126
3.9970851422108624
0.0
4.045045690326454
4.188265153335217
4.048094027527243
2.807354922057604
3.913312887132542
4.148994314601424
4.018907068290392
3.866082848552134
3.878584802350184
4.1286209377961836
3.9443715398394974
4.110478078535029
4.154679161514306
3.5002836880550534
4.236255249889392
3.9479969208075865
0.0
4.058606034945553
4.089926610527192
4.133287990707104
4.11698552808296
0.0
2.7321588913645702
4.179803577717965
3.541446071165521
4.075457407279036
4.088836388670955
4.075457407279036
0.0
4.11630701425618
3.526129815595918
0.0
4.072844840173794
2.98345859334435
0.0
0.0
4.154483773559418
4.178920321566902
0.0
3.974324024845488
3.940848801830511
3.9879395468390815
0.0
0.0
4.072217847273457
0.0
3.9831824217330727
4.055919459352315
4.003167554882222
3.897810402021881
3.71937582241537
0.0
3.9702820895549027
3.8810855986936885
4.040470745966856
4.150609724974888
0.0
3.7936122789856173
3.716791921677547
3.6515627754904934
3.7287458953768637
3.8108056536158146
0.0
3.9761024170929837
0.0
4.195713145624922
4.094097115271505
4.177221068733973
3.5985060171872245
3.877121314688603
3.840408156957186
3.8710104277661834
0.0
4.173392738404926
3.8998247523628913
2.4193819456463714
3.898551403051667
3.8998247523628913
3.8112892951555843
3.767439950705677
3.8229347425124995
0.0
3.9387001801377917
0.0
0.0
4.030819225040504
3.9451624599472255
0.0
3.830884282838076
4.150566348187279
3.792896608419107
4.092574725634958
3.6021739310039558
3.978041433579549
0.0
3.830661662613474
0.0
4.114603748682106
4.082382712373807
3.5761664299193345
3.426616045880948
4.06316897752995
4.085209968179643
3.716630891786866
4.09062094791285
4.051757641868434
4.080803688495802
4.088044399765708
3.8079310374984168
3.8079310374984168
0.0
3.9753260633825387
3.9921873840461903
3.803590820407827
3.967264608151538
0.0
3.8850280260582943
3.8850280260582943
3.9032490706767415
0.0
4.029502698882765
4.036084432744518
0.0
4.013662132697381
4.107414669883298
3.7429393000506135
3.6895771069827776
3.746511475221599
0.0
1.0
4.024497133374852
4.080954781464732
4.019553927623799
4.071411038541094
4.013469922757245
4.045140220132549
4.081701816283356
4.064947520399029
4.015113813252309
4.04485371718126
3.966520101395556
4.075713587209161
3.963197168537248
4.025939729317049
4.08337960986357
4.0124835492247595
4.044478828049005
4.027720891120787
3.9746720796667807
4.015398935244342
0.0
4.028140034020075
0.0
4.0059580950078475
3.9325672208064284
2.9219280948873623
4.026712344002792
4.026712344002792
0.0
1.584962500721156
4.017355725190596
4.1283858977412065
3.9640244754275646
3.960596071244577
4.116812544904834
3.575095107777878
4.059191780810846
0.0
2.5216406363433186
1.584962500721156
2.1280852788913944
2.8023763319496098
1.584962500721156
3.521640636343319
0.0
3.9168923931894337
3.933318267911654
3.6143694458867563
3.6801689311001096
2.413088436425758
4.003938269654222
3.903902708241646
3.889069865979008
0.0
4.2007377187411326
4.132748238599892
4.1495906386354475
3.9627966210838697
3.9647464222676883
3.9647464222676883
3.771327371784032
3.781390385475254
2.0
0.0
3.810614796877143
3.8918040402872447
4.160727335956112
3.7267374734123866
3.9823155660258713
4.118015287063495
4.156383811944445
0.0
3.910732343239247
2.0
4.061343090002373
4.078212449328254
4.03221997642606
3.8776683546626813
4.05440484258875
0.0
3.931074154848763
3.9375455273467677
0.0
0.0
0.0
3.4549868557726673
4.078846443286863
4.071964717499197
3.567407858202761
0.0
4.0236648118439655
0.0
0.0
4.068496263037122
4.052634172040694
0.0
4.034515399939457
3.865247126659765
3.8078452649165775
0.0
3.979338558703086
3.9924921312740174
3.7635077991801036
3.979338558703086
0.0
4.115040555532257
4.115040555532257
0.0
3.9890068094236355
3.9805661103090695
0.0
4.094237352884803
0.0
0.0
3.9971619716774707
4.000999350140371
0.0
3.9811775587159204
0.0
3.9916905541512286
3.9360008566809883
4.041088573319331
0.0
4.08400758995193
0.0
4.106206844373014
4.032519860100867
3.976878176105921
2.2359263506290326
3.7653401206167114
0.0
3.7826237831150373
2.584962500721156
3.8254488992800515
4.151134026403298
3.9947720800097772
3.907651788941942
3.9007285916179626
4.117801919381525
4.057944604378982
4.071986461572021
0.0
3.1219280948873624
3.1219280948873624
3.78017915789576
4.040399448507002
4.034603375740265
0.0
0.0
4.063774052892106
3.375
0.0
4.215037930896874
3.9587753824428105
4.027741066406344
4.030883850031174
0.0
0.0
4.136176327120331
4.125208985653617
4.105540153938784
4.122798186863658
0.0
4.086817228573176
4.003677837611596
4.141151614411334
3.8524403585201425
3.9054429288495167
0.0
0.0
4.123602103666635
3.904675080699044
3.3787834934861767
3.6680194076306387
3.847240017863327
0.0
4.084551362373693
4.16230434150776
3.9734639964252585
0.0
3.9198711766510517
1.584962500721156
3.7872170504081133
3.6481315234143223
0.0
4.107929051501268
3.721928094887362
3.7527021654271744
2.807354922057604
3.988640336415421
3.9728207028058637
3.9686123709517003
3.8349540551542334
3.8908281705083674
0.0
0.0
3.962489762576629
3.962489762576629
0.0
0.0
1.584962500721156
2.682588730501833
0.0
3.97461062588925
3.992947412360306
0.0
0.0
4.0282898731384424
0.0
3.9023039608559698
0.0
0.0
3.955860408340157
3.3774932680909977
3.8753997204663206
3.8388037440961105
0.0
0.0
2.584962500721156
4.029379051960166
3.5252130019367813
3.8910799249085266
0.0
4.109114332458133
2.9312089489103235
2.9312089489103235
4.0579240842013995
0.0
3.9651341461878826
4.1655613710678265
4.139366849754069
3.292878689342031
4.1173043925475845
3.751911122485748
0.0
4.150347619963018
4.046571724073617
4.049355241825742
3.9256713686828117
0.0
3.693228352627338
3.7939280348371915
3.9222296225625763
0.0
3.9096320952140493
3.8565729198452585
4.085892492847654
4.048532426301671
1.0
4.073926492077144
3.2402239289418513
3.7881911651711895
3.900816088761293
3.8518342295475065
2.0
0.0
2.5216406363433186
3.8997267530101283
0.0
4.09387189787904
3.8668321122349214
3.950047081591283
3.9767356135972034
3.9855532549318493
0.0
3.96310973056631
3.9708758905307855
4.142172454876321
4.008018316053606
0.0
0.0
3.832789640089188
3.880038478990609
0.0
0.0
0.0
4.039392051276729
4.187761812719322
4.074039961186457
0.0
3.8654346748537587
3.9107482872101347
1.584962500721156
3.833679564042697
0.0
3.907644322270839
3.916450818227794
3.9762978987745967
3.7775671571169283
4.037490499324986
0.0
3.8935136607634955
3.1556390622295662
3.5421322330801694
0.0
0.0
3.988091039214101
3.832679634181271
3.8304137951013004
3.834781258598139
0.0
4.037275631774404
3.4446195840641023
3.6946065801430703
3.133290911299865
3.6688504818961465
0.0
4.055839243610609
1.584962500721156
1.584962500721156
0.0
4.171442163904902
0.0
4.027305543211301
3.9955251901839506
4.022349393618596
0.0
3.4475116136574964
3.4501144474259093
3.994818093480551
3.9546553151137065
4.127537173898369
4.053918575064266
4.087155446873948
4.137042749387218
3.5618482395890236
3.5618482395890236
4.07753520023347
0.0
3.3097189833244367
3.3097189833244367
0.0
3.8528786893420297
0.0
0.0
4.088287037347145
4.143814707982982
0.0
0.0
4.226975598758872
4.1243529831854
0.0
0.0
4.075097002794161
4.0653018024309935
4.068495974077218
3.772055208874201
3.877526598165905
0.0
3.4992275471326932
3.943401845334284
4.0311069902938765
4.107122134530944
3.832995217238137
0.0
4.102375549552783
4.133681345914077
4.099049815598538
0.0
4.050485219226087
0.0
3.321928094887362
0.0
3.8772171017544923
3.9083412860310336
0.0
3.7691600945530004
0.0
2.9387218755408675
1.9219280948873623
2.8975748766958875
2.6632908081776594
0.0
4.082557062508705
4.0826539017796
3.9915654877849454
0.0
4.150993869091636
3.6105772433316417
3.7150182662886326
3.751354974362252
3.7471384504239555
3.7483834397905484
0.0
0.0
3.997396768939279
0.0
2.807354922057604
4.0547239298893
4.033788830515856
4.03414137047855
4.0525567337548605
3.0220552088742
4.180256005700145
3.940817094075591
3.940817094075591
0.0
3.777362795064169
3.976328722941863
3.976328722941863
2.9219280948873623
3.765405939428882
3.64263737407174
4.154765218454964
4.0199310881265164
4.003839178713996
2.625814583693911
0.0
0.0
0.0
3.895069926525705
2.9312089489103235
3.7592750198378124
3.958108000516067
0.0
2.845350936622437
0.0
4.064750241120281
4.0482488148592575
4.049042817651112
4.048538254319853
4.0711163045122145
3.5766176449086653
0.0
4.118195855302252
4.155676942363998
4.105958921706564
3.9330358934458585
3.8745271102995185
2.725480556997868
3.8946758926581477
0.0
4.058076472267842
4.029183027346281
4.010556098539627
3.8961372137069485
4.093939831660086
4.121576285962448
3.8593587859541674
0.0
3.946426891447604
4.039445001533054
0.0
3.6234651896016468
4.08639896171513
4.0647478227126665
3.803976863764058
4.088009633558762
0.0
4.153397946394738
4.06861001056895
3.6542637259970228
3.6444138295776116
3.984650387095164
4.032615053266862
3.9821665230422747
4.068307997048391
4.067621962430917
4.117059434982972
4.0328943894974
4.15232944097222
0.0
3.900594104021566
3.964012232111804
3.5940843886042257
3.5521796970665473
3.6320527396219857
0.0
3.85586569475248
4.095833139394599
3.618308361786495
0.0
3.973749710348097
3.9797950488737284
4.103440814506632
3.0
4.102980268082522
0.0
3.646906081103571
4.012449974216542
4.065940638512446
3.446439344671015
4.0113957209149484
0.0
3.9823695533596357
3.967700571398116
3.96988093647402
0.0
3.920760914701724
0.0
4.046635785869234
0.0
0.0
3.956081364687122
0.0
4.116738317824245
0.0
4.1165551610130695
0.0
4.031237032693176
0.0
3.933358078150663
4.024512697804944
3.913290210254692
4.053044730717137
3.3787834934861767
4.003329828938903
4.058211666470741
4.019137020035225
0.0
3.9232133149925934
3.8427593975247616
3.8586476676177472
3.8669348044632796
3.864340802345419
3.9485764976476423
0.0
4.069396285987793
0.0
4.101403766888588
4.02460623255138
4.014120890750395
4.014120890750395
0.0
3.851956456283511
4.1012508717939395
4.137287858137218
4.125495161611751
4.1012508717939395
4.134747509131734
0.0
4.141349764807798
2.9852281360342516
4.020417717877585
4.029499745232959
4.067468165956585
4.054709143774673
4.114390598825783
2.8553885422075336
4.0027028336585495
4.06300269021084
3.8491267051608533
3.9737778086777475
0.0
4.041930422651718
3.641812114626501
0.0
3.8069423103338944
3.7153249041655645
3.7535524530720608
0.0
3.824508842374999
3.8874505445604894
3.6841511157933566
3.2516291673878226
2.623516641218015
2.3685225277282065
3.8252517372886508
2.725480556997868
4.151315694704446
4.026998891031191
4.026998891031191
0.0
0.0
0.0
3.5421176810056703
3.771283025570768
3.8001177358317633
4.001715661150579
3.3735572622751855
3.6593459658520944
0.0
3.268048828757959
3.6184247212545255
3.9964017466359434
2.9477027792200903
3.7522854362702116
0.0
3.868320570840222
3.160233799034738
2.9339545780481746
3.6943758115555214
3.7016593314044295
3.9505431014278583
0.0
4.090216167007999
3.8620144267757546
0.0
1.0
0.0
4.009475927800492
3.9764633662044386
4.0304252590380365
3.9430188173890977
3.9306061421511793
3.7505024238154108
0.0
4.1774082215366635
3.494588496642341
0.0
3.77158877781843
3.767144699422722
0.0
3.869354889846915
3.844715018858079
4.112100562738387
4.077203028457688
4.003113189609323
4.013152600348298
4.015583902316656
0.0
3.438294545119052
3.5010497291079394
2.9494643027794045
0.0
3.9529601484594687
3.236186283255413
4.060596571551876
2.5216406363433186
2.0
3.9068017427221853
0.0
4.093893129987182
4.183244251873221
4.162656083864274
4.116242191580135
3.2402239289418517
3.628729563999878
3.7372038341006384
0.0
3.5585186130489057
0.0
4.131413578591672
4.018492808065872
0.0
3.944827709143392
4.079956821443684
4.125913138217364
4.090012075464451
3.860552581226109
4.045583144219737
3.9923971579204927
3.9875825767775694
3.914121711362202
3.9450816679285277
0.0
4.021616568289958
3.653756708287001
0.0
4.192250760563174
3.932610471287523
0.0
3.2232715659654496
3.801931115494196
3.8688525086441077
0.0
3.9604040064293837
3.971057452144555
4.024745336771788
0.0
4.100221024085339
4.100221024085339
0.0
3.516765113567037
3.991887530743247
3.5964621378925568
3.875474887919813
3.175123135113461
0.0
3.869460145818097
3.873612555898729
3.905009571233251
3.7480012334687083
0.0
3.989412889740261
4.165343864132406
3.904452997543072
2.5
3.924265035381772
3.3030206511604248
3.939668465460051
3.7168165249695893
0.0
3.969284289550985
3.9721608289114547
0.0
0.0
4.090920412451277
4.080949736008241
0.0
0.0
3.9231262858036735
3.930611922137272
3.861470477505765
3.864543027146608
3.8760882674282136
0.0
3.1158340921632197
2.0
3.965922804076246
3.8268150610452496
0.0
3.8095699059863697
3.9256814375953537
3.9165939415681286
0.0
3.887271442090827
2.94770277922009
0.0
4.1089791682604835
0.0
4.011942706372954
0.0
4.170844002448686
4.127628982113541
4.131145583504873
4.124742331514504
0.0
4.064598813801367
0.0
3.929664395850626
0.0
0.0
3.4140395130266334
3.9714032007284406
3.789874569574866
3.8777671516744054
3.662880595800827
3.692279682039657
0.0
3.5
3.084962500721156
0.0
3.849959672944211
3.864031262541001
3.9360707941077937
2.0
0.0
4.053882786013931
3.9507719222469833
0.0
3.1898980954642866
4.110425563576627
0.0
3.946620321047467
0.0
3.9205157069483443
3.686419411348773
3.7732747883298554
3.9707651281353806
3.99129844045986
3.9915257778791267
3.997873385959198
0.0
4.149302308345156
3.9503877408262786
0.0
3.744203568311812
0.0
3.215841172683753
3.775352773848199
0.0
3.7894141119393523
0.0
3.8487735175724582
4.010908152325694
3.8509154679400357
3.957294029027326
3.9912582566182366
0.0
4.0568091469573355
3.6320527396219853
4.110945217934759
4.120401755473649
0.0
0.0
3.8769263268956404
0.0
4.062562341683281
4.0673092536453295
3.472445544178841
0.0
3.724492711451829
4.072259365830742
2.75
0.0
4.115421768695404
0.0
3.741486862811489
2.75
2.321928094887362
3.991268551886145
4.118865140881024
3.917302921072513
3.837777735745509
3.9197187467492465
3.8391839749602203
3.7967788785650156
3.889129189892484
0.0
3.9043029317756166
0.0
3.804597567577201
3.671509586005405
0.0
4.205261558878136
3.898968055342697
3.830010773323189
3.8439374621214863
4.168238050896978
0.0
3.659073448418351
3.659073448418351
0.0
0.0
3.8642378252382916
4.120272068384686
4.0551625257031505
0.0
4.0355300873964834
3.8910108090090154
3.8964852072571814
1.0
0.0
3.912905532140948
3.912905532140948
3.9101723889732267
4.08330694507427
3.8757265034001307
0.0
3.7195341092837753
0.0
4.118435875884848
4.091215260358975
4.086462330262049
0.0
0.0
3.9754872384060764
3.0761031709967215
0.0
3.843047876283433
3.8388144062522884
3.7692225339563574
0.0
3.986007575525703
4.016922609680682
0.0
4.093937321989313
4.1017569575550725
3.9165852230269413
0.0
4.152435352793721
4.085623402930755
3.7936383924343606
3.7893831070032924
3.755010885187637
3.7936383924343606
0.0
4.097641821576974
4.107566442753456
4.000143718948682
0.0
3.8358173957831707
4.081677089983133
3.987981493987066
0.0
4.166474867909887
4.1742229001989495
3.8630024953153583
0.0
4.0817963721669965
4.0817963721669965
3.9858472851683686
4.0046483296510065
3.468939137168651
3.3735572622751855
3.4547012441673464
0.0
0.0
3.6339740759971577
3.881878908499237
3.698391110799899
3.6163485660751635
4.150572831219604
4.147297759389384
4.06252285862178
4.083653841013494
3.9960332224609925
0.0
0.0
3.791719253461724
2.9681516294997374
3.8716305120554964
4.18136187823333
4.180470771523985
0.0
0.0
4.07236148446302
0.0
3.929937247044886
2.75
2.725480556997868
0.0
3.9558288325902318
3.5220552088742005
0.0
3.9288593061565016
0.0
0.0
4.033599842026467
0.0
3.7920988609769277
3.7709424217485368
0.0
4.087541223582673
0.0
0.0
3.4692407821722835
3.6852795190665555
3.6852795190665555
3.90194695925137
4.193850142032894
4.169592368347776
3.968823992756218
2.584962500721156
0.0
4.1613108969986
3.9685083833544748
0.0
3.869247243870152
0.0
3.881371398429191
2.9219280948873623
1.584962500721156
3.0105709342684834
4.149100443547998
3.923363475898501
3.9364629143292076
3.5795201742043923
4.000265555526243
4.110774320655944
4.106315593431316
3.6229984350739572
3.706278152388168
3.9068664057865594
3.912079100680011
3.7335643187057372
0.0
4.032160149660564
3.8959918611519933
4.101758641490939
3.7495668778545785
3.7291608160211114
4.0501094380137594
4.16934256051241
3.9539321983360325
3.8577345091556103
3.6697917016899706
4.017559175202763
3.7953571688664294
0.0
3.9230560687814835
0.0
3.2516291673878226
0.0
3.968262478432621
0.0
3.9944291411018047
2.0
2.973557262275185
3.9446534225488197
3.5585186130489057
3.8301133956144593
3.935816428998844
3.9290073876661786
3.85619629821938
3.889953259566998
4.076523934115088
0.0
2.584962500721156
0.0
2.584962500721156
0.0
3.65853233900046
1.584962500721156
3.8471282101364253
3.7285907443521484
0.0
4.023438252357257
4.001567964038513
4.023219737239572
4.023438252357257
4.021595624363329
3.44075983254009
0.0
4.03312194586865
3.638737936309548
3.993209856094309
3.7445729918120443
3.894583521013256
3.952431275758413
3.9977214476550564
3.155221528859512
3.2913277588569922
3.3801967129845774
3.0
3.121928094887362
3.2746655826829643
3.8487359904449803
3.8724781346018746
3.952764359755098
3.84533387393534
3.801851972327764
3.988783139439644
0.0
0.0
0.0
3.978140135697475
0.0
3.499129923610243
0.0
3.9050030276156957
3.321928094887362
3.321928094887362
3.321928094887362
3.321928094887362
3.321928094887362
3.321928094887362
3.1813663288914587
0.0
3.1813663288914587
0.0
3.1813663288914587
0.0
3.1813663288914587
0.0
3.1813663288914587
0.0
3.1813663288914587
0.0
3.834435381758654
3.834435381758654
3.834435381758654
3.834435381758654
3.834435381758654
3.5841837197791886
3.5841837197791886
3.5841837197791886
3.5841837197791886
3.5841837197791886
4.013152600348298
4.015583902316656
0.0
4.013152600348298
4.015583902316656
0.0
3.984967245987921
2.0
3.6508225788146986
4.05921073403447
3.970657215388489
4.075352713029681
4.051819625605348
0.0
4.051819625605348
0.0
4.060084772511463
0.0
3.9691484459914688
0.0
3.977989370761621
0.0
2.9219280948873623
0.0
3.0062389286533895
0.0
0.0
3.993514004252225
3.860038928684477
0.0
2.321928094887362
3.8740691021493254
0.0
4.154578510580749
4.000614360661654
3.5791036496284487
3.321928094887362
2.0
3.875433676722664
0.0
4.100267725661065
3.7871439606981383
3.6425466034084124
3.3355055565170963
3.7871439606981383
0.0
4.046864767521859
3.984083389171683
3.734349727278792
4.033390755783139
0.0
3.501952761720621
4.08644837071658
3.8959584912047163
3.953565664946427
0.0
4.120567994229102
3.7344814740524903
4.037345039625647
4.148333522563029
0.0
3.8475863396799586
0.0
0.0
4.082290539925836
4.029253508093032
3.930155154553879
0.0
3.862955568212624
3.9052613595664147
3.8640601246413495
0.0
3.5738085129044896
0.0
2.7898980954642876
3.9165581959341518
2.2516291673878226
0.0
3.939664842286024
3.939664842286024
4.122430716532177
4.059894534873288
4.064945682896886
0.0
3.9785143987235623
3.988344399195044
3.6066338100379283
3.5810760119146066
3.968957353985325
3.829027693950179
3.8523329786136364
3.974784119140004
3.9428026355709074
0.0
0.0
3.895787067189617
3.8930334431447498
3.915007980258039
0.0
3.991798325226094
0.0
3.915670196299951
3.993426290843669
4.037547892713156
4.002339514274699
0.0
3.814488990313074
3.853687354680428
0.0
4.125377966368313
2.9852281360342516
0.0
3.8463873184348354
3.941013348638961
4.003244653114077
3.943700547672457
0.0
3.935101412424902
3.039148671903071
4.054793836620353
4.007024693041649
0.0
4.007122559558456
0.0
3.9035391744915025
2.4193819456463714
3.905743007818438
4.003771222734251
0.0
4.057863976047101
4.009326378435824
3.9615393061737825
0.0
4.108725243426777
4.11270667086697
0.0
4.057830585852997
4.098792419876737
4.028635759217353
2.688721875540867
3.9027708790570435
0.0
3.1971597234241487
0.0
4.12984201432978
4.147562655537057
3.9420136121287093
3.9802516445540235
4.013416079695148
3.9640725944133655
3.661226256269789
0.0
3.93720056873927
3.9132556213341756
3.690674869780649
3.86619606567598
3.969160948647481
3.8578574583574903
3.5342190211803413
0.0
0.0
0.0
3.973066793660652
3.8162285567304446
0.0
3.87253566469835
3.9855217614987466
3.471354487013929
1.8423709931771088
0.0
4.160287190380286
3.986257931686038
2.584962500721156
4.140755231297927
4.152387794361317
4.0968313618053465
4.112258454112349
4.062536573657703
3.326360407952694
4.126632580485009
3.91656504742964
3.095795255000934
0.0
3.230337797403416
3.230337797403416
3.806563252860724
3.7192945256669785
2.75
3.6831205625489902
3.9729830591136976
2.7806390622295662
3.0
0.0
2.521640636343318
3.858522341126695
0.0
4.102055828958563
0.0
3.4556501805795428
2.5216406363433186
3.973241735062717
3.745938115854358
3.8831727088441372
3.9638838144134625
3.946949146950457
3.6648475876372193
3.7746960888732946
3.6648475876372193
0.0
0.0
2.807354922057604
0.0
4.13948833982698
0.0
3.9127368074115014
3.9170652638661334
3.5883543471732335
0.0
4.058605255636006
4.041918782769635
0.0
0.0
3.9745957129069405
0.0
4.143757280057582
3.16520329656826
3.146607793065085
3.005407116156028
0.0
2.584962500721156
2.8662478973127308
2.584962500721156
0.0
3.8495153581980137
0.0
4.0825365652546575
2.2359263506290326
3.960999075240412
1.584962500721156
2.845350936622436
4.054357699708093
3.9542493216707073
3.3931414270151214
3.536039125691531
3.8353431618773186
4.056322763654078
3.8377966978608984
3.839906170837156
0.0
3.763646770676926
0.0
4.118453889477996
2.4996981431844145
4.1102844748443665
0.0
3.7083858986598637
0.0
1.9182958340544893
0.0
3.8665871058289594
3.8665871058289594
2.75
2.9312089489103235
0.0
4.009157551907756
3.9836884393654306
4.03393805142239
4.031193556205933
0.0
3.819150322177181
0.0
0.0
3.823388661176466
3.8113901802443264
0.0
4.046195774654998
4.048520076273797
0.0
4.0180622995556154
3.0269868333592873
3.889924958817065
3.762933616770434
3.6871715241145497
3.189898095464287
3.949147206596755
0.0
0.0
3.8010094195590347
4.091341910637491
4.0939390594678935
4.077437283459357
0.0
3.757655610933115
0.0
1.5
3.4314018453921715
3.807763576417195
3.899280133704569
0.0
3.7963696623316774
3.186704345910024
3.2927701939369904
4.166986537312511
4.181399482769847
3.8416114977775018
3.8452055330314368
0.0
4.034968569565563
4.140336099088145
4.136472973654574
3.3956923069701004
3.987187377997285
3.936006700729576
3.8405876812108612
3.9196808430821664
0.0
4.001060009501607
3.9327904860686504
4.090118635168076
3.9254981903374997
2.9852281360342516
0.0
4.037658289357402
2.4056390622295662
4.114092413625301
3.813660689688185
4.124101241360994
4.02482981059791
3.832509979373116
3.8659573209491747
3.8659573209491747
0.0
3.9830992840701094
4.0479244303272965
3.9245612526581715
4.016913969196915
0.0
3.9589603402458486
3.955819920939123
4.0455825632385025
4.002286611651733
0.0
3.58759863372235
3.573688823546841
3.381580488309164
0.0
2.5216406363433186
4.084631936820447
4.098126622210698
4.032902400385174
4.016335394987385
3.875817142904312
3.8849802015399413
0.0
3.6974779471000994
2.9735572622751856
4.120518472491112
0.0
3.9210383388203445
4.1486504739688534
3.8561929645790527
0.0
4.0823179755236865
3.814472107692052
3.9906777460788487
0.0
3.9607723003303916
3.968418225887122
4.136966059281676
0.0
1.584962500721156
2.4056390622295662
0.0
1.584962500721156
0.0
2.9219280948873623
0.0
3.1219280948873624
3.0104340890333376
3.7576856586254093
3.676440908696869
2.5216406363433186
0.0
3.8479174414618313
3.5322654849679096
0.0
2.5073801024236357
3.3589461866894976
2.594117891631186
3.399079570624174
3.9686827406849305
2.2516291673878226
4.001311140622982
0.0
4.081413844766647
1.584962500721156
2.663532754804255
3.3154107252426988
0.0
2.721928094887362
0.0
2.0
3.452819531114783
4.001089950338356
0.0
3.5113061459995176
3.5113061459995176
4.100439426473108
3.96857631975966
3.94322265757251
4.060816673129528
3.7297250895022676
3.7297250895022676
3.125
4.088684546739308
3.820634384877557
3.820634384877557
0.0
4.048055430236479
0.0
0.0
3.982624807115073
2.0
2.6887218755408666
4.099337479613826
3.971211608121754
3.947383647223698
4.0334071941515806
3.909823938107473
3.876761757709759
4.089190700190137
4.098602509040431
3.9503473184946136
0.0
4.226338017156523
0.0
4.000224919042575
4.14173917456106
0.0
3.9778659766498334
4.059316405007867
4.138354384349356
3.7950885863977324
3.734521664779752
3.9294705470402818
3.893636701263829
2.9219280948873623
3.976189219396411
3.983694220675967
4.048779657566919
3.915342493239193
0.0
3.337175341123077
2.0
3.9961867414837435
0.0
3.9102336377362135
2.0
3.8850245760099393
2.931208948910323
3.88363086192232
0.0
2.75
3.6211755429194716
3.2359263506290334
3.033794020992213
3.9252130019367804
3.8549244892300774
3.8783490864714594
4.010979129370089
3.9406858798532935
4.028661246589192
3.8482076870559085
4.046525457142876
0.0
3.9934423864119903
3.9447460330492383
3.948752212398402
0.0
4.091685194296995
4.0065189055879955
4.01606400964628
0.0
3.701956708685579
4.063773487228573
3.9672927729746665
3.919791141361881
3.155221528859512
3.937084507685532
3.9450554797983717
2.2359263506290326
0.0
4.1094278363222125
4.079203757884052
4.1254344076164795
3.73044834670499
3.7159573209491747
4.086210516996935
0.0
4.033380027533531
3.265583322887733
3.650997710641445
4.072167780521065
3.4695443569727304
0.0
4.036144208621091
4.015770643326715
2.5
0.0
3.841404021576651
3.858188197232961
3.970920693551793
0.0
0.0
3.906697291751271
3.9115800009048995
3.8666272866739524
3.8666272866739524
4.027544545266787
4.052703528608563
2.321928094887362
0.0
0.0
4.054493786439727
4.035608409356104
4.054493786439727
3.86461053670643
4.0395441629525575
4.151133967939528
0.0
4.135177626160277
0.0
3.7585343983393424
0.0
4.0736040779118925
3.85018972951485
3.8297917016899707
4.183681521936654
3.139572261986723
0.0
3.8095823721489843
3.8095823721489843
0.0
1.584962500721156
3.9042841332130593
0.0
4.0300210135225845
3.727298200177096
2.0
2.873140679513133
2.5216406363433186
3.7378723922315156
3.5504242308923515
3.711180895124088
0.0
3.6314018453921717
0.0
