Shannon_Entropy
2.8225797618424915
2.147348781633051
2.406666316740689
2.2988252450030506
2.1258145836939115
2.1258145836939115
2.064042639445697
2.510056460356539
1.9362600275315274
2.3248629576173565
2.005977711423774
1.3709505944546687
1.7450972181704332
2.2988252450030506
1.9362600275315276
1.8464393446710154
2.2389205950315936
1.295461844238322
2.1258145836939115
1.9591479170272446
0.8112781244591328
1.823067982273661
2.155968102145908
2.3248629576173565
1.5709505944546687
2.188721875540867
2.188721875540867
2.125814583693911
1.4466166676282082
1.780672129520887
1.224394445405986
1.9362600275315274
2.049452072789394
2.2988252450030506
2.049452072789394
2.188721875540867
2.0930692077718898
2.256908989558354
2.25
2.4842551447947994
1.5304930567574826
2.116299605701696
1.7464657985040721
2.2098886380147267
2.084962500721156
0.9852281360342515
1.9709505944546686
1.468090781663233
2.4400204899423623
2.783735328622078
2.359879028736861
2.2488484642526356
2.52122509496961
2.188721875540867
2.2825887305018333
2.257856063692049
2.4086279179414536
2.6420795639257113
2.2569089895583545
2.1492553971685
2.0349409139562287
2.8016094970590277
2.114805144339332
2.4056390622295662
2.23345859334435
2.3787834934861753
0.0
1.9709505944546686
1.9362600275315274
1.8919954870390203
2.2339466645252255
2.4703255391900414
2.3248629576173565
1.9591479170272446
2.3244093931715555
2.436278124459133
2.3136753059024158
2.192005835492107
2.054585169337799
1.061278124459133
2.199687794731328
1.5709505944546687
2.146465798504072
2.103909910282364
2.256908989558354
2.270942421748537
2.4410685859554375
1.8230264907128848
1.922023142851573
2.209888638014727
2.4628671470807624
2.6352130207431887
2.188721875540867
2.60845859334435
2.084962500721156
1.721928094887362
2.4056390622295662
2.1995812306460647
2.161978179679554
2.4508459973898566
1.896240625180289
2.1559681021459074
2.1339375660949167
2.188721875540867
2.8016094970590277
2.3318026736242854
2.7588718484453603
2.5867866151171586
2.148834854280917
2.2988252450030506
2.4477979600193267
2.0545851693377997
1.9709505944546688
1.8676338909712125
2.3935823097180293
1.4911148500551854
2.0349409139562287
0.6500224216483541
1.991076059838222
1.823067982273661
2.3082708345352603
2.6597532033394886
2.4687304374117938
1.895461844238322
2.5218221688567293
1.7609640474436812
1.8843135277997989
1.5304930567574824
2.0991505584543058
2.30896456442329
1.666875576740238
2.7464393446710154
2.378783493486176
2.1174924611847548
2.192005835492107
1.9852281360342516
2.5261207468426803
2.45887184844536
2.3082708345352603
2.199687794731328
2.223219672335508
2.5720839106987463
2.6873230684749942
2.2854752972273342
1.809200032697812
1.5709505944546684
2.103909910282364
2.378991986900062
2.6990199844009077
2.4588718484453604
1.789929075309999
1.896240625180289
1.6858157091530304
2.188721875540867
2.546631615393778
1.9086126988727123
2.4772170014624826
2.8016094970590277
2.273728829005326
2.2510345501401265
2.2988252450030506
2.188721875540867
1.9709505944546686
2.1258145836939115
2.522740045214949
2.4300365325772657
1.896240625180289
2.054585169337799
2.075869296697727
2.1174924611847548
2.5726236638951634
2.4248356349861986
2.4477979600193267
2.1174924611847548
2.188721875540867
2.199687794731328
1.6767370300521325
2.224601752714581
2.270942421748537
2.263809173883546
1.7709505944546688
1.5709505944546687
2.6337314206421327
2.054585169337799
2.116299605701696
0.9864267287308424
2.23345859334435
2.2322628970242686
1.4854752972273344
2.295465679180292
1.5709505944546687
2.054585169337799
1.5709505944546687
2.6676286494293433
2.188721875540867
2.103909910282364
2.903857210189412
2.0670314951575843
2.3248629576173565
1.9219280948873623
2.436278124459133
1.650022421648354
2.301072329402873
2.463366342754057
2.2988252450030506
2.635654874427409
2.188721875540867
1.9143411836123523
2.3576004726263524
2.125814583693911
2.5306390622295662
2.2806390622295662
1.6171895725927152
2.278351811711312
2.545132380702466
2.1887218755408666
2.1626441180472606
0.0
1.8262452584026092
0.6500224216483541
1.8585552118703144
2.188721875540867
1.8464393446710154
2.2109736165067546
1.4353713907745331
1.9669171866886992
2.225605199016944
2.5868878409958143
2.064042639445697
2.35845859334435
2.396782221599798
2.1258145836939115
2.270942421748537
2.260820318171659
2.2988252450030506
2.188721875540867
2.9617062775743133
2.39207883297832
2.188721875540867
1.896240625180289
2.125814583693911
2.161978179679554
2.075869296697727
2.161978179679554
2.3522170014624826
1.9502120649147465
1.3663146570363986
2.217021885879718
2.2322628970242686
2.188721875540867
2.1258145836939115
1.9709505944546688
2.133937566094917
2.075869296697727
1.8250112108241772
2.206238928653389
2.365596230357602
2.3787834934861753
1.5304930567574826
2.5996659733039564
2.472905595320056
1.2776134368191154
2.091917186688699
2.1179631753145163
1.9473387961875537
1.9473387961875537
2.586887840995814
2.133937566094917
2.1920058354921066
2.374556048381884
2.375
2.343257873344267
2.188721875540867
2.1820058147602133
2.3991303913908
2.5341468438052397
2.56507654233637
2.2389205950315936
2.2516144718101816
2.1258145836939115
3.195147284197036
2.120952031026403
2.3279491421353997
2.4620215793918985
3.0939917630919935
2.601382162091293
1.9508257945180887
2.199687794731328
2.3324321859340604
2.4193819456463714
2.440404017720928
2.6048074635028677
2.4613201402110088
2.3261207468426806
2.206238928653389
2.1174924611847548
1.9508257945180885
2.188721875540867
2.0930692077718898
2.2988252450030506
1.224394445405986
2.199687794731328
2.375
2.217021885879718
2.188721875540867
2.217021885879718
1.224394445405986
1.8676338909712122
1.8954618442383218
2.733206219346495
2.399397470347699
2.054585169337799
2.424835634986198
2.188721875540867
1.8498687225851778
2.6199707109276353
1.8810947601100747
2.3242764617775693
1.896240625180289
2.038159681645953
2.594195041880603
2.270942421748537
2.256908989558354
2.1266144718101816
2.4066663167406888
2.460904932167797
2.217021885879718
1.7924812503605778
2.2389205950315936
2.565445018842856
2.35274578087187
2.332914563979398
1.9473387961875537
1.9709505944546688
2.584023687015089
2.4613201402110083
1.6858157091530304
1.823067982273661
2.188721875540867
2.188721875540867
2.5226203095310216
1.4355205042826666
2.609850166028943
2.3522170014624826
2.188721875540867
2.10845859334435
2.4002057591460946
1.5744174271404585
2.694781460584273
1.8250112108241772
2.4233412768431513
2.274397470347699
2.584262225315332
2.439268146254097
2.324862957617356
2.339572261986723
2.199687794731328
2.274397470347699
2.271782221599798
2.224394445405986
2.5464393446710156
2.217021885879718
2.133937566094917
2.1266144718101816
2.2988252450030506
2.5157895841746822
1.6854752972273346
2.452819531114783
2.1920058354921066
2.4056390622295662
1.5394847569315018
2.469240782172285
2.1258145836939115
2.7037016960573483
2.311278124459133
2.48345859334435
2.4305946180235423
1.4604846813131116
1.867633890971212
2.155913095175825
2.0670314951575843
2.1920058354921066
2.339572261986723
2.263809173883546
2.188721875540867
1.7295739585136223
2.209888638014727
2.433206219346495
2.199687794731328
1.8262452584026092
2.1174924611847548
2.2272170014624826
1.9473387961875537
0.5916727785823275
1.9362600275315274
2.339572261986723
2.472905595320056
1.5
0.9182958340544896
1.780672129520887
2.546439344671015
2.270942421748537
2.424071367119249
2.2577560641285177
2.0662478973127314
2.188721875540867
2.365596230357602
2.125814583693911
1.8553885422075338
2.133937566094917
2.274397470347699
2.269617409804003
2.176381781515699
2.3522170014624826
0.9852281360342515
2.621928094887362
2.260820318171659
1.9591479170272446
2.1174924611847548
2.199687794731328
1.6578764348499595
0.0
1.0
2.260820318171659
2.217021885879718
2.270942421748537
2.375
1.8954618442383218
2.406666316740689
2.0202442071537563
2.1258145836939115
2.125814583693911
2.188721875540867
1.9182958340544896
2.601382162091293
0.863120568566631
1.9219280948873623
2.038159681645953
2.049452072789394
2.038159681645953
2.084962500721156
2.4628671470807624
2.3248629576173565
1.7709505944546686
1.9362600275315274
2.1800365325772657
2.1339375660949167
2.1258145836939115
2.188721875540867
1.561278124459133
2.4885548621928453
0.9852281360342515
2.147348781633051
2.3244093931715555
2.4056390622295662
2.1258145836939115
2.833320822691055
1.8676338909712125
1.561278124459133
2.0729055953200564
2.0458416408851736
1.823067982273661
1.867633890971212
2.1179631753145163
2.2098886380147267
2.133937566094917
2.1174924611847548
2.35274578087187
1.8553885422075338
2.7120441902556007
1.061278124459133
2.389898095464287
2.188721875540867
0.9852281360342515
2.3457192839305274
2.725480556997868
2.271782221599798
2.3959988705348416
1.895461844238322
2.2544475789720946
2.568171185713877
2.022579761842491
1.7735572622751854
2.396782221599798
2.3991303913908
2.390805482076982
2.4085490968753085
1.7295739585136223
2.1280852788913944
1.4854752972273344
2.084962500721156
1.9386790169573507
1.8322488896002305
2.091917186688699
2.263809173883546
1.4355205042826666
2.452819531114783
2.5654450188428557
2.1967916319816365
2.339572261986723
2.435371390774533
2.6100635408770723
1.5
2.503258334775646
2.545999197128142
2.4834585933443494
1.789929075309999
2.3395722619867225
1.6854752972273346
1.855388542207534
2.6745668297814222
2.3935823097180293
2.472905595320056
1.5
2.094856783548739
2.0758692966977272
2.188721875540867
1.9751060324573733
1.8585552118703146
1.789929075309999
1.9898980954642875
1.9508257945180885
2.743308352155394
2.1174924611847548
1.9591479170272446
2.188721875540867
1.4911148500551854
2.125814583693911
2.474601752714581
2.3395722619867225
2.199687794731328
1.8879185026711327
1.5510981710072647
1.9182958340544893
2.5294881142662007
2.075869296697727
2.8293974977720397
1.9362600275315274
1.9591479170272446
1.6858157091530304
1.6854752972273344
2.4294945204514447
2.463458298648303
0.9182958340544896
2.359879028736861
2.7603136973125113
1.4854752972273344
0.9852281360342515
1.6854752972273344
2.2608203181716595
2.1995812306460647
2.291620193427939
2.389898095464287
2.5546831510507397
2.9159235321695536
1.94770277922009
2.4159220638351666
1.8676338909712125
2.4300365325772657
2.1258145836939115
2.2266523289565594
2.663532754804254
2.188721875540867
1.8676338909712125
2.35274578087187
2.2988527261581813
2.120952031026403
0.0
2.4225797618424916
0.0
1.9709505944546686
2.1818184609812477
2.378332927941441
2.217021885879718
2.80004461847901
2.4834585933443494
1.5219280948873621
2.422579761842491
2.721928094887362
2.5868878409958143
2.8838561897747246
2.233946664525226
1.5709505944546687
2.1967916319816365
2.0225797618424917
2.5306390622295662
2.372094637795624
2.4634582986483036
2.752896842718644
1.8464393446710154
1.8676338909712125
2.6744608685361086
2.622153838257028
2.5840236870150894
1.4056390622295665
2.476796752685521
2.270942421748537
2.25
1.7534343861887849
1.5744174271404585
2.2062389286533897
2.4404040177209283
2.2510345501401265
2.133937566094917
2.339572261986723
2.2389205950315936
1.7273966735744792
2.4237949406953985
2.586887840995814
2.4355205042826666
2.389898095464287
2.117492461184755
3.1114997986517454
1.8464393446710154
2.155221528859512
1.9877733714879842
2.188721875540867
2.270942421748537
1.9362600275315274
2.404678473063571
2.199687794731328
2.6358648564388125
2.0545851693377997
2.332914563979398
2.365596230357602
2.2569089895583545
2.038159681645953
1.4604846813131116
2.0225797618424917
2.133937566094917
2.560964047443681
2.130926080730337
2.188721875540867
2.064042639445697
1.867633890971212
2.133937566094917
2.35274578087187
2.1339375660949167
2.4225797618424916
2.4159220638351666
2.149397470347699
2.2892464285091583
2.339572261986723
2.3935823097180298
2.188721875540867
2.39207883297832
2.372094637795624
2.1280852788913944
2.2806390622295662
2.103909910282364
2.23345859334435
2.274397470347699
2.1179631753145163
2.2479275134435857
1.9986525468781666
1.8464393446710154
2.6213526136130225
2.270942421748537
2.054585169337799
1.5709505944546687
2.263809173883546
1.7609640474436812
2.2272170014624826
2.389898095464287
2.378783493486176
2.251614471810182
2.133937566094917
1.9362600275315274
2.960755132760197
2.049452072789394
2.3134597501718237
0.6500224216483541
0.8812908992306927
2.677269211778593
2.4588718484453604
2.3242764617775697
1.8352377453121174
2.437065831519022
2.038159681645953
1.9972264631946568
1.9473387961875537
2.282588730501833
2.064042639445697
2.23345859334435
2.4262927116736352
1.4056390622295665
1.4056390622295665
2.426292711673635
1.6858157091530304
2.3942811477133947
2.188721875540867
2.084962500721156
2.6756981353679867
2.606137660667953
2.5901894550596403
2.3276328092906367
2.4729055953200563
2.658680662942251
2.049452072789394
2.4056390622295662
2.2096909728231857
1.617189572592715
2.279799131837405
2.188721875540867
2.6848100275039113
2.6337314206421327
1.5744174271404585
2.4692407821722844
2.295461844238322
2.4402239289418524
2.161978179679554
1.9362600275315274
2.289246428509158
2.474601752714581
2.440223928941852
1.9473387961875537
2.2322628970242686
1.9709505944546686
2.4056390622295662
1.8954618442383218
1.5304930567574826
1.7295739585136223
2.1895415173391393
2.188721875540867
2.0485421394990637
2.188721875540867
1.0
1.914341183612352
2.270942421748537
1.8954618442383218
2.4159220638351666
2.0687942075658454
2.952279791348075
1.8585552118703144
2.120952031026403
2.313675305902416
2.2577560641285177
2.4832156925345843
2.2806390622295662
2.4056390622295662
2.263809173883546
2.133937566094917
2.084962500721156
1.5304930567574824
2.125814583693911
2.3516441151533924
2.075869296697727
1.9709505944546688
1.5709505944546687
2.4300365325772657
2.188721875540867
2.237516816236266
2.2584598927441624
2.133937566094917
2.125814583693911
2.188721875540867
2.2389205950315936
2.146782221599798
1.8230679822736608
2.133937566094917
2.3068905956085186
1.6171895725927152
2.0349409139562287
1.5709505944546687
2.188721875540867
2.288019280279689
2.5831623698356787
1.5306189948485172
2.075074223172834
2.389097655573916
1.2957378005380122
1.9508257945180885
2.289246428509158
2.390468570732828
2.2806390622295662
2.289246428509158
2.390468570732828
2.2806390622295662
1.8464393446710154
1.7381493331928661
2.406666316740689
2.2806390622295662
2.6420846845805
2.1820058147602133
2.1920058354921066
2.2892464285091583
2.5253456211698717
2.4049073493961193
2.6972228878057765
2.103909910282364
2.331802673624286
2.365596230357602
2.41896119556797
1.9211854965885544
2.188721875540867
2.188721875540867
2.3068905956085186
3.259846209267468
2.1559681021459083
1.8464393446710154
2.1920058354921066
2.1258145836939115
2.054585169337799
2.199687794731328
2.339261065733564
1.0
2.288019280279689
1.8954618442383218
2.188721875540867
2.227217001462482
2.452819531114783
2.3393538721672007
1.7709505944546688
3.0451858878805136
1.9329145639793976
2.251614471810182
2.5851521961598243
2.125814583693911
2.3935823097180293
2.103909910282364
2.188721875540867
1.7609640474436812
1.224394445405986
2.120952031026403
1.867633890971212
1.7219280948873623
2.3242764617775693
2.1416195253341384
1.8322628970242687
2.23345859334435
2.1258145836939115
2.4419235206010987
2.125814583693911
2.188721875540867
2.3329145639793976
1.789929075309999
2.3588718484453604
2.4402239289418524
2.1339375660949167
2.199687794731328
2.117492461184755
2.664978737422163
0.0
2.103909910282364
2.9944136039006266
2.049452072789394
2.5904963207654235
2.41896119556797
1.9669171866886992
2.1055872616982603
2.5445313041488338
0.9182958340544896
2.1079637556972086
2.094856783548739
1.8423709931771084
2.3082708345352603
2.4193819456463714
2.3244093931715555
2.7548875021634682
1.8585552118703144
2.4692407821722844
2.188721875540867
2.390468570732828
2.0545851693377997
1.561278124459133
2.188721875540867
2.415922063835167
2.188721875540867
2.2577560641285177
2.41896119556797
1.789929075309999
1.573402452417767
2.2987949406953985
2.0948567835487384
2.573934896284056
2.4922031072054134
2.424835634986198
2.498077546623641
2.2988252450030506
2.385213020743189
2.1416195253341384
2.1258145836939115
2.1258145836939115
2.161978179679554
1.9591479170272448
2.3068905956085186
2.186278124459133
2.4729055953200563
2.054585169337799
1.676737030052133
1.5709505944546684
2.2569089895583545
2.3329145639793976
2.075869296697727
2.3248629576173565
1.5709505944546684
1.867633890971212
1.9362600275315274
1.9211854965885542
2.5046934208291405
2.463458298648303
2.117492461184755
1.5709505944546687
2.4870864433638538
2.4410685859554375
1.7709505944546688
2.406666316740689
2.2577560641285177
2.0922718656836103
2.332914563979398
2.2359263506290326
2.188721875540867
1.6858157091530304
1.855388542207534
1.6140054628542202
2.484255144794799
1.7219280948873623
0.9910760598382222
2.1280852788913944
1.8464393446710154
2.629219686524097
2.133937566094917
1.4854752972273344
1.9565830549165164
2.463865121950854
2.161978179679554
1.7924812503605778
2.441068585955437
2.4885548621928453
2.161978179679554
2.0349409139562287
2.3522170014624826
2.5306390622295662
2.2577560641285177
2.2806390622295662
1.8954618442383218
2.103909910282364
2.1996877947313282
2.389898095464287
2.1820058147602133
1.561278124459133
2.4109059716151027
2.427567157116928
1.823067982273661
1.7609640474436812
2.321695404408628
2.1820058147602133
2.3097494410580937
2.6975942858553137
2.446439344671015
1.061278124459133
2.6762400841760656
2.1042929895909244
1.4355205042826666
1.5709505944546687
2.5433211645258824
2.5657415566293857
2.46199770515261
2.2544475789720946
2.472905595320056
1.9709505944546686
2.35845859334435
2.378783493486176
2.4089134011405116
2.1258145836939115
2.148834854280917
2.188721875540867
1.867633890971212
2.3393538721672007
2.60845859334435
2.4056390622295662
1.9877733714879842
2.078491674029184
1.7232314287976207
2.188721875540867
2.2988252450030506
2.224394445405986
2.4828887343025685
1.9709505944546686
2.4696844590546907
1.854285871987246
1.9877733714879842
2.133937566094917
1.5709505944546684
2.139795093787977
2.155968102145908
2.39207883297832
1.9877733714879842
1.7841591278514217
3.243735757336199
2.188721875540867
2.263809173883546
1.3485878960124222
1.9591479170272446
2.1414460711655217
1.8464393446710154
2.484255144794799
2.35274578087187
2.2081965922770874
2.084962500721156
2.1559681021459074
2.084962500721156
2.054585169337799
1.8954618442383218
2.4692407821722844
2.4193819456463714
2.117492461184755
1.867633890971212
2.117492461184755
2.4138338639736006
2.2825887305018333
2.565957320949175
1.823067982273661
2.2359263506290326
2.1174924611847548
2.256564762130954
2.270942421748537
2.4633663427540564
1.5726236638951638
2.472905595320056
2.270942421748537
1.6691803368667308
2.399397470347699
2.117492461184755
2.072905595320056
2.484255144794799
2.1619781796795534
1.9591479170272446
2.2577560641285177
1.896240625180289
2.539353872167201
1.867633890971212
2.1690354219421173
1.6858157091530304
2.270942421748537
2.6639576111367096
2.199687794731328
2.084962500721156
2.188721875540867
2.362355971203013
2.188721875540867
2.263809173883546
2.3248629576173565
1.5709505944546687
1.9709505944546688
2.7348291192265037
2.155968102145908
2.565445018842856
2.774243302917269
2.075869296697727
2.260820318171659
2.1416195253341384
1.895461844238322
2.4885548621928453
2.542328989413759
2.3745560483818835
1.867633890971212
2.188721875540867
2.188721875540867
2.084962500721156
2.1820058147602133
2.161978179679554
2.054585169337799
2.186278124459133
2.188721875540867
2.0225797618424917
2.8956007146872733
2.389898095464287
2.161978179679554
2.4772170014624826
2.125814583693911
2.2359263506290326
2.199687794731328
0.5435644431995964
2.125814583693911
2.217021885879718
2.6612222135549986
2.28331032843395
1.789929075309999
2.10558726169826
2.1690354219421173
2.490468570732828
2.084962500721156
2.054585169337799
2.0758692966977272
2.437065831519022
0.0
2.5232196723355074
2.4692407821722844
2.1833830982290134
1.8073549220576042
2.3959988705348416
2.5102415025019114
2.161978179679554
1.9751060324573735
2.188721875540867
2.2516291673878226
2.103909910282364
2.339572261986723
2.362450690219827
2.469240782172285
2.054585169337799
2.2389205950315936
1.5304930567574824
2.125814583693911
2.5954618442383213
2.311278124459133
2.125814583693911
2.1258145836939115
2.2988252450030506
2.5162649802318
2.3071885761626687
2.0741647430225756
1.0
2.375
1.6858157091530304
2.1258145836939115
1.676737030052133
2.161978179679554
2.452819531114783
2.039353872167201
2.049452072789394
1.6854752972273346
2.155968102145908
2.1258145836939115
2.2577560641285177
1.8464393446710154
1.9591479170272446
2.148834854280917
2.054585169337799
1.7609640474436812
2.1258145836939115
2.3522170014624826
2.4331958387289765
2.2510345501401265
1.9219280948873623
2.139261930734825
1.9591479170272446
1.9219280948873623
2.1735572622751853
2.155968102145908
2.199687794731328
2.256564762130954
1.809200032697812
2.2359263506290326
2.694693951646702
0.863120568566631
1.9591479170272446
2.6962279123311017
1.7841591278514217
1.6858157091530304
2.4729055953200563
2.3787834934861753
1.7709505944546688
2.4804820237218403
1.5394847569315018
2.084962500721156
2.6140054628542204
2.128085278891394
2.498929563690935
2.054585169337799
2.3253314601288055
2.6531467382894536
2.188721875540867
2.205109900073869
2.188721875540867
2.3248629576173565
2.1626441180472606
2.1258145836939115
2.2062389286533897
2.399397470347699
0.9852281360342515
1.4355205042826666
2.125814583693911
2.278351811711312
2.3718956694089632
2.615319618251277
2.1820058147602133
2.1920058354921066
2.1339375660949167
2.199687794731328
2.188721875540867
2.325331460128806
1.8230264907128848
1.9362600275315274
2.352217001462482
2.3522170014624826
1.5709505944546687
2.795461844238322
2.2607845582978525
2.6141642621051155
2.274397470347699
2.1416195253341384
2.5
1.9877733714879842
2.406666316740689
2.4300365325772657
2.469240782172284
1.823067982273661
1.5
1.0
2.697845823084412
2.2577560641285177
2.4225797618424916
0.8658566174572235
2.1995812306460647
2.6835423624332306
2.199687794731328
1.6854752972273344
2.133937566094917
1.789929075309999
2.1179631753145163
1.971335285306981
1.9808259362290785
2.084962500721156
2.6967788068829472
2.2256051990169436
2.117492461184755
1.9508257945180887
2.199687794731328
2.188721875540867
2.8332062193464953
1.896240625180289
2.103909910282364
1.9808259362290785
2.472905595320056
2.224601752714581
1.9362600275315274
2.2627834289765825
1.9852281360342516
2.120952031026403
2.202819531114783
2.418801937292702
2.382856063692049
2.128085278891394
2.188721875540867
2.1339375660949167
2.289246428509158
2.054585169337799
2.1258145836939115
2.1416195253341384
2.35274578087187
2.4419235206010987
2.1258145836939115
2.1258145836939115
2.4248356349861986
2.3991303913908
2.415922063835167
2.3588718484453604
1.895461844238322
2.427501949976853
2.826245258402609
2.399397470347699
2.0545851693377997
2.133937566094917
2.3522170014624826
2.2584598927441624
0.6500224216483541
2.270942421748537
2.188721875540867
2.4300365325772657
2.1819370635467044
2.1967916319816365
2.2577560641285177
2.633206219346495
1.867633890971212
2.161978179679554
2.084962500721156
2.422579761842491
2.6294817080809567
1.8676338909712125
1.860964047443681
2.4159220638351666
1.789929075309999
2.0930692077718898
2.188721875540867
2.155968102145908
2.188721875540867
2.188721875540867
1.5510981710072647
2.1174924611847548
2.1416195253341384
0.863120568566631
2.3935823097180293
2.1559681021459074
2.408694969562842
2.2389205950315936
2.351593723348755
2.084962500721156
2.0922718656836103
2.188721875540867
2.660964047443681
2.188721875540867
1.4355205042826666
2.440404017720928
2.2920717524577867
2.3082708345352603
2.552832161679204
2.5497873815230374
2.161978179679554
1.7609640474436812
1.8676338909712125
2.199687794731328
2.2584598927441624
2.260820318171659
1.8585552118703144
1.8542858719872461
2.2272170014624826
1.823067982273661
2.2988252450030506
2.2516144718101816
1.5304930567574826
2.161978179679554
2.1258145836939115
1.9473387961875537
2.3935823097180293
2.188721875540867
1.9808259362290785
2.354550226546896
2.217021885879718
2.103909910282364
2.76902557364365
2.188721875540867
2.038159681645953
2.256908989558354
2.730467373953645
2.4047933024618025
2.502598068247261
1.4056390622295665
2.234201009820717
2.4056390622295662
1.8585552118703144
2.4656044744551613
2.441923520601099
0.5916727785823275
0.0
2.161978179679554
1.5
2.1920058354921066
2.155968102145908
2.1800365325772657
2.575588697084778
2.270942421748537
2.339572261986723
2.463366342754057
2.2987949406953985
2.35274578087187
2.133937566094917
2.2359263506290326
1.2389012566026305
1.224394445405986
2.2098886380147267
1.7841591278514217
1.3792804872910605
2.1996877947313282
1.3516441151533922
1.3921472236645345
2.049452072789394
2.1895415173391393
2.5337712560645573
2.084962500721156
1.9808259362290785
1.9508257945180885
2.463458298648303
1.884313527799799
2.5575876602558645
1.5219280948873621
2.2610439833372844
2.5032583347756456
2.460904932167797
2.117492461184755
2.103909910282364
2.188721875540867
1.561278124459133
1.731519764647184
2.374556048381884
2.1055872616982603
2.6661353810124964
2.623705563421668
2.1556390622295662
1.7709505944546688
2.4935410903536543
2.3787753681456
2.676737030052132
2.084962500721156
1.6729330318733675
2.439353872167201
2.378783493486176
2.6292492238560343
2.460964047443681
1.8585552118703144
2.4159220638351666
2.188721875540867
2.396782221599798
1.4315602842833157
2.1812056673346514
2.6416396727898706
2.356208226014064
2.4662478973127313
2.0
1.896240625180289
3.026573816166253
2.422579761842491
2.125814583693911
1.6691803368667308
1.8348772427566493
2.10845859334435
2.41896119556797
2.054585169337799
2.148834854280917
1.3921472236645345
2.270942421748537
2.4930168491445683
2.188721875540867
2.091917186688699
1.8542858719872461
2.072905595320056
2.188721875540867
2.217021885879718
1.9362600275315274
2.054585169337799
2.188721875540867
2.2988252450030506
2.270942421748537
1.8464393446710154
2.389898095464287
2.0458416408851736
2.3515937233487554
2.270942421748537
2.4789990674205957
2.054585169337799
2.188721875540867
2.1887218755408666
1.9219280948873623
1.9219280948873623
2.2577560641285177
1.4854752972273344
2.5232314287976205
2.1339375660949167
2.1174924611847548
2.103909910282364
1.8810947601100747
2.6372976958285714
2.188721875540867
2.103909910282364
1.5
2.440404017720928
2.1258145836939115
1.9362600275315274
2.3942811477133947
2.359879028736861
2.251034550140126
1.9591479170272446
2.327632809290636
2.5935346841684104
2.084962500721156
2.4830067805200744
2.5724312513221195
2.594906618243939
2.054585169337799
1.9591479170272446
2.188721875540867
2.2988252450030506
2.395998870534841
2.5232196723355074
2.148834854280917
2.084962500721156
2.084962500721156
2.35274578087187
1.7295739585136223
2.3068905956085186
2.224394445405986
2.049452072789394
1.9709505944546686
2.41896119556797
1.6143308351592656
1.4466166676282082
2.5599101373467525
2.063558608511122
1.7709505944546688
2.061278124459133
2.5445313041488333
2.199687794731328
2.117492461184755
1.95006375643621
1.5709505944546687
2.199687794731328
2.7201287774331875
2.549818681183645
2.406666316740689
2.0419460322060456
2.498929563690935
2.1280852788913944
2.3991303913908
1.8250112108241772
2.1735572622751853
2.1339375660949167
1.867633890971212
2.125814583693911
1.895461844238322
2.1464657985040723
2.396310424640968
2.3787834934861753
1.5709505944546687
2.4340899381887553
2.437065831519022
2.367111469779674
2.1619781796795534
2.6199707109276353
1.5510981710072647
2.1620910134936397
2.1055872616982603
1.9591479170272446
1.9219280948873623
2.484255144794799
2.389898095464287
2.054585169337799
1.9591479170272446
1.2987949406953985
1.5709505944546687
1.6729330318733675
2.188721875540867
0.863120568566631
1.9362600275315274
2.4692407821722844
2.365596230357602
2.0758692966977272
2.5464393446710156
1.3921472236645345
2.1416195253341384
2.188721875540867
2.463865121950854
2.4200824632751345
2.199687794731328
1.9508257945180885
1.5304930567574824
1.5304930567574824
2.5039975273348483
1.9362600275315274
2.1280852788913944
1.6858157091530304
2.217021885879718
2.2806390622295662
2.57882039287438
1.9362600275315274
2.206238928653389
2.2806390622295662
2.266270436896047
2.188721875540867
2.3248629576173565
2.4056390622295662
2.1258145836939115
2.589518302689536
1.5510981710072647
0.0
1.9591479170272446
2.4225797618424916
2.4047933024618025
2.4226754683112177
2.1735572622751853
2.054585169337799
2.389898095464287
2.1887218755408666
2.721928094887362
1.4466166676282082
2.5424826938097276
2.270942421748537
1.9219280948873623
1.9362600275315274
2.6480702569172987
1.867633890971212
2.049452072789394
1.5709505944546684
2.3522170014624826
2.728596194529001
2.038159681645953
2.784010874644601
2.5261207468426807
2.1416195253341384
2.199687794731328
2.188721875540867
2.5580510765444577
2.6601297526332575
1.1567796494470395
2.6098501660289424
2.084962500721156
2.117492461184755
2.217021885879718
2.199687794731328
1.4056390622295665
2.188721875540867
1.9473387961875537
2.2892464285091583
1.7841591278514217
2.3068905956085186
1.6171895725927152
1.5
1.7709505944546688
2.054585169337799
1.561278124459133
2.270942421748537
2.609850166028943
1.4355205042826666
1.9362600275315274
2.1339375660949167
1.4299111709758698
2.212503842372268
2.766150648454355
2.660916062631478
2.2405330040422813
2.075869296697727
2.1774212838293647
2.5227400452149484
1.8879185026711327
2.1735572622751853
2.199687794731328
2.256564762130954
1.9591479170272446
1.9877733714879842
2.125814583693911
2.3082708345352603
1.7295739585136223
2.1258145836939115
2.4300365325772657
1.7055872616982601
1.823067982273661
2.41896119556797
1.6140054628542204
2.103909910282364
1.9591479170272448
2.049452072789394
2.2051099000738694
2.6048074635028677
2.375
2.452819531114783
2.5868878409958134
1.295461844238322
1.8954618442383218
1.5
2.452819531114783
2.5650765423363695
2.399397470347699
2.188721875540867
2.517201802582726
2.133937566094917
1.6858157091530304
1.8339272176418302
2.1774212838293647
2.161978179679554
2.199687794731328
2.1174924611847548
2.4305946180235423
2.289246428509158
2.1258145836939115
1.9500637564362102
2.7045348998193433
2.4377285451423574
2.378783493486176
1.9473387961875537
2.199687794731328
2.125814583693911
2.075869296697727
2.188721875540867
2.188721875540867
1.561278124459133
2.224601752714581
2.075869296697727
2.2988252450030506
2.188721875540867
2.3522170014624826
2.8488547018003167
1.9219280948873623
2.199687794731328
1.676737030052133
2.3068905956085186
2.0349409139562287
2.117492461184755
2.1887218755408666
2.395998870534841
2.188721875540867
2.6420795639257113
2.3353836207645444
2.339572261986723
1.9362600275315274
2.271782221599798
2.133937566094917
2.217021885879718
2.188721875540867
2.5016094970590275
2.188721875540867
2.054585169337799
2.5609640474436812
1.9508257945180885
2.084962500721156
2.4662478973127318
2.4138338639736006
2.1820058147602133
0.5435644431995964
2.8170775392086482
2.4300365325772657
1.9591479170272448
1.3516441151533924
2.188721875540867
1.7219280948873623
2.117492461184755
1.8585552118703144
2.270942421748537
2.188721875540867
2.1209520310264036
2.339572261986723
2.1920058354921066
2.054585169337799
2.8016094970590277
2.359879028736861
1.5709505944546684
2.2516291673878226
2.0634582986483037
2.054585169337799
2.1258145836939115
2.1464657985040723
2.084962500721156
2.636056086195823
2.565445018842856
2.375
1.5709505944546687
1.8464393446710154
2.4056390622295662
2.270942421748537
2.270942421748537
2.188721875540867
2.881816159866312
2.15638283494957
2.3921472236645345
2.199687794731328
0.5916727785823275
1.7709505944546688
2.5025980682472606
1.5394847569315018
2.321127473337187
2.1209520310264036
2.282588730501833
2.3522170014624826
2.4056390622295662
2.380430487800112
1.5510981710072647
2.378783493486176
1.7841591278514217
2.589518302689536
2.270942421748537
1.4949188482339508
2.4355205042826666
2.5496128717735016
1.7709505944546688
2.084962500721156
2.103909910282364
1.867633890971212
2.339572261986723
2.660964047443681
1.8773870642966133
2.1339375660949167
2.41896119556797
1.7884504573082896
2.199687794731328
1.8464393446710154
2.133937566094917
1.8585552118703144
2.054585169337799
1.9362600275315274
2.1258145836939115
2.4225797618424916
2.3588718484453604
2.6158045319402516
2.4300365325772657
2.708694969562842
2.862961352340425
2.270942421748537
2.3329145639793976
1.3516441151533922
2.125814583693911
2.311278124459133
2.120952031026403
2.2322628970242686
2.577819531114783
2.6900616179453083
2.1174924611847548
1.5304930567574826
2.392147223664534
2.188721875540867
1.9015064025015063
2.2806390622295662
2.374556048381884
1.823067982273661
2.3248629576173565
2.075869296697727
2.2200683022340693
1.061278124459133
2.5424826938097276
2.332914563979398
2.133937566094917
2.270942421748537
2.411509198419911
1.7381493331928664
2.584023687015089
2.084962500721156
2.4973419908730565
1.7709505944546688
2.217021885879718
2.117492461184755
1.9219280948873623
1.7695459925589747
2.149397470347699
2.396782221599798
2.3248629576173565
1.9362600275315274
2.054585169337799
2.188721875540867
1.6854752972273346
1.867633890971212
1.9591479170272448
2.324862957617356
1.3516441151533924
2.084962500721156
2.35274578087187
2.483006780520075
2.1339375660949167
2.054585169337799
2.5941178916311856
2.199687794731328
2.2806390622295662
2.1339375660949167
2.365596230357602
2.2464393446710154
1.8464393446710154
2.4338936296611426
2.217021885879718
2.2577560641285177
1.889246428509158
2.3248629576173565
2.2892464285091583
2.1339375660949167
2.0545851693377997
1.0
2.0758692966977272
2.125814583693911
1.7709505944546688
1.9852281360342514
1.9211854965885542
2.6213526136130225
1.965596230357602
2.188721875540867
2.2806390622295662
2.0849625007211565
0.7642045065086203
1.9746017527145812
1.8773870642966133
2.3071885761626687
2.1416195253341384
1.6854752972273346
2.3659573209491747
2.23345859334435
2.402084237819134
2.155968102145908
1.5709505944546684
2.473851389610045
2.821928094887362
1.5566567074628228
1.9877733714879842
2.263809173883546
2.354550226546896
1.7381493331928661
1.9362600275315274
2.188721875540867
2.0741647430225756
2.225610814520738
2.4562195638120263
2.1416195253341384
2.3395722619867225
2.084962500721156
2.497906570104942
2.4056390622295662
1.7382689280764647
2.4410685859554375
2.293455052528059
2.045841640885174
2.41896119556797
2.2825887305018333
2.4159220638351666
2.565445018842856
1.6729330318733675
2.3522170014624826
1.8980933736695382
2.0758692966977272
2.472905595320056
2.1920058354921066
2.375
1.9808259362290785
1.5709505944546684
1.3516441151533922
2.256564762130954
1.7609640474436812
1.5304930567574824
2.4322574485535142
2.5032583347756456
2.4056390622295662
2.2988252450030506
1.9751060324573735
1.789929075309999
2.472905595320056
2.4732696895151083
2.0349409139562287
2.217021885879718
2.1209520310264036
1.3609640474436813
2.35274578087187
2.161978179679554
1.914341183612352
2.038159681645953
2.075869296697727
1.9219280948873623
0.9852281360342515
2.188721875540867
2.4885548621928453
2.199687794731328
2.103909910282364
0.0
1.867633890971212
2.045841640885174
2.3522170014624826
1.617189572592715
0.863120568566631
2.155968102145908
1.6729330318733675
1.8919954870390203
2.345719283930527
2.3898980954642877
2.133937566094917
2.3903360647604432
2.3522170014624826
1.9508257945180887
2.33012496531497
2.371533594790784
1.9877733714879842
2.452819531114783
2.3068905956085186
2.128085278891394
1.9877733714879842
2.188721875540867
2.188721875540867
1.895461844238322
2.188721875540867
2.4056390622295662
2.2806390622295662
1.7709505944546688
2.199687794731328
2.133937566094917
2.125814583693911
2.103909910282364
2.1258145836939115
2.3498616884765235
2.63947252694149
2.3935823097180293
2.2516144718101816
2.5445313041488338
1.8585552118703144
2.199687794731328
2.565957320949175
2.181496329528675
2.3942811477133947
1.994299475957303
1.6858157091530304
2.430832051224084
2.2806390622295662
1.8585552118703144
2.4875555180168556
1.579434002924965
2.399397470347699
2.1280852788913944
2.045841640885174
2.5954618442383217
2.176908169168578
2.4250983688183
1.9219280948873623
2.199687794731328
2.4402239289418515
2.313675305902416
1.9508257945180885
2.117492461184755
2.199687794731328
1.5709505944546684
1.7783283537314114
2.396782221599798
2.2856005389623073
2.321127473337187
1.8776402831734211
2.729573958513622
2.395998870534841
2.161978179679554
2.289246428509158
2.1690354219421173
2.4193819456463714
2.084962500721156
2.2988252450030506
2.4164997849817107
1.9591479170272446
1.9508257945180885
2.694781460584273
2.273728829005326
2.458453829233059
2.4410685859554375
1.6858157091530304
2.256564762130954
2.054585169337799
2.188721875540867
2.279799131837405
1.9219280948873623
2.270942421748537
2.377443751081734
2.6676286494293433
2.1174924611847548
2.1280852788913944
2.013132465170739
1.584962500721156
2.0458416408851736
0.863120568566631
2.199687794731328
2.382856063692049
2.188721875540867
1.6854752972273346
2.217021885879718
1.7169171866886992
2.288019280279689
2.1868085945630504
2.279799131837405
2.1416195253341384
2.305958492868042
2.2988252450030506
1.789929075309999
2.396782221599798
1.6171895725927152
2.074164743022575
2.3745560483818835
1.5219280948873621
2.510056460356539
2.4300365325772657
2.270942421748537
2.224601752714581
2.4225797618424916
2.2988252450030506
2.35274578087187
2.374556048381884
2.3496489125787523
2.5868878409958134
2.162224255767953
1.9508257945180885
0.5916727785823275
2.4922031072054134
2.349601752714581
1.7295739585136223
2.5306390622295662
2.188721875540867
1.7609640474436812
2.4056390622295662
1.5766212201074912
2.1416195253341384
2.527495543791609
2.1995812306460647
2.5
2.209888638014727
1.8464393446710154
2.1339375660949167
2.199687794731328
1.789929075309999
1.5744174271404585
0.9910760598382222
2.640521962682592
2.4633663427540564
2.441923520601099
2.4219280948873623
1.8810947601100747
2.3871251585103024
1.7709505944546688
1.9182958340544893
1.6854752972273346
2.452819531114783
1.8810947601100747
2.1258145836939115
2.1995812306460647
1.7695459925589747
1.9219280948873623
1.8676338909712125
0.9852281360342515
3.0910110746638897
2.3068905956085186
2.4922031072054134
2.2322628970242686
2.380430487800112
2.282588730501833
1.6171895725927152
2.378783493486176
2.8927021732601896
1.914341183612352
1.5709505944546684
1.561278124459133
2.2988252450030506
2.9344340657990293
2.188721875540867
2.063202513215852
1.7609640474436812
2.577697282049906
1.9877733714879842
2.735926350629033
2.1258145836939115
2.382856063692049
2.3071885761626687
2.463458298648303
2.084962500721156
2.103909910282364
2.038159681645953
2.072905595320056
2.1626441180472606
1.9220231428515733
2.6765196263630653
1.6691803368667308
2.1559681021459074
2.0545851693377997
2.472905595320056
2.440251218626855
2.072905595320056
2.125814583693911
2.4834585933443494
2.738552853578734
2.199687794731328
2.1174924611847548
1.867633890971212
2.084962500721156
1.9219280948873623
0.8112781244591328
2.2988252450030506
2.298852726158181
2.1492553971685
2.188721875540867
2.2577560641285177
2.0202442071537563
1.584962500721156
2.2359263506290326
2.6227783478842652
2.389898095464287
1.8954618442383218
1.6729330318733675
2.054585169337799
2.2987949406953985
2.3248629576173565
2.133937566094917
2.1339375660949167
2.045841640885174
2.188721875540867
2.470950594454669
2.282588730501833
1.6140054628542204
2.1258145836939115
2.4613201402110088
1.224394445405986
2.320075382754602
2.7179717342678
2.120952031026403
2.3843641434371503
2.5993895916167014
1.823067982273661
2.585827939143041
2.133937566094917
2.2312702546075753
1.9182958340544893
2.188721875540867
1.4466166676282082
1.5
1.5709505944546687
2.2322628970242686
2.510056460356539
2.527495543791609
2.049452072789394
2.049452072789394
2.188721875540867
2.3248629576173565
2.049452072789394
2.1258145836939115
2.321127473337187
1.8676338909712125
2.720128777433188
2.075869296697727
2.188721875540867
2.382856063692049
1.5304930567574824
1.9362600275315274
2.4915485198790632
1.9852281360342512
2.228212945841001
1.789929075309999
2.717126390731844
2.5941178916311856
2.4410685859554375
1.9362600275315274
2.217021885879718
2.440223928941852
2.41896119556797
2.188721875540867
2.045841640885174
0.5916727785823275
1.965596230357602
2.440223928941852
2.3516441151533924
2.2272170014624826
2.0670314951575843
2.0458416408851736
2.2987949406953985
2.3068905956085186
2.674460868536108
2.117492461184755
2.217021885879718
2.783773428879243
2.0670314951575843
2.2577560641285177
2.3787834934861753
2.2806390622295662
2.2627834289765825
1.9877733714879842
2.1055872616982603
1.561278124459133
2.2577560641285177
2.005977711423774
2.257756064128518
0.9219280948873623
2.4980775466236413
2.8389095979826053
1.9362600275315274
1.5726236638951638
2.439005517604766
2.5810134015775863
2.3898980954642877
2.5550365325772657
2.8899168453199873
2.199687794731328
2.270942421748537
1.9591479170272446
2.188721875540867
2.1416195253341384
2.084962500721156
2.6261207468426804
2.6792617822531843
2.045841640885174
2.1416195253341384
2.188721875540867
1.061278124459133
2.188721875540867
2.125814583693911
2.4477979600193263
2.332914563979398
1.867633890971212
1.5304930567574824
2.074164743022575
1.5709505944546687
2.621928094887362
2.1887218755408666
2.389898095464287
2.2322628970242686
2.4842551447947994
2.225610814520738
2.188721875540867
2.5048003415472864
2.4300365325772657
2.7080986635018056
2.054585169337799
2.3523479118118216
2.3248629576173565
2.3921472236645345
1.6854752972273344
2.4225797618424916
2.217021885879718
2.339572261986723
2.4300365325772657
2.084962500721156
2.469240782172285
2.054585169337799
2.542482693809727
2.717090774749888
1.8676338909712125
2.6321921215711943
2.41896119556797
2.133937566094917
1.5766212201074912
2.2737288290053255
2.103909910282364
1.6140054628542202
2.5025980682472606
2.2322628970242686
2.474601752714581
1.8464393446710154
2.1339375660949167
1.7891312259695478
2.389898095464287
2.6793743705131985
1.8464393446710154
1.7219280948873623
2.084962500721156
1.9591479170272446
2.125814583693911
2.188721875540867
2.084962500721156
2.188721875540867
2.256564762130954
2.266270436896047
2.0545851693377997
2.155968102145908
2.1812056673346514
2.35845859334435
2.188721875540867
2.188721875540867
1.6691803368667308
2.2892464285091583
2.3991303913908
2.0662478973127314
2.858871738195259
2.4584538292330587
2.270942421748537
2.155968102145908
2.188721875540867
2.3071885761626683
2.188721875540867
2.133937566094917
2.054585169337799
2.380430487800112
1.870253816431622
1.8879185026711327
2.452819531114783
2.406666316740689
2.0
2.0225797618424917
2.075869296697727
2.188721875540867
1.650022421648354
1.224394445405986
2.2569089895583545
2.4225797618424916
1.6854752972273344
1.8954618442383218
2.6384790868834984
1.8810947601100747
2.313459750171824
2.436278124459133
2.054585169337799
2.1774212838293647
2.084962500721156
2.1774212838293647
2.054585169337799
2.8011278747225874
2.1774212838293647
2.1535654389463628
2.084962500721156
2.389898095464287
0.5916727785823275
2.084962500721156
2.689798190080989
2.188721875540867
2.5232196723355074
1.573402452417767
2.2544475789720946
1.0
2.0758692966977272
1.992778107459939
2.48345859334435
1.8553885422075338
2.054585169337799
1.5
2.117492461184755
1.9508257945180885
1.2987949406953985
2.103909910282364
2.1774212838293647
3.0757315032041883
2.332914563979398
2.440223928941852
1.823067982273661
1.5709505944546684
1.4949188482339508
1.5394847569315018
1.4353713907745331
2.406666316740689
2.4300365325772657
2.270942421748537
2.084962500721156
1.4056390622295665
2.0634582986483037
2.4176286494293433
2.1464657985040723
2.527495543791609
1.9591479170272446
2.651793902628769
2.359879028736861
2.679056793839107
1.5219280948873621
1.9808259362290785
0.9852281360342515
2.2516144718101816
2.2280722251069975
2.4410685859554375
1.8250112108241772
1.9362600275315274
2.103909910282364
2.199687794731328
2.1735572622751853
1.6171895725927152
2.217021885879718
2.2577560641285177
1.6854752972273346
2.363865121950854
2.1258145836939115
2.075869296697727
2.2334585933443494
1.9591479170272448
1.867633890971212
2.2322628970242686
2.1258145836939115
2.188721875540867
2.311278124459133
1.6171895725927152
2.1920058354921066
1.8879185026711325
2.3464393446710154
2.161978179679554
1.9329145639793979
2.1174924611847548
2.271782221599798
2.311278124459133
2.3161315241801876
1.8676338909712125
2.133937566094917
1.4854752972273344
2.404678473063571
2.377443751081734
2.224601752714581
2.120952031026403
2.5724312513221195
2.0762893592941096
2.5249449750847117
1.4355205042826666
2.278351811711312
1.7609640474436812
2.117492461184755
1.781937063546704
2.064042639445697
2.217021885879718
2.054585169337799
2.371533594790784
2.5423289894137593
2.2577560641285177
2.469240782172285
2.389898095464287
2.161978179679554
2.1619781796795534
2.188721875540867
2.4885548621928453
2.4072682296173893
0.6500224216483541
2.41896119556797
2.188721875540867
1.8879185026711327
1.5709505944546687
2.199687794731328
0.863120568566631
2.4300365325772657
2.499544305608131
2.5152998034933436
1.9362600275315274
2.5580510765444573
2.188721875540867
2.35845859334435
2.41896119556797
1.061278124459133
2.2577560641285177
2.719964304742391
1.8879185026711327
2.0922718656836103
2.054585169337799
2.48345859334435
2.2577560641285177
2.6709505944546685
1.4854752972273344
1.6854752972273344
1.360964047443681
2.103909910282364
1.9182958340544893
1.9591479170272448
2.1179631753145163
2.3248629576173565
2.742824692361507
1.8262452584026092
2.0202442071537563
2.1179631753145163
1.9362600275315274
2.188721875540867
2.224601752714581
2.2359263506290326
2.3667452542142176
1.9591479170272448
3.056564762130954
2.603975726610715
2.3508524035751006
2.1968403362256748
2.4863286677871854
2.188721875540867
1.867633890971212
2.289246428509158
2.188721875540867
2.133937566094917
2.279799131837405
2.7288579901087826
2.311278124459133
0.9852281360342515
2.5216406363433186
2.3432578733442675
1.7272486062639207
2.5993895916167014
2.161978179679554
2.1258145836939115
1.4854752972273344
2.415922063835166
2.2806390622295662
2.038159681645953
2.3935823097180293
2.280641024580894
2.504693420829141
2.469240782172284
1.9508257945180885
2.359879028736861
2.2098886380147267
2.128085278891394
2.1258145836939115
2.0662478973127314
2.2577560641285177
2.075869296697727
2.7199643047423914
2.2892464285091583
0.9852281360342515
1.6729330318733675
2.469240782172284
1.4949188482339508
1.8879185026711327
2.380430487800112
2.2569089895583545
2.399397470347699
2.188721875540867
2.188721875540867
1.9473387961875537
2.199687794731328
2.3282129458410012
1.9508257945180887
2.7378723922315147
2.23345859334435
2.3242764617775697
2.133937566094917
1.7709505944546688
2.6282129458410015
2.1258145836939115
2.133937566094917
2.332914563979398
2.246439344671015
2.378783493486176
2.378991986900062
2.1819370635467044
1.5
2.1559681021459083
1.807354922057604
2.375
1.7609640474436812
2.212503842372268
1.4911148500551854
2.270942421748537
1.9709505944546686
2.1820058147602133
2.0545851693377997
2.263809173883546
1.3921472236645345
2.0349409139562287
2.045841640885174
1.8954618442383218
2.067031495157584
2.688054690915721
1.6729330318733675
2.635213020743189
2.054585169337799
2.227217001462482
2.270942421748537
1.896240625180289
2.103909910282364
2.084962500721156
2.424835634986198
2.1735572622751858
0.8453509366224364
2.3301249653149703
1.8843135277997989
2.2577560641285177
2.424835634986198
2.161978179679554
2.826281402888167
2.1774212838293647
2.038159681645953
1.6854752972273344
1.9211796919474975
2.188721875540867
2.460904932167797
2.2892464285091583
1.867633890971212
3.173973134604409
1.789929075309999
2.0402239289418524
1.5
1.8843135277997989
2.0461796919474975
2.271782221599798
2.0998625053956435
1.9362600275315274
2.1619781796795534
1.2987949406953985
2.133937566094917
2.6703397002311067
1.8919954870390203
2.256564762130954
1.7609640474436812
2.199687794731328
2.452819531114783
2.1258145836939115
2.3515937233487554
1.6858157091530304
2.1174924611847548
1.584962500721156
2.452819531114783
2.1836670779209113
2.181937063546704
2.199687794731328
2.3082708345352603
2.009541986444596
2.5226203095310216
1.8339272176418302
1.8073549220576042
2.1258145836939115
2.263809173883546
1.676737030052133
2.054585169337799
1.9362600275315274
2.5580510765444573
2.074164743022575
2.5306390622295662
2.199687794731328
0.5916727785823275
2.365596230357602
2.084962500721156
2.145136370153053
2.0461796919474975
1.7609640474436812
2.188721875540867
3.02228695549263
1.789929075309999
2.2856946147259993
2.245869617795809
2.5634425677041555
2.1339375660949167
2.1055872616982603
2.350209029099897
2.552832161679204
2.440223928941852
0.5916727785823275
0.0
2.526280481683624
2.0930692077718898
2.1920058354921066
2.1800365325772657
2.2987949406953985
2.5039975273348483
2.3053206513329316
2.1735572622751853
2.149397470347699
2.2062389286533897
2.378783493486176
2.5464393446710156
2.188721875540867
2.188721875540867
1.8879185026711327
2.054585169337799
2.2988252450030506
2.049452072789394
1.9591479170272446
2.8483739120143694
2.339261065733564
1.9591479170272446
2.188721875540867
2.469240782172285
2.2544475789720946
1.5709505944546687
2.148834854280917
2.08132205902363
1.6729330318733675
2.206238928653389
2.075869296697727
2.217021885879718
1.9182958340544893
2.1258145836939115
1.9808259362290785
2.263809173883546
2.537229107438418
1.9219280948873623
2.2359263506290326
2.133937566094917
2.5318692569751744
2.1258145836939115
2.6234408134745886
2.665957320949175
2.389898095464287
2.3248629576173565
2.1920058354921066
2.188721875540867
2.8385668472672974
2.710070621397605
2.4587037808644103
2.133937566094917
2.1258145836939115
2.3248629576173565
1.4911148500551858
2.217021885879718
1.823067982273661
1.9508257945180885
2.2584598927441624
1.922023142851573
2.1619781796795534
2.365596230357602
2.217021885879718
2.375
2.161978179679554
2.3935823097180293
1.8322488896002305
2.3576039891860257
2.188721875540867
2.225610814520738
2.0349409139562287
2.35274578087187
1.6691803368667308
2.3973349103525243
2.188721875540867
2.1280852788913944
2.389898095464287
2.572623663895164
2.3248629576173565
1.8230679822736608
1.8464393446710154
2.4830067805200744
2.217021885879718
2.6864194113487736
2.117492461184755
2.502598068247261
2.117492461184755
1.6691803368667308
1.8892464285091581
2.350209029099897
1.6644977792004614
2.054585169337799
2.075869296697727
2.188721875540867
2.452819531114783
1.95006375643621
1.8919954870390203
2.3248629576173565
2.1995812306460647
2.188721875540867
2.084962500721156
2.5498550315128585
2.10845859334435
2.1887218755408666
2.4300365325772657
2.389898095464287
2.1559681021459074
2.271782221599798
2.054585169337799
2.4863286677871854
1.950212064914747
2.1492553971685
2.084962500721156
1.8230264907128848
1.950212064914747
2.188721875540867
2.1920058354921066
1.9942994759573032
2.349601752714581
0.5916727785823275
1.7709505944546688
2.406666316740689
2.1280852788913944
1.8512268158971916
1.6171895725927152
2.350209029099897
2.472905595320056
1.9362600275315276
2.3068905956085186
2.702940087321047
2.4225797618424916
2.3082708345352603
2.644413829577611
2.274397470347699
1.0
2.2988252450030506
2.4752732343462407
1.6854752972273344
2.188721875540867
2.1339375660949167
2.5086949695628418
2.41896119556797
2.074164743022575
2.234890027672485
1.2516291673878228
2.1996877947313282
2.4066663167406888
2.206238928653389
1.584962500721156
2.117492461184755
2.2810361125534233
2.188721875540867
1.1567796494470395
1.9473387961875537
1.8810947601100747
2.0086949695628418
2.2256051990169436
2.188721875540867
2.2892464285091583
2.3843641434371508
1.855388542207534
2.1258145836939115
2.4729055953200563
2.0131324651707385
1.896240625180289
1.9591479170272446
2.0989295636909353
2.2389205950315936
2.4863286677871854
2.6688388898504303
1.5
2.4662478973127313
2.084962500721156
2.452819531114783
2.4402239289418524
2.199687794731328
2.133937566094917
2.389898095464287
1.3921472236645345
2.378783493486176
1.8585552118703144
2.063558608511122
2.0294069451656007
2.406647097785926
2.332914563979398
2.074164743022575
1.9808259362290785
2.199687794731328
2.1258145836939115
1.8464393446710154
2.35274578087187
2.5903672786934906
2.3515937233487554
2.125814583693911
0.5916727785823275
2.322756958897399
2.1532912318904804
0.0
2.35845859334435
2.289246428509158
2.125814583693911
2.075869296697727
2.557727778739319
2.084962500721156
1.9508257945180885
1.896240625180289
2.396782221599798
2.3959988705348416
2.2322628970242686
2.149397470347699
2.3329145639793976
2.5839259400536587
2.462349565017769
2.365596230357602
2.4834585933443494
2.274397470347699
2.633206219346495
1.8553885422075338
2.1619781796795534
2.054585169337799
1.895461844238322
2.6715277841122744
2.054585169337799
2.161978179679554
1.5304930567574824
2.133937566094917
2.375
2.2280722251069975
1.867633890971212
2.399397470347699
0.9852281360342515
2.199687794731328
2.3253314601288055
2.1258145836939115
1.8585552118703144
2.0487949406953985
1.962806631693174
2.217021885879718
2.3208020839342964
2.359879028736861
2.0948567835487384
2.206238928653389
2.1622242557679536
2.5488311018176457
0.5435644431995964
1.9211854965885542
2.533771256064557
1.8250112108241772
2.3301249653149703
2.2892464285091583
2.515789584174682
2.5703326197105736
2.392147223664535
2.6709505944546685
2.270942421748537
2.522740045214949
2.2806390622295662
2.35274578087187
2.038159681645953
1.924174352300441
1.9877733714879842
2.3935823097180293
2.7515148217241325
2.5393538721672004
2.4066663167406888
2.1174924611847548
2.0349409139562287
2.205109900073869
1.789929075309999
2.084962500721156
1.9709505944546686
2.199687794731328
1.855388542207534
1.6691803368667308
2.547204475088165
1.4854752972273344
1.6854752972273346
2.270942421748537
2.1258145836939115
1.5709505944546687
2.2577560641285177
2.1920058354921066
1.950212064914747
2.380430487800112
2.1209520310264036
2.125814583693911
2.3787834934861753
1.9473387961875537
2.354508493280131
2.289246428509158
2.038159681645953
2.366745254214217
2.345719283930527
2.424390712584253
2.498077546623641
1.9473387961875537
2.436278124459133
2.372094637795624
2.2987949406953985
2.5841837197791886
2.038159681645953
2.0758692966977272
2.049452072789394
1.5058762556041068
2.1174924611847548
2.399397470347699
2.199687794731328
2.458453829233059
1.8464393446710154
2.1920058354921066
1.584962500721156
2.260820318171659
2.4628671470807624
2.103909910282364
1.4256051990169438
2.7527152789797045
2.4729055953200563
2.4973419908730565
3.1479578728872353
2.084962500721156
2.396310424640968
2.378991986900062
2.194266986672329
2.1258145836939115
2.1416195253341384
2.3432578733442675
1.7709505944546688
1.9362600275315274
2.2892464285091583
2.188721875540867
1.9591479170272446
1.9056390622295665
1.9219280948873623
1.789929075309999
2.724719803319052
2.4322574485535142
2.3935823097180298
2.8730319327366343
2.0458416408851736
2.270942421748537
1.823067982273661
1.9591479170272446
2.1820058147602133
2.6174924611847556
2.5654483718208247
1.5304930567574826
2.188721875540867
2.188721875540867
2.5521796970665487
2.125814583693911
2.5
2.279799131837405
2.199687794731328
2.0989295636909353
2.2627834289765825
1.7219280948873623
2.188721875540867
2.6946276868547967
2.074164743022575
2.57243125132212
2.1619781796795534
1.7709505944546688
2.139097655573916
2.8132098295058956
2.35274578087187
2.901558951480824
2.5828765043125568
1.5709505944546684
2.452819531114783
2.256564762130954
0.4689955935892812
2.161978179679554
2.17403586834798
2.4692407821722844
2.2608203181716595
2.725480556997868
2.378783493486176
2.1258145836939115
2.35274578087187
2.625671327604699
2.1416195253341384
2.074164743022575
2.0461796919474975
2.580931707668867
2.350209029099897
1.8676338909712125
2.606464856747655
2.546846589342404
2.117492461184755
2.3299574748443264
2.199687794731328
2.2892464285091583
2.5860388152612774
1.9086126988727123
2.403088045919318
2.1887870678023824
1.9473387961875537
2.298852726158181
2.2458696177958086
1.8464393446710154
1.823067982273661
2.4366054343178827
1.9362600275315276
2.074164743022575
2.332914563979398
2.4767967526855204
2.460904932167797
2.256908989558354
2.350209029099897
2.4138338639736006
0.0
1.6767370300521325
1.9182958340544893
1.7272486062639207
2.0458416408851736
2.155968102145908
1.9508257945180885
2.147348781633051
2.1042929895909244
1.9591479170272446
2.6812763696025814
2.4464393446710155
1.6858157091530304
2.054585169337799
2.1492553971685
2.1258145836939115
2.084962500721156
2.0202442071537563
2.4115091984199104
2.472905595320056
1.823067982273661
2.270942421748537
2.2577560641285177
1.7609640474436812
2.41896119556797
0.9864267287308424
0.8453509366224364
2.038159681645953
2.5540665597407552
0.5032583347756457
1.9068905956085187
2.3329145639793976
2.4772170014624826
2.1179631753145163
2.5294881142662007
2.2954618442383214
1.9877733714879842
2.327632809290636
2.049452072789394
1.4294732983598406
2.1837548319239213
2.540534109342369
1.7709505944546688
1.8676338909712125
1.760495029766198
2.188721875540867
1.854285871987246
2.209888638014727
2.576621220107491
2.125
2.270942421748537
1.95006375643621
1.8250112108241772
2.0349409139562287
2.536068719073486
1.867633890971212
2.5304930567574826
2.1836670779209113
1.3709505944546687
1.5
2.146465798504072
2.084962500721156
2.263809173883546
2.1179631753145163
2.3898980954642877
2.1895415173391393
2.35274578087187
2.2359263506290326
2.0922718656836103
1.789929075309999
2.054585169337799
1.823067982273661
2.5633141867143197
2.103909910282364
1.6858157091530304
2.188721875540867
2.399397470347699
2.2608203181716595
2.0741647430225756
2.133937566094917
1.4466166676282082
2.074164743022575
2.323934896284056
2.3921472236645345
2.117492461184755
2.188721875540867
2.161978179679554
1.9591479170272448
2.206238928653389
2.155968102145908
2.4806821149663847
2.4863286677871854
2.2806390622295662
2.2806390622295662
2.1258145836939115
2.1258145836939115
1.561278124459133
2.227217001462482
1.9219280948873623
1.7709505944546688
2.439353872167201
2.1179631753145163
2.2987949406953985
2.1258145836939115
2.56507654233637
1.9508257945180885
2.3515937233487554
2.1174924611847548
1.9362600275315274
1.9182958340544893
2.1258145836939115
2.125814583693911
2.049452072789394
2.054585169337799
1.9182958340544893
2.1258145836939115
2.125814583693911
1.9182958340544893
2.1258145836939115
2.125814583693911
1.9669171866886992
2.5306390622295662
2.614369445886757
2.2577560641285177
2.2577560641285177
2.10845859334435
2.188721875540867
2.2806390622295662
2.188721875540867
1.8585552118703144
2.5337712560645573
2.360964047443681
2.1920058354921066
1.5262349099495225
2.4248356349861986
2.5306390622295662
2.614369445886757
2.4164997849817107
2.33012496531497
1.9254106352407234
2.1868085945630504
1.3516441151533922
1.6893917467430877
1.7609640474436812
2.1820058147602133
2.2638091738835464
2.2609640474436814
1.867633890971212
2.375
2.0349409139562287
2.3242764617775697
2.0
1.5304930567574824
2.005977711423774
2.6654287319935026
2.424835634986198
2.2608203181716595
2.6873230684749942
2.169925001442312
2.1774212838293647
1.5219280948873621
2.279799131837405
1.2406705316766884
1.867633890971212
2.125814583693911
2.382856063692049
1.9591479170272446
2.5324156286861546
1.9591479170272446
2.289246428509158
1.7609640474436812
2.1209520310264036
1.7709505944546688
1.5709505944546687
2.2098886380147267
1.823067982273661
2.490468570732828
2.4159220638351666
2.422579761842491
2.4402239289418524
2.6147869792568113
1.896240625180289
2.311278124459133
1.7758589482446405
2.0545851693377997
2.1174924611847548
2.2988252450030506
2.6497944620435705
2.188721875540867
1.8676338909712125
2.380430487800112
2.621928094887362
2.4729055953200567
2.2577560641285177
2.161978179679554
2.4300365325772657
1.9056390622295665
2.283383098229013
2.4477979600193263
2.210973616506754
2.084962500721156
1.7924812503605778
2.270942421748537
2.4885548621928453
1.9709505944546688
2.2322628970242686
2.256564762130954
2.188721875540867
2.1892869761976885
0.9852281360342515
2.5997015926687768
2.161978179679554
2.188721875540867
2.1820058147602133
2.1887218755408666
2.1735572622751853
2.188721875540867
2.490468570732828
2.126614471810182
2.199687794731328
2.188721875540867
2.2892464285091583
2.8032156925345846
2.260820318171659
2.35274578087187
1.7709505944546688
2.565445018842856
2.217021885879718
2.382856063692049
2.3329145639793976
2.424835634986198
2.125814583693911
2.360964047443681
2.765744121871841
2.70704651822997
2.60845859334435
2.378783493486176
2.4334111926211226
2.270942421748537
2.5498550315128585
1.9362600275315274
1.922023142851573
2.199687794731328
2.5096856969120642
2.045841640885174
2.291620193427939
2.452819531114783
2.1492553971685
2.084962500721156
2.298852726158181
2.365596230357602
1.5304930567574824
2.1416195253341384
2.2892464285091583
2.4300365325772657
2.5895183026895356
2.125
2.161978179679554
2.224601752714581
2.1619781796795534
2.2577560641285177
2.339469826472333
2.188721875540867
1.8262452584026092
2.1416195253341384
1.7534343861887849
2.365596230357602
2.2256051990169436
2.188721875540867
2.4588718484453604
2.217021885879718
2.224601752714581
2.199687794731328
1.9542473996920804
2.6579065701049416
2.188721875540867
2.188721875540867
2.263809173883546
2.1800365325772657
2.343257873344267
2.289246428509158
2.3329145639793976
2.463366342754057
2.4047933024618025
2.1559681021459074
1.7841591278514217
2.3695710038552735
2.188721875540867
2.4659573209491747
2.6374562251871687
2.075869296697727
2.1464657985040723
2.377443751081734
1.896240625180289
2.4692407821722844
2.460964047443681
2.4355205042826666
2.6820247103552535
2.1174924611847548
1.6729330318733675
2.054585169337799
2.6179781404530447
2.3395722619867225
2.345719283930527
1.5709505944546687
2.5993895916167014
2.125
2.1820058147602133
2.6171895725927143
1.9508257945180885
1.9591479170272446
2.125814583693911
0.5665095065529053
2.072905595320056
1.6171895725927152
2.4875555180168556
2.064042639445697
2.3921472236645345
2.199687794731328
2.181937063546704
1.922023142851573
1.224394445405986
2.1179631753145163
2.446439344671015
1.6503255293408436
1.8553885422075338
2.3068905956085186
2.3068905956085186
1.8542858719872461
2.125814583693911
2.125814583693911
2.390863696857044
2.365596230357602
1.9698157824268105
2.406666316740689
2.6416041678685938
2.4056390622295662
0.0
1.7273966735744792
2.1887218755408666
2.681625957074392
2.5249449750847117
1.789929075309999
2.440404017720928
2.120952031026403
2.399397470347699
2.332914563979398
2.133937566094917
2.389898095464287
2.133937566094917
0.9864267287308424
2.2062389286533897
1.867633890971212
2.084962500721156
2.365596230357602
2.1179631753145163
2.4662478973127313
2.1174924611847548
2.260820318171659
2.5306390622295662
2.63587973498176
2.35274578087187
1.6858157091530304
1.9591479170272446
2.413833863973601
2.270942421748537
1.8676338909712125
2.149397470347699
2.117492461184755
1.9500637564362098
2.368681608963656
2.1920058354921066
2.0524212838293647
2.3136753059024158
2.0225797618424917
2.188721875540867
2.404678473063571
1.5709505944546687
2.3395722619867225
1.8250112108241772
2.1619781796795534
2.1339375660949167
2.188721875540867
2.289246428509158
2.084962500721156
1.9473387961875537
2.125814583693911
1.8542858719872461
1.9709505944546686
2.5582975702780195
2.649397470347699
2.3329145639793976
2.084962500721156
1.6729330318733675
1.8676338909712125
2.084962500721156
2.2389205950315936
2.199687794731328
1.5304930567574824
2.6282129458410015
2.084962500721156
2.125814583693911
2.054585169337799
2.1890109092981254
2.1258145836939115
2.339572261986723
2.1258145836939115
2.389898095464287
1.9709505944546686
2.4056390622295662
2.335505556517097
2.1258145836939115
2.399397470347699
2.398545841174989
0.8112781244591328
2.1619781796795534
2.415922063835167
2.2569089895583545
2.1339375660949167
2.7603136973125104
2.365596230357602
2.510056460356539
1.9877733714879844
1.5510981710072647
2.6219280948873624
1.584962500721156
2.2577560641285177
2.6465654794373026
2.3374296708819795
2.5013905495618576
2.5239860659612976
1.8585552118703144
2.2359263506290326
2.5935346841684104
1.9399824743635556
2.133937566094917
2.406666316740689
2.4980775466236413
2.349601752714581
2.0225797618424917
2.309296668237004
1.6858157091530304
2.1339375660949167
2.5253456211698713
1.7489992230622806
1.896240625180289
1.822815600352516
1.6858157091530304
2.5166775832212602
2.199687794731328
2.3659573209491747
2.4729055953200563
2.4370658315190226
2.4613201402110083
2.4159220638351666
2.256564762130954
2.440404017720928
2.2577560641285177
2.064042639445697
2.311278124459133
2.125814583693911
2.2825887305018333
2.372094637795624
1.8585552118703146
1.895461844238322
2.054585169337799
2.4729055953200563
2.199687794731328
2.4767967526855204
2.1938311332103213
2.3432578733442675
1.5709505944546687
2.539353872167201
1.823067982273661
2.380430487800112
1.9362600275315274
2.599389591616702
2.406666316740689
1.5465935642949382
1.5304930567574824
2.188721875540867
1.8676338909712125
2.4863286677871854
2.3068905956085186
2.389898095464287
2.4066663167406888
2.3789919869000626
2.0545851693377997
2.560964047443681
2.103909910282364
2.1619781796795534
2.008694969562842
1.8542858719872461
2.064042639445697
2.255688840858892
2.332914563979398
2.161978179679554
2.199086165113526
0.0
2.199687794731328
2.270942421748537
2.075869296697727
2.2322628970242686
1.9211854965885544
2.2892464285091583
2.365596230357602
2.146465798504072
2.2322628970242686
2.289246428509158
2.565957320949175
2.188721875540867
2.633206219346495
2.188721875540867
2.188721875540867
2.188721875540867
2.7676461209612233
1.3516441151533922
2.3991303913908
2.040223928941852
2.365596230357602
2.469240782172284
2.5048003829823355
2.406666316740689
1.6171895725927152
2.188721875540867
2.6113464332493885
2.188721875540867
2.0989295636909353
2.075869296697727
1.9362600275315274
2.282588730501833
2.125814583693911
1.9182084341546166
2.6573852766501784
2.125814583693911
2.5688455738247655
2.7673546029246885
1.8585552118703144
2.5935346841684104
1.8339272176418302
2.375
2.378783493486176
1.5304930567574824
2.271782221599798
2.188721875540867
2.206238928653389
2.289246428509158
2.103909910282364
2.2608203181716595
2.8439462981346573
2.188721875540867
2.188721875540867
0.9182958340544896
2.125814583693911
1.8230264907128848
2.470950594454669
1.780672129520887
2.1920058354921066
2.2825887305018333
2.0132790219068077
2.4571430570779964
2.4225797618424916
1.8954618442383218
2.3329145639793976
2.1820058147602133
2.103909910282364
2.289246428509158
2.1339375660949167
2.3242764617775693
2.2892464285091583
2.3515937233487554
2.2750883842139
2.1416195253341384
2.56507654233637
1.8542858719872461
2.133937566094917
1.7884504573082893
1.8464393446710154
2.25
1.8250112108241772
2.117492461184755
2.378783493486176
2.1800365325772657
1.8352377453121174
2.0634582986483037
2.611641588620618
2.199687794731328
2.5046934208291405
2.2125038423722683
2.1258145836939115
2.4477309221191605
2.038159681645953
1.4854752972273344
2.188721875540867
1.895461844238322
1.8464393446710154
1.0
1.676737030052133
2.117492461184755
2.396782221599798
2.532096688995876
0.6500224216483541
2.2322628970242686
2.9791433471121023
2.8709505944546683
2.35274578087187
2.2825887305018333
2.256564762130954
2.045841640885174
1.6767370300521325
2.349601752714581
2.5701906367554073
1.0
2.454822399946606
2.439353872167201
2.2272170014624826
2.181937063546704
2.6292492238560343
1.895461844238322
2.0524212838293647
1.8464393446710154
2.5868878409958143
2.1559681021459083
2.0670314951575843
2.188721875540867
2.6092658292494404
0.9852281360342515
2.3071885761626687
2.1258145836939115
2.5497873815230374
2.434250019028106
1.4854752972273344
2.465069461815837
2.33012496531497
2.139261930734825
2.33012496531497
1.3516441151533922
2.161978179679554
2.6292196865240967
2.199687794731328
2.440404017720928
2.054585169337799
2.3282129458410017
2.1127408236392258
2.054585169337799
2.5306390622295662
2.3248629576173565
2.188721875540867
2.452819531114783
2.5294881142662007
2.2987949406953985
2.426221479642774
1.789929075309999
2.2389205950315936
2.188721875540867
0.954434002924965
2.2988252450030506
2.038159681645953
2.103909910282364
1.9473387961875537
2.103909910282364
1.9182958340544893
2.2516144718101816
1.5304930567574824
2.2125038423722683
1.8676338909712125
2.199687794731328
2.3248629576173565
1.4854752972273344
2.440223928941852
2.084962500721156
2.7544418457133455
1.9362600275315274
1.823067982273661
2.1174924611847548
2.3248629576173565
2.054585169337799
2.188721875540867
1.224394445405986
2.879506460812006
1.7709505944546688
2.460904932167797
1.3921472236645345
2.3204233749536676
2.365596230357602
1.4466166676282082
2.452819531114783
2.188721875540867
2.3959988705348416
2.2988252450030506
2.209888638014727
1.9362600275315274
2.3395722619867225
2.5521796970665482
1.3346791410515946
3.0570089617574223
2.188721875540867
2.4419235206010987
2.6016094970590276
2.4225797618424916
2.560964047443681
2.1920058354921066
1.9362600275315274
2.2359263506290326
1.9591479170272446
2.188721875540867
2.0922718656836103
1.823067982273661
2.3432578733442675
2.1836670779209113
2.4980775466236413
2.199687794731328
2.1209520310264036
2.3068905956085186
1.573402452417767
2.48345859334435
2.9313076001654323
2.3248629576173565
2.188721875540867
2.4705570854766368
2.372094637795624
2.561848239589024
1.95006375643621
2.133937566094917
0.9852281360342515
1.8954618442383218
2.4300365325772657
2.2988252450030506
2.4863286677871854
2.199687794731328
1.3485878960124222
2.1339375660949167
1.295461844238322
2.224394445405986
2.488785591776994
2.6646538037890366
1.9362600275315274
1.8464393446710154
2.117492461184755
2.054585169337799
2.3068905956085186
2.1619781796795534
2.2062389286533897
1.3921472236645345
1.650022421648354
2.382856063692049
2.199687794731328
2.2569089895583545
1.9591479170272446
1.9709505944546688
1.823067982273661
1.8230264907128848
1.7219280948873623
2.161978179679554
2.038159681645953
2.084962500721156
1.5709505944546687
1.5304930567574826
1.9211854965885542
1.3921472236645345
2.1209520310264036
1.6858157091530304
2.372094637795624
2.054585169337799
2.406666316740689
2.1258145836939115
1.9591479170272446
2.1280852788913944
2.3674756591421
2.521782221599798
2.117492461184755
2.038159681645953
1.4466166676282082
2.149397470347699
1.8585552118703144
1.5709505944546687
2.4115091984199104
1.7709505944546688
2.3508524035751006
2.39207883297832
2.2577560641285177
1.7709505944546688
3.014558528164159
2.1820058147602133
2.1887218755408666
1.9546859469463558
2.270942421748537
2.351644115153392
2.1339375660949167
2.117492461184755
1.9362600275315274
2.260820318171659
1.7609640474436812
2.601382162091293
2.35274578087187
2.161978179679554
1.8585552118703144
2.3749589477025568
1.0
1.5709505944546687
2.0930692077718893
1.5709505944546684
2.2322628970242686
1.6854752972273346
1.8585552118703144
1.4056390622295665
2.1920058354921066
1.3709505944546687
2.472286512019201
2.573916565794554
2.7767469323332654
