Shannon_Entropy
2.566599874621717
1.7464657985040721
1.468090781663233
1.8910611120726526
2.3192300332930778
2.4086279179414536
2.4356371288264103
1.991076059838222
2.0991505584543058
2.30896456442329
1.666875576740238
2.6969792499657945
1.9669171866886992
1.3663146570363986
2.3279491421353997
1.8498687225851778
1.5744174271404585
1.4604846813131116
2.424071367119249
2.176381781515699
1.6578764348499595
1.7709505944546686
2.568171185713877
1.7735572622751854
1.9386790169573507
2.2266523289565594
2.1818184609812477
1.7534343861887849
1.5744174271404585
2.2577174691301485
1.9972264631946568
2.199979326716487
2.502651074477361
2.579175248921058
1.5306189948485172
2.234697002530877
1.2957378005380122
2.7694267866069935
2.4909047849862587
1.8322628970242687
2.4342685732304794
1.9565830549165164
2.393828022094786
2.3097494410580937
2.4183062116196425
1.7232314287976207
2.362355971203013
1.8243220819972437
2.5395341619085974
2.039353872167201
2.2773276830375746
1.860964047443681
2.234201009820717
2.1837548319239213
1.2389012566026305
1.3792804872910605
2.2610439833372844
1.731519764647184
1.4315602842833157
1.8348772427566493
2.5788528158822395
2.1620910134936397
2.1440239107574226
1.4299111709758698
1.7055872616982601
2.15638283494957
1.889246428509158
1.5566567074628228
1.8892464285091581
1.7382689280764647
1.8980933736695382
2.181496329528675
2.116299605701696
1.579434002924965
1.8024212838293647
1.7783283537314114
1.8776402831734211
1.7169171866886992
1.5766212201074912
1.5744174271404585
2.5700355658756875
2.063202513215852
2.717126390731844
2.5048003415472864
1.7891312259695478
2.1535654389463628
2.4176286494293433
2.3161315241801876
1.781937063546704
2.4072682296173893
2.1968403362256748
2.280641024580894
2.374693951646702
2.009541986444596
2.247224320061398
1.8892464285091581
1.8512268158971916
2.234890027672485
1.2516291673878228
2.0086949695628418
1.5058762556041068
1.4256051990169438
1.9056390622295665
0.4689955935892812
2.17403586834798
2.1042929895909244
0.8453509366224364
1.4294732983598406
2.1837548319239213
1.7832474385325099
2.325331460128806
1.5262349099495225
1.9254106352407234
2.2609640474436814
1.9056390622295665
2.1782172046912827
1.9542473996920804
0.5665095065529053
1.6503255293408436
2.2920966889958763
2.1828246075296165
2.547376442410102
2.293610996209648
2.2835864548588423
2.077356839972948
2.443898340669092
1.9399824743635556
1.7489992230622806
1.822815600352516
2.1938311332103213
2.4202776983278507
2.255688840858892
1.9182084341546166
2.532096688995876
2.454822399946606
2.1127408236392258
1.3346791410515946
2.3508524035751006
1.9546859469463558
