Shannon_Entropy
2.610577243331642
2.950212064914748
2.521640636343318
2.9398290174664026
2.2312702546075753
2.222902012623316
2.699513850319966
3.039148671903071
2.699513850319966
2.75
2.279799131837405
2.8423709931771084
2.5580510765444573
2.5495234595978324
1.5744174271404585
2.2892464285091583
2.263809173883546
2.3432578733442675
2.7052290027422967
2.522620309531022
2.2942740671928616
3.0472044750881655
2.98345859334435
1.9254106352407239
2.5016094970590275
2.4225797618424916
2.389898095464287
2.6986604604011157
2.35274578087187
2.074164743022575
2.036080697230572
2.771902372038559
2.6825887305018328
1.764097655573916
2.4137995646056805
1.949137865273585
2.60845859334435
1.9211854965885542
2.2256051990169436
2.7534343861887853
2.744842531753244
2.840223928941852
2.197159723424149
2.972647869578619
2.98345859334435
2.5580510765444573
1.9852281360342516
1.578897902987479
3.0565647621309537
2.610577243331642
3.09306920777189
2.7806390622295662
1.8565647621309542
2.217021885879718
2.8073549220576037
2.8073549220576046
1.9746017527145812
2.524397470347699
3.1732242417265013
2.2825887305018333
2.063558608511122
2.077819531114783
2.960964047443681
2.7107770844150676
2.950212064914748
2.2183641295938012
2.5027361715940035
2.7534343861887853
2.495602923729013
2.60845859334435
1.626688849701832
2.427501949976853
3.4613201402110083
2.7395722619867224
2.422579761842491
2.495602923729013
2.288019280279689
2.33012496531497
2.1820058147602133
2.692380602454975
2.610577243331642
2.699513850319966
2.6986885704510972
2.5492553971684995
1.8423709931771084
2.4137995646056805
2.6455933144511468
2.5071273521802224
2.199082295352821
2.2988252450030506
2.4404040177209283
2.846439344671015
2.952819531114783
2.282588730501833
2.389898095464287
2.5495234595978324
2.610577243331642
2.378783493486175
2.3522170014624826
2.3342564252133498
2.938721875540867
2.5265566831442516
1.825605199016944
2.7805879119528756
3.1230815755575545
2.7792553760679404
2.794653473544342
2.556656707462823
2.4806821149663847
2.2825887305018333
2.270942421748537
1.6627801778601177
1.5166422780956523
2.4772170014624826
2.6062389286533896
3.344451289867013
2.1735572622751853
1.965596230357602
2.7316112300691393
2.886122093394784
2.2109736165067546
2.5521796970665482
2.2588718484453603
2.610577243331642
2.699513850319966
2.5366082543914996
2.6644977792004614
2.827819531114783
3.5220552088742005
2.923231428797621
2.1464657985040723
3.6430665422822583
2.349601752714581
2.789898095464287
2.0989295636909353
2.6644977792004614
2.1812056673346514
2.3329145639793976
2.2464393446710154
2.523822909896159
2.7806390622295662
2.3248629576173565
2.9035130461074465
2.6521537203561136
2.503701696057348
2.5550365325772657
3.4397106501513606
2.950212064914747
2.26816710905054
3.09306920777189
2.7068905956085185
0.8683927290103626
2.0542292966721747
2.610577243331642
2.2051099000738694
2.332914563979398
2.270942421748537
1.965596230357602
2.4300365325772657
2.118127828603382
3.006238928653389
2.3577174691301486
2.2988252450030506
2.866247897312731
2.7550576199383072
2.7744019192887706
2.365596230357602
2.8423709931771093
2.8402239289418514
2.8962915290459277
3.430532378891851
2.610577243331642
2.28103432843145
3.3972900588623807
2.8962915290459277
2.8073549220576046
2.8423709931771093
2.378783493486176
2.6825887305018328
2.610577243331642
2.610577243331642
2.426221479642774
3.0565647621309537
1.3727069617019705
2.6644977792004614
3.2810361125534233
2.013911951300547
2.2588718484453603
2.4137995646056805
2.217021885879718
3.326859785930733
1.983084164143437
1.626688849701832
2.1967916319816365
2.146782221599798
2.332914563979398
2.6986604604011157
2.6062389286533896
2.610577243331642
2.610577243331642
1.6774212838293647
2.7898980954642867
2.5735572622751848
2.720582776146013
2.610577243331642
1.8062389286533895
2.5495234595978324
2.739572261986723
2.7528553052032323
2.8402239289418514
2.5304930567574826
2.708694969562842
2.4137995646056805
2.8218881955261788
2.950212064914747
2.1492553971685
3.0574760762899316
2.827819531114783
2.146782221599798
2.1800365325772657
1.8679653582397104
2.4066663167406888
1.8256051990169437
2.4156614701917634
2.6078612261419973
2.699513850319966
2.6986604604011157
2.7534343861887853
2.893825284084664
2.2389205950315936
2.048542139499064
2.4662478973127313
2.927451224964519
2.606238928653389
2.6644977792004614
2.8073549220576046
3.0086949695628418
1.5216406363433184
2.7806390622295662
2.4137995646056805
2.4772170014624826
2.905764584655453
2.7534343861887853
2.6389205950315935
2.4137995646056805
2.8073549220576046
3.1158340921632197
2.6337314206421327
1.2326602568158205
2.2388464582072087
2.3156678763770073
2.4855141929550557
2.5027361715940035
2.521640636343318
2.038295381909521
2.6986885704510972
2.8118441013102036
2.074164743022575
2.363865121950854
2.6062389286533896
2.984234164652489
1.9754128972590443
3.0130709291038453
2.4729055953200563
2.138688570451097
2.35274578087187
2.8073549220576046
1.809200032697812
2.327632809290636
2.5868878409958143
3.1898980954642866
2.6098501660289424
2.3248629576173565
2.3144908557451114
2.349601752714581
1.9301249653149701
1.9937737543219836
2.366938392638896
1.8636243031319606
3.4867608511844344
2.7534343861887853
