Shannon_Entropy
3.5633723239437636
3.4396707299160867
3.4142219175794377
3.101755021967804
3.6399424353202434
2.140089154039312
1.5875114046178431
1.9280538602748805
2.366938392638896
1.812666565385177
2.025920856105764
1.6959321011224375
2.12445329944018
3.0837651410695517
2.0543474847814207
1.9894908719265076
2.708694969562842
1.3727069617019705
2.206428310992824
2.3239348962840563
2.148634573470573
2.0623828479473416
2.0550365325772657
1.7055872616982601
2.10845859334435
2.6312929881819005
2.2062389286533897
2.950212064914747
2.378783493486176
2.8073549220576046
2.2662649802318
2.3655962303576015
2.6455933144511468
1.6879430945989
2.472905595320056
2.35274578087187
2.5495234595978324
2.8073549220576037
2.950212064914747
2.472905595320056
1.9751060324573733
1.8322488896002305
2.378783493486176
2.067031495157584
1.8322488896002305
2.6892464285091577
2.6644977792004614
2.6644977792004614
2.24889864066388
2.1174924611847548
1.3250112108241772
1.7464657985040721
2.3576039891860257
1.7924812503605778
1.6258145836939115
2.5220552088742
1.579434002924965
1.2366407419411674
1.8810947601100747
1.7849418274376427
2.6047525408113685
2.117492461184755
2.188721875540867
2.751629167387823
2.2464393446710154
2.5219280948873624
1.7219280948873623
2.521928094887362
2.521928094887362
1.6171895725927152
1.7609640474436812
1.5480811728102728
2.246439344671016
2.246439344671016
2.1219280948873624
1.789929075309999
2.1219280948873624
2.1219280948873624
1.3752793655393791
1.2406705316766884
1.3221793455166666
2.321928094887362
2.2464393446710154
2.521928094887362
2.521928094887362
1.7609640474436812
1.3609640474436813
2.2312702546075758
1.9709505944546688
1.9709505944546688
1.4949188482339508
2.2464393446710154
2.121928094887362
2.1219280948873624
1.855388542207534
1.8464393446710154
1.5709505944546687
1.5709505944546687
1.7609640474436812
2.5219280948873624
2.521928094887362
1.8464393446710154
2.5219280948873624
2.5219280948873624
2.2464393446710154
1.8464393446710154
1.5709505944546687
2.396240625180289
2.5219280948873624
2.1219280948873624
2.5219280948873624
1.5709505944546684
2.521928094887362
2.1219280948873624
2.1219280948873624
1.9219280948873623
2.2464393446710154
2.1219280948873624
2.1219280948873624
2.521928094887362
2.5219280948873624
2.521928094887362
2.1219280948873624
1.7295739585136223
1.7609640474436812
2.5219280948873624
1.7219280948873623
2.278351811711312
1.823067982273661
2.25
2.25
1.9056390622295665
1.9056390622295665
1.75
1.9056390622295665
1.2987949406953985
1.9056390622295665
1.75
1.6577427265048887
1.4355205042826666
1.9056390622295665
1.9056390622295665
1.6858157091530304
0.8112781244591328
1.224394445405986
0.9864267287308424
1.836591668108979
1.2987949406953985
1.2987949406953985
1.2987949406953985
1.3516441151533922
1.2987949406953985
1.061278124459133
1.9056390622295665
1.061278124459133
1.2987949406953985
1.9056390622295665
2.25
2.25
1.9056390622295665
2.25
2.25
2.2810361125534238
1.75
1.9056390622295665
1.75
2.0
1.9056390622295665
2.2810361125534238
2.25
1.836591668108979
2.25
2.2464393446710154
2.25
2.25
1.75
1.4056390622295665
1.9056390622295665
2.25
1.7527152789797045
2.25
1.6577427265048887
1.5304930567574826
1.5
1.1401156785146092
1.836591668108979
1.836591668108979
1.9056390622295665
0.9182958340544896
1.2987949406953985
1.2987949406953985
2.25
1.2987949406953985
1.75
1.9056390622295665
1.9056390622295665
2.25
2.25
2.25
2.25
1.9056390622295665
2.2810361125534238
1.9056390622295665
2.25
2.0
1.5304930567574826
1.9056390622295665
2.25
2.25
1.6577427265048887
2.25
2.0
2.25
2.2312702546075758
1.561278124459133
1.75
1.5
1.8365916681089791
1.9056390622295665
1.836591668108979
1.5
1.9056390622295665
1.75
1.561278124459133
2.25
1.75
1.561278124459133
1.75
1.561278124459133
0.9910760598382222
1.75
1.75
1.836591668108979
1.5304930567574826
1.75
1.75
1.9056390622295665
2.25
1.561278124459133
1.9056390622295665
1.75
1.3921472236645345
1.7527152789797045
1.8910611120726526
2.25
1.75
1.4056390622295665
1.2987949406953985
1.75
1.75
1.75
1.75
1.9056390622295665
1.9056390622295665
1.561278124459133
1.5
1.2987949406953985
0.8112781244591328
1.9056390622295665
1.9056390622295665
1.75
1.061278124459133
1.2987949406953985
1.061278124459133
1.836591668108979
1.75
1.9056390622295665
1.75
2.2295739585136225
2.25
2.197159723424149
2.25
2.25
2.25
2.25
2.197159723424149
2.25
2.25
2.25
2.25
1.9056390622295665
2.25
1.6577427265048887
2.197159723424149
1.8365916681089791
1.9056390622295665
1.9056390622295665
1.9056390622295665
1.9056390622295665
1.75
2.25
1.75
1.5
1.75
1.9056390622295665
1.9056390622295665
1.836591668108979
1.75
1.836591668108979
2.25
2.25
1.9056390622295665
1.9749375012019272
2.25
2.25
2.2464393446710154
1.75
2.25
2.25
2.1709505944546685
2.25
1.836591668108979
1.836591668108979
2.25
1.950212064914747
1.836591668108979
1.5
1.5
1.75
1.9056390622295665
1.9056390622295665
1.4056390622295665
1.75
1.75
2.2810361125534238
1.836591668108979
1.4056390622295665
1.9056390622295665
1.061278124459133
1.9056390622295665
2.25
1.4056390622295665
1.8910611120726526
1.789929075309999
1.9056390622295665
1.4056390622295665
2.25
0.5665095065529053
1.9056390622295665
2.25
1.9056390622295665
1.561278124459133
2.25
2.25
2.197159723424149
1.75
2.197159723424149
1.9749375012019272
1.9056390622295665
1.836591668108979
1.836591668108979
1.75
1.8910611120726526
1.9056390622295665
1.8365916681089791
1.561278124459133
1.9056390622295665
1.75
1.75
1.561278124459133
1.9056390622295665
2.25
2.25
2.25
2.25
2.25
1.9056390622295665
2.0
1.9056390622295665
2.25
2.0
2.25
2.25
2.25
2.25
1.9056390622295665
1.9056390622295665
1.9056390622295665
2.25
1.9056390622295665
2.25
2.2810361125534238
2.25
2.25
2.25
1.75
2.25
2.1709505944546685
2.25
1.6854752972273346
1.75
1.75
1.836591668108979
0.9798687566511528
1.9056390622295665
2.25
2.25
2.25
2.25
1.836591668108979
2.25
2.197159723424149
2.25
1.836591668108979
2.25
2.197159723424149
2.25
2.197159723424149
2.25
2.25
1.9056390622295665
1.9056390622295665
1.9056390622295665
2.25
2.25
2.25
2.25
2.2810361125534238
2.25
2.25
1.75
1.836591668108979
2.25
2.25
2.25
2.197159723424149
2.25
1.75
1.4355205042826666
1.6577427265048887
1.4056390622295665
1.561278124459133
2.25
2.0
1.9056390622295665
2.25
1.9056390622295665
2.25
2.25
2.25
2.25
2.25
2.0
1.5
2.0
1.75
1.974937501201927
2.2810361125534238
1.8910611120726526
2.25
1.9056390622295665
1.75
1.9056390622295665
1.9056390622295665
1.75
1.9056390622295665
2.25
2.25
2.25
2.25
1.9056390622295665
2.197159723424149
2.25
2.25
2.2464393446710154
2.25
1.7527152789797045
1.75
1.75
2.25
2.25
1.75
2.25
2.2464393446710154
1.75
1.75
1.2987949406953985
1.9056390622295665
1.836591668108979
1.9056390622295665
1.9219280948873623
2.25
1.9056390622295665
1.9056390622295665
1.9056390622295665
2.25
2.25
1.224394445405986
1.9056390622295665
2.25
1.75
1.75
1.5
1.9056390622295665
2.25
1.9056390622295665
1.836591668108979
1.5
2.25
1.9056390622295665
1.5
2.25
1.9056390622295665
2.25
1.9056390622295665
1.75
1.5
1.9056390622295665
2.25
1.9362600275315274
1.9056390622295665
1.9056390622295665
2.25
2.25
1.4355205042826666
0.8112781244591328
1.9056390622295665
1.9056390622295665
1.6577427265048887
1.2987949406953985
2.0
2.25
1.9056390622295665
2.25
2.25
1.4056390622295665
0.8112781244591328
2.0
2.25
2.25
1.9056390622295665
2.25
1.836591668108979
1.9056390622295665
2.25
2.25
1.9056390622295665
1.4056390622295665
1.75
1.9056390622295665
2.25
1.75
1.75
1.9056390622295665
1.9056390622295665
2.25
2.25
2.25
2.0
1.974937501201927
2.25
1.2987949406953985
2.0
1.9056390622295665
2.197159723424149
2.25
2.25
2.25
0.9864267287308424
1.5
2.25
1.75
1.9056390622295665
1.8464393446710154
1.2987949406953985
1.061278124459133
2.25
2.25
2.25
1.75
1.75
2.25
1.9056390622295665
2.25
2.25
2.25
1.75
0.9182958340544896
0.9182958340544896
0.9182958340544896
1.584962500721156
1.584962500721156
0.863120568566631
1.584962500721156
1.584962500721156
1.584962500721156
0.9182958340544896
1.584962500721156
1.584962500721156
1.584962500721156
1.584962500721156
0.9182958340544896
0.863120568566631
0.9182958340544896
0.9852281360342515
0.9182958340544896
0.9182958340544896
0.9182958340544896
1.584962500721156
0.9182958340544896
1.584962500721156
1.584962500721156
1.584962500721156
1.5566567074628228
1.584962500721156
1.584962500721156
1.584962500721156
0.9182958340544896
1.584962500721156
1.584962500721156
1.584962500721156
1.584962500721156
1.584962500721156
1.584962500721156
1.5566567074628228
1.584962500721156
1.584962500721156
1.584962500721156
1.584962500721156
0.863120568566631
0.954434002924965
0.9182958340544896
0.9182958340544896
0.9182958340544896
0.9182958340544896
0.863120568566631
0.9182958340544896
1.584962500721156
1.584962500721156
0.9182958340544896
0.9852281360342515
0.9182958340544896
1.584962500721156
0.9182958340544896
0.9182958340544896
0.9182958340544896
1.584962500721156
1.584962500721156
0.9182958340544896
0.9182958340544896
0.9182958340544896
1.584962500721156
1.584962500721156
1.584962500721156
0.9182958340544896
1.584962500721156
1.584962500721156
0.9182958340544896
1.584962500721156
0.9182958340544896
0.9182958340544896
0.9182958340544896
1.584962500721156
1.584962500721156
1.584962500721156
1.584962500721156
1.584962500721156
1.584962500721156
1.584962500721156
1.584962500721156
1.584962500721156
1.584962500721156
1.584962500721156
1.584962500721156
0.9182958340544896
0.9182958340544896
0.8453509366224364
0.9182958340544896
0.9182958340544896
0.9182958340544896
0.9182958340544896
0.9852281360342515
0.9182958340544896
0.9182958340544896
0.9182958340544896
1.584962500721156
1.561278124459133
1.5566567074628228
0.863120568566631
0.9182958340544896
1.584962500721156
1.584962500721156
1.584962500721156
1.584962500721156
0.9182958340544896
0.9182958340544896
0.9182958340544896
0.9182958340544896
1.584962500721156
1.5566567074628228
1.584962500721156
1.584962500721156
1.584962500721156
0.9182958340544896
0.9182958340544896
1.584962500721156
0.9182958340544896
0.9182958340544896
0.9182958340544896
0.9182958340544896
0.9182958340544896
0.9182958340544896
0.9182958340544896
0.9182958340544896
1.584962500721156
1.584962500721156
1.584962500721156
1.584962500721156
1.584962500721156
1.584962500721156
0.9182958340544896
1.584962500721156
1.584962500721156
1.584962500721156
1.584962500721156
1.584962500721156
1.5566567074628228
1.584962500721156
0.9182958340544896
0.9182958340544896
1.584962500721156
1.584962500721156
1.584962500721156
1.5566567074628228
1.584962500721156
1.584962500721156
1.584962500721156
1.584962500721156
1.584962500721156
1.584962500721156
0.9182958340544896
0.9182958340544896
0.9182958340544896
0.9182958340544896
0.9182958340544896
0.9182958340544896
1.584962500721156
1.584962500721156
1.5566567074628228
1.584962500721156
1.584962500721156
1.584962500721156
1.584962500721156
1.584962500721156
0.9182958340544896
1.561278124459133
1.584962500721156
1.584962500721156
1.584962500721156
0.9182958340544896
0.9182958340544896
1.584962500721156
1.584962500721156
1.584962500721156
1.584962500721156
1.5566567074628228
1.584962500721156
1.584962500721156
1.584962500721156
1.584962500721156
1.584962500721156
1.584962500721156
1.584962500721156
1.584962500721156
0.9182958340544896
0.9182958340544896
1.584962500721156
1.584962500721156
1.584962500721156
1.584962500721156
1.584962500721156
1.584962500721156
1.5566567074628228
1.584962500721156
1.584962500721156
0.9182958340544896
0.9182958340544896
0.9182958340544896
0.9182958340544896
1.584962500721156
1.584962500721156
1.584962500721156
1.584962500721156
1.584962500721156
1.584962500721156
1.584962500721156
1.584962500721156
1.584962500721156
1.5566567074628228
1.584962500721156
1.584962500721156
0.9182958340544896
1.584962500721156
1.584962500721156
1.584962500721156
1.584962500721156
1.584962500721156
1.584962500721156
1.584962500721156
1.584962500721156
0.9182958340544896
1.584962500721156
1.584962500721156
1.584962500721156
1.584962500721156
1.584962500721156
1.5566567074628228
1.584962500721156
0.9709505944546686
1.584962500721156
1.584962500721156
1.584962500721156
1.584962500721156
1.584962500721156
1.584962500721156
1.584962500721156
1.584962500721156
1.584962500721156
1.584962500721156
1.584962500721156
1.584962500721156
1.584962500721156
1.584962500721156
1.584962500721156
1.584962500721156
1.584962500721156
1.5566567074628228
1.584962500721156
0.863120568566631
1.584962500721156
1.584962500721156
1.584962500721156
1.584962500721156
1.584962500721156
1.584962500721156
1.584962500721156
1.584962500721156
1.584962500721156
1.584962500721156
1.584962500721156
0.9182958340544896
0.9182958340544896
1.584962500721156
1.584962500721156
0.9182958340544896
0.9182958340544896
0.9182958340544896
0.9182958340544896
1.584962500721156
0.9182958340544896
0.954434002924965
1.584962500721156
1.5566567074628228
1.584962500721156
1.584962500721156
1.584962500721156
1.584962500721156
1.584962500721156
1.5566567074628228
1.584962500721156
0.9182958340544896
0.9182958340544896
0.9182958340544896
1.584962500721156
1.584962500721156
1.584962500721156
1.584962500721156
1.584962500721156
1.584962500721156
0.9182958340544896
1.584962500721156
1.584962500721156
1.5566567074628228
0.9182958340544896
0.9182958340544896
0.954434002924965
1.584962500721156
1.584962500721156
1.584962500721156
1.584962500721156
1.584962500721156
1.584962500721156
1.584962500721156
1.584962500721156
1.584962500721156
1.584962500721156
0.9182958340544896
0.9182958340544896
0.954434002924965
1.584962500721156
1.584962500721156
1.584962500721156
1.584962500721156
1.584962500721156
1.584962500721156
0.9182958340544896
1.584962500721156
1.584962500721156
1.584962500721156
0.9182958340544896
1.584962500721156
1.584962500721156
0.9182958340544896
0.9182958340544896
1.5566567074628228
1.584962500721156
1.5566567074628228
1.584962500721156
1.584962500721156
1.584962500721156
1.584962500721156
1.584962500721156
1.584962500721156
1.584962500721156
1.584962500721156
0.9182958340544896
0.9182958340544896
0.9182958340544896
0.9182958340544896
0.9182958340544896
0.9182958340544896
1.584962500721156
1.584962500721156
0.9182958340544896
0.9182958340544896
0.9182958340544896
1.584962500721156
1.584962500721156
1.584962500721156
1.584962500721156
1.584962500721156
1.584962500721156
1.584962500721156
1.584962500721156
0.9182958340544896
1.584962500721156
0.9182958340544896
0.9182958340544896
1.584962500721156
1.584962500721156
1.584962500721156
1.584962500721156
1.584962500721156
1.584962500721156
1.584962500721156
1.584962500721156
1.584962500721156
1.584962500721156
1.5566567074628228
1.584962500721156
1.584962500721156
1.584962500721156
1.584962500721156
0.9182958340544896
1.584962500721156
0.9182958340544896
1.584962500721156
1.584962500721156
1.584962500721156
1.584962500721156
1.584962500721156
1.584962500721156
1.584962500721156
1.584962500721156
1.584962500721156
1.584962500721156
1.561278124459133
1.584962500721156
0.9852281360342515
0.9182958340544896
1.584962500721156
1.5566567074628228
1.584962500721156
0.8112781244591328
1.584962500721156
0.9774178175281716
1.584962500721156
1.561278124459133
1.5566567074628228
0.9182958340544896
1.584962500721156
1.584962500721156
1.584962500721156
1.584962500721156
1.584962500721156
0.9182958340544896
0.9852281360342515
1.584962500721156
1.584962500721156
0.9182958340544896
1.584962500721156
0.9182958340544896
1.584962500721156
1.584962500721156
1.584962500721156
0.954434002924965
1.584962500721156
0.863120568566631
1.584962500721156
1.5566567074628228
1.584962500721156
1.584962500721156
1.584962500721156
1.584962500721156
1.584962500721156
1.584962500721156
1.0
0.9709505944546686
0.9709505944546686
1.0
0.9709505944546686
0.9709505944546686
0.9709505944546686
0.9709505944546686
1.0
0.9709505944546686
1.0
0.9709505944546686
0.9709505944546686
0.9709505944546686
0.9709505944546686
0.9709505944546686
0.9709505944546686
0.9709505944546686
0.9709505944546686
0.9709505944546686
0.9709505944546686
0.9709505944546686
0.9709505944546686
0.9709505944546686
0.9709505944546686
0.9709505944546686
0.9709505944546686
0.9709505944546686
0.9709505944546686
0.9709505944546686
0.9709505944546686
0.9709505944546686
0.9709505944546686
0.9709505944546686
1.0
0.9709505944546686
0.9709505944546686
0.9709505944546686
0.9709505944546686
0.9709505944546686
0.9709505944546686
0.9910760598382222
0.9709505944546686
0.9709505944546686
0.9709505944546686
0.9709505944546686
0.9709505944546686
0.9709505944546686
0.9709505944546686
0.9709505944546686
0.9709505944546686
0.9709505944546686
0.9709505944546686
0.9709505944546686
1.0
0.9852281360342515
1.0
0.9709505944546686
0.9709505944546686
0.9709505944546686
0.9709505944546686
1.0
0.9709505944546686
0.9709505944546686
0.9709505944546686
0.9709505944546686
0.9709505944546686
1.0
0.9709505944546686
0.9709505944546686
0.9709505944546686
0.9709505944546686
0.9709505944546686
0.9709505944546686
0.9709505944546686
0.9709505944546686
1.0
0.9709505944546686
0.9709505944546686
0.9709505944546686
0.9709505944546686
0.9709505944546686
1.0
0.9709505944546686
0.9709505944546686
0.9709505944546686
0.9709505944546686
0.9709505944546686
0.9709505944546686
0.9709505944546686
0.9709505944546686
0.9709505944546686
0.9709505944546686
0.9709505944546686
0.9709505944546686
0.9709505944546686
0.9709505944546686
0.9709505944546686
0.9709505944546686
0.9709505944546686
1.0
0.9709505944546686
0.9709505944546686
0.9709505944546686
0.9709505944546686
0.9709505944546686
0.9709505944546686
0.9709505944546686
0.9709505944546686
0.9709505944546686
0.9709505944546686
0.9709505944546686
0.9709505944546686
0.9709505944546686
1.0
0.9709505944546686
0.9709505944546686
0.9709505944546686
0.9709505944546686
0.9709505944546686
0.9709505944546686
0.9709505944546686
0.9709505944546686
0.9709505944546686
0.9709505944546686
0.9709505944546686
0.9709505944546686
0.9709505944546686
0.9709505944546686
0.9709505944546686
0.9709505944546686
0.9709505944546686
0.9709505944546686
0.9709505944546686
1.0
0.9709505944546686
0.9709505944546686
0.9709505944546686
0.9709505944546686
0.9709505944546686
0.9709505944546686
0.9709505944546686
0.9709505944546686
1.0
0.9709505944546686
0.9709505944546686
0.9709505944546686
0.9709505944546686
0.9709505944546686
0.9709505944546686
0.9709505944546686
0.9709505944546686
0.9709505944546686
0.9709505944546686
0.9709505944546686
1.0
0.9709505944546686
0.9709505944546686
0.9709505944546686
0.9709505944546686
0.9709505944546686
0.9709505944546686
0.9709505944546686
0.9709505944546686
0.9709505944546686
0.9709505944546686
0.9709505944546686
0.9709505944546686
0.9709505944546686
0.9709505944546686
0.9709505944546686
0.9709505944546686
0.9709505944546686
0.9709505944546686
0.9709505944546686
0.9709505944546686
0.9709505944546686
0.9709505944546686
0.9709505944546686
0.9709505944546686
0.9709505944546686
0.9709505944546686
0.9709505944546686
0.9709505944546686
0.9709505944546686
0.9709505944546686
0.9709505944546686
0.9709505944546686
0.9709505944546686
0.9709505944546686
1.0
0.9709505944546686
0.9709505944546686
0.9709505944546686
0.9709505944546686
0.9709505944546686
0.9852281360342515
0.9709505944546686
0.9709505944546686
0.9709505944546686
0.9709505944546686
1.0
0.9709505944546686
0.9709505944546686
0.9709505944546686
1.0
0.9709505944546686
0.9709505944546686
0.9709505944546686
0.9709505944546686
1.0
0.9709505944546686
0.9709505944546686
0.9709505944546686
1.0
0.9709505944546686
0.9709505944546686
0.9709505944546686
0.9709505944546686
0.9709505944546686
0.9709505944546686
1.0
0.9709505944546686
0.9709505944546686
0.9709505944546686
0.9709505944546686
0.9709505944546686
0.9709505944546686
0.9709505944546686
1.0
0.9709505944546686
0.9709505944546686
0.9709505944546686
0.9709505944546686
0.9709505944546686
0.9709505944546686
0.9709505944546686
0.9709505944546686
0.9709505944546686
0.9709505944546686
0.9709505944546686
0.9709505944546686
0.9709505944546686
0.9709505944546686
0.9709505944546686
0.9709505944546686
0.9709505944546686
0.9709505944546686
0.9709505944546686
0.9709505944546686
0.9709505944546686
0.9709505944546686
0.9709505944546686
0.9709505944546686
0.9709505944546686
0.9709505944546686
0.9709505944546686
1.0
0.9709505944546686
0.9709505944546686
0.9709505944546686
1.0
0.9709505944546686
0.9709505944546686
1.0
1.0
0.9709505944546686
0.9709505944546686
0.9709505944546686
0.9709505944546686
0.9709505944546686
0.9709505944546686
0.9709505944546686
0.9709505944546686
0.9709505944546686
0.9709505944546686
0.9709505944546686
1.0
0.9709505944546686
0.9709505944546686
1.0
0.9709505944546686
0.9709505944546686
0.9709505944546686
0.9709505944546686
0.9709505944546686
0.9709505944546686
0.9709505944546686
1.0
0.9709505944546686
0.9709505944546686
0.9709505944546686
0.9709505944546686
0.9709505944546686
0.9709505944546686
0.9709505944546686
0.9709505944546686
0.9182958340544896
0.9709505944546686
0.9709505944546686
0.9709505944546686
0.9709505944546686
0.9709505944546686
0.9709505944546686
0.9709505944546686
0.9709505944546686
0.9709505944546686
0.9709505944546686
0.9709505944546686
0.9852281360342515
0.9709505944546686
1.0
0.9709505944546686
0.9709505944546686
0.9709505944546686
0.9709505944546686
0.9709505944546686
0.9709505944546686
0.9709505944546686
0.9709505944546686
0.9709505944546686
0.9709505944546686
0.9709505944546686
0.9709505944546686
0.9709505944546686
0.9709505944546686
0.9709505944546686
0.9709505944546686
0.9709505944546686
0.9709505944546686
0.9709505944546686
0.9709505944546686
0.9709505944546686
0.9709505944546686
0.9709505944546686
0.9709505944546686
0.9709505944546686
0.9709505944546686
0.9709505944546686
0.9709505944546686
0.9709505944546686
0.9709505944546686
0.9709505944546686
0.9709505944546686
0.9709505944546686
0.9709505944546686
0.9709505944546686
1.4180260055608094
0.9709505944546686
0.9709505944546686
0.9709505944546686
0.9709505944546686
0.9709505944546686
0.9709505944546686
0.9709505944546686
0.9709505944546686
0.9709505944546686
0.9709505944546686
0.9709505944546686
1.0
0.9709505944546686
0.9709505944546686
0.9709505944546686
0.9709505944546686
0.9709505944546686
0.9709505944546686
0.9709505944546686
0.9709505944546686
0.9709505944546686
0.9709505944546686
0.9709505944546686
0.9709505944546686
0.9709505944546686
0.9709505944546686
0.9709505944546686
0.9709505944546686
0.9709505944546686
0.9709505944546686
0.9709505944546686
0.9709505944546686
0.9709505944546686
0.9709505944546686
0.9709505944546686
0.9709505944546686
0.9709505944546686
0.9709505944546686
0.9709505944546686
0.9709505944546686
0.9709505944546686
0.9709505944546686
1.0
0.9709505944546686
0.9709505944546686
0.9709505944546686
0.9709505944546686
0.9709505944546686
0.0
0.0
0.0
0.0
0.0
0.0
0.0
0.0
0.0
0.0
0.0
0.0
0.0
0.0
0.0
0.0
0.0
0.0
0.0
0.0
0.0
0.0
0.0
0.0
0.0
0.0
0.0
0.0
0.0
0.0
0.0
0.0
0.0
0.0
0.0
0.0
0.0
0.0
0.0
0.0
0.0
0.0
0.0
0.0
0.0
0.0
0.0
0.0
0.0
0.0
0.0
0.0
0.0
0.0
0.0
0.0
0.0
0.0
0.0
0.0
0.0
0.0
0.0
0.0
0.0
0.0
0.0
0.0
0.0
0.0
0.0
0.0
0.0
0.0
0.0
0.0
0.0
0.0
0.0
0.0
0.0
0.0
0.0
0.0
0.0
0.0
0.0
0.0
0.0
0.0
0.0
0.0
0.0
0.0
0.0
0.0
0.0
0.0
0.0
0.0
0.0
0.0
0.0
0.0
0.0
0.5435644431995964
0.0
0.0
0.0
0.0
0.0
0.0
0.0
0.0
0.0
0.0
0.0
0.0
0.0
0.0
0.0
0.0
0.0
0.0
0.0
0.0
0.0
0.0
0.0
0.0
0.0
0.0
0.0
0.0
0.0
0.0
0.0
0.0
0.0
0.0
0.0
0.0
0.0
0.0
0.0
0.0
0.0
0.0
0.0
0.0
0.0
0.0
0.0
0.0
0.0
0.0
0.0
0.0
0.0
0.0
0.0
0.0
0.0
0.0
0.0
0.0
0.0
0.0
0.0
0.0
0.0
0.0
0.0
0.0
0.0
0.0
0.0
0.0
0.0
0.0
0.0
0.0
0.0
0.0
0.0
0.0
0.0
0.0
0.0
0.0
0.0
0.0
0.0
0.0
0.0
0.0
0.0
0.0
0.0
0.0
0.0
0.0
0.0
0.0
0.0
0.0
0.0
0.0
0.0
0.0
0.0
0.0
0.0
0.0
0.0
0.0
0.0
0.0
0.0
0.0
0.4689955935892812
0.0
0.0
0.0
0.0
0.0
0.0
0.0
0.0
0.0
0.0
0.0
0.0
0.0
0.0
0.0
0.0
0.0
0.0
0.0
0.0
0.0
0.0
0.0
0.0
0.0
0.0
0.0
0.0
0.0
0.0
0.0
0.0
0.0
0.0
0.0
0.0
0.0
0.0
0.0
0.0
0.0
0.0
0.0
0.0
0.0
0.0
0.0
0.0
0.0
0.0
0.0
0.0
0.0
0.0
0.0
0.0
0.0
0.0
0.0
0.0
0.0
0.0
0.0
0.0
0.0
0.0
0.0
0.0
0.0
0.0
0.0
0.0
0.0
0.0
0.0
0.0
0.5435644431995964
0.0
0.0
0.0
0.0
0.0
0.0
0.0
0.0
0.0
0.0
0.0
0.0
0.0
0.0
0.0
0.0
0.0
0.0
0.0
0.0
0.0
0.0
0.0
0.0
0.0
0.0
0.0
0.0
0.0
0.0
0.0
0.0
0.0
0.0
0.0
0.0
0.0
0.0
0.0
0.0
0.0
0.0
0.0
0.0
0.0
0.0
0.0
0.0
0.0
0.0
0.0
0.0
0.0
0.0
0.0
0.0
0.0
0.0
0.0
0.0
0.0
0.0
0.0
0.0
0.0
0.0
0.5435644431995964
0.0
0.0
0.0
0.0
0.0
0.0
0.0
0.0
0.0
0.0
0.0
0.0
0.0
0.0
0.0
0.0
0.0
0.0
0.0
0.0
0.0
0.0
0.0
0.0
0.0
0.0
0.0
0.0
0.0
0.0
0.0
0.0
0.0
0.0
0.0
0.0
0.0
0.0
0.0
0.0
0.0
0.0
0.0
0.0
0.0
0.0
0.0
0.0
0.0
0.0
0.0
0.0
0.0
0.0
0.0
0.0
0.0
0.0
0.0
0.0
0.0
0.0
0.0
0.0
0.0
0.0
0.0
0.0
0.0
0.0
0.0
0.0
0.0
0.0
0.0
0.0
0.0
0.0
0.0
0.0
0.0
0.0
0.0
0.0
0.0
0.0
0.0
0.0
0.0
0.0
0.0
0.0
0.0
0.0
0.0
0.0
0.0
0.0
0.0
0.0
0.0
0.0
0.0
0.0
0.0
0.0
0.0
0.0
0.0
0.0
0.0
0.0
0.0
0.0
0.0
0.0
0.0
0.0
0.0
0.0
0.0
0.0
0.0
0.0
0.0
0.0
0.0
0.0
0.0
0.0
0.0
0.0
0.0
0.0
0.0
0.0
0.0
0.0
0.0
0.5435644431995964
0.0
0.0
0.0
0.0
0.0
0.0
0.0
0.0
0.0
0.0
0.0
0.0
0.0
0.0
0.0
0.0
0.0
0.0
0.0
0.0
0.0
0.0
0.0
0.0
0.0
0.0
0.0
0.0
0.0
0.0
0.0
0.0
0.0
0.0
0.0
0.0
0.0
0.0
0.0
0.0
0.0
0.0
0.0
0.0
0.0
0.0
0.0
0.0
0.0
0.0
0.0
0.0
0.0
0.0
0.0
0.0
0.0
0.0
0.0
0.0
0.0
0.0
0.0
0.0
0.0
0.0
0.0
0.0
