Shannon_Entropy
2.004886164091843
2.2841591278514217
2.2221915755066783
2.606238928653389
2.499698143184414
2.1280852788913944
2.058813890331201
2.499698143184414
2.1556390622295662
2.760313697312511
2.692380602454975
2.1967916319816365
2.4508257945180882
1.4591479170272448
2.2221915755066783
2.2221915755066783
2.469240782172285
2.521782221599798
2.4584538292330587
2.217021885879718
2.4416298737872246
2.5495234595978316
1.823067982273661
2.521782221599798
1.7924812503605778
2.2221915755066783
2.004886164091843
2.4508257945180882
2.0403733936884962
2.2221915755066783
2.2221915755066783
2.058813890331201
2.8138461086383852
2.2841591278514217
2.221251836004466
2.0403733936884962
2.2221915755066783
2.2221915755066783
2.0403733936884962
1.9182958340544896
2.145136370153053
2.2221915755066783
2.3959988705348416
2.2221915755066783
2.4508257945180882
2.3050365325772657
2.221251836004466
2.2221915755066783
2.499698143184414
2.125814583693911
2.2221915755066783
2.1576933639390585
1.584962500721156
2.396310424640968
3.2390795706241744
2.23345859334435
2.2221915755066783
2.2221915755066783
2.6556390622295662
2.2221915755066783
2.2221915755066783
2.6420795639257113
2.5495234595978316
2.606238928653389
2.5341468438052397
2.595461844238322
1.7924812503605778
2.7806390622295662
1.7924812503605778
2.2221915755066783
1.971747257128181
2.2221915755066783
2.4232196723355077
2.4508257945180882
2.2221915755066783
2.5785519909913264
2.2221915755066783
2.506144066853198
2.2221915755066783
2.0403733936884962
2.279799131837405
2.4225797618424916
2.4508257945180882
1.971747257128181
2.1280852788913944
2.345851989338261
2.2221915755066783
2.2221915755066783
2.4662478973127313
1.9182958340544893
2.2221915755066783
2.2841591278514217
1.867633890971212
2.692380602454975
2.7777768114567865
2.2841591278514217
1.971747257128181
2.4508257945180882
2.221251836004466
2.2221915755066783
2.292481250360578
2.436278124459133
2.66329080817766
1.971747257128181
2.2841591278514217
2.1280852788913944
2.2841591278514217
2.2841591278514217
2.1280852788913944
2.125814583693911
2.2221915755066783
2.054585169337799
2.499698143184414
1.4591479170272448
2.2877837199410704
2.270942421748537
2.5073801024236357
2.4508257945180882
2.063558608511122
2.1280852788913944
2.0403733936884962
2.2221915755066783
2.2221915755066783
1.9182958340544893
2.270942421748537
2.2892464285091583
2.499698143184414
2.2221915755066783
2.0403733936884962
2.2221915755066783
2.2841591278514217
1.8423709931771084
2.4996981431844145
1.971747257128181
2.332707192754922
2.5577174691301483
2.3522170014624826
2.646782221599798
2.0403733936884962
2.4137995646056805
2.353533948577482
2.0758692966977272
2.1774212838293647
2.147077673396552
2.0670314951575843
2.2221915755066783
2.1280852788913944
2.2221915755066783
1.8799649487271108
2.4056390622295662
1.584962500721156
2.774243302917269
2.2221915755066783
2.4508257945180882
2.744842531753244
2.2841591278514217
2.2221915755066783
2.2221915755066783
2.004886164091843
2.2221915755066783
1.9508257945180885
2.1556390622295662
2.2221915755066783
2.1556390622295662
2.1280852788913944
2.3329145639793976
2.4508257945180882
2.606238928653389
2.4137995646056805
2.0419460322060456
2.4996981431844145
2.199687794731328
2.260820318171659
2.48345859334435
2.004886164091843
2.5566567074628237
2.2221915755066783
2.2221915755066783
1.8423709931771084
1.9182958340544893
1.962806631693174
2.0403733936884962
2.5073801024236357
2.2221915755066783
2.2841591278514217
2.2221915755066783
2.4056390622295662
2.4137995646056805
2.2221915755066783
1.8585552118703144
2.125814583693911
2.054585169337799
2.2221915755066783
2.199687794731328
2.1556390622295662
2.1280852788913944
2.4056390622295662
1.7527152789797047
2.0403733936884962
1.5304930567574824
2.6337314206421327
1.9182958340544893
1.971747257128181
2.4416298737872246
2.2841591278514217
1.950212064914747
2.2841591278514217
1.7924812503605778
2.0403733936884962
2.263809173883546
2.4508257945180882
2.004886164091843
2.345851989338261
2.0403733936884962
1.789929075309999
2.4508257945180882
1.8423709931771088
2.221251836004466
2.2841591278514217
2.125814583693911
2.199687794731328
2.199687794731328
2.128085278891394
2.4056390622295662
2.4404040177209283
2.5550365325772657
2.063458298648303
2.270942421748537
1.6858157091530304
2.466247897312731
2.2221915755066783
2.696199049814856
2.5341468438052397
2.0403733936884962
2.125814583693911
2.2221915755066783
2.2988252450030506
2.2221915755066783
2.4508257945180882
2.279799131837405
2.754887502163469
2.2841591278514217
2.125814583693911
2.2841591278514217
1.9182958340544893
2.2841591278514217
1.7924812503605778
2.2221915755066783
2.2221915755066783
2.521782221599798
2.25
1.962806631693174
2.2221915755066783
2.128085278891394
1.7924812503605778
1.811278124459133
2.4508257945180882
3.0146939516467017
2.696199049814856
2.2810361125534233
2.2221915755066783
2.4613201402110083
2.0
2.004886164091843
2.4922031072054134
1.836591668108979
2.199687794731328
2.2221915755066783
2.2221915755066783
2.5306390622295662
1.811278124459133
2.6384600665861555
2.3395722619867225
2.696199049814856
2.2221915755066783
2.4508257945180882
2.4508257945180882
2.499698143184414
2.4508257945180882
2.199687794731328
2.2841591278514217
2.6062389286533896
1.8423709931771084
2.353533948577482
2.1280852788913944
2.004886164091843
2.0403733936884962
2.1822287189138017
1.9182958340544896
2.2841591278514217
2.2221915755066783
2.0403733936884962
2.2221915755066783
2.2841591278514217
2.054585169337799
1.5566567074628228
2.2221915755066783
2.2221915755066783
2.2221915755066783
2.2221915755066783
2.4056390622295662
2.128085278891394
2.4225797618424916
2.739572261986723
2.0403733936884962
1.811278124459133
2.2221915755066783
2.125814583693911
1.8423709931771088
2.5341468438052397
2.5032583347756456
2.495461844238322
2.0403733936884962
2.1416195253341384
2.2221915755066783
2.125814583693911
1.971747257128181
1.9056390622295665
2.8138461086383852
2.2221915755066783
2.349601752714581
2.4508257945180882
2.527495543791609
1.971747257128181
2.345851989338261
2.1280852788913944
2.463458298648303
2.0403733936884962
2.1280852788913944
1.9182958340544893
2.199687794731328
1.914341183612352
2.054585169337799
2.128085278891394
2.004886164091843
2.696199049814856
2.2221915755066783
2.289246428509158
2.4508257945180882
2.2221915755066783
2.4633663427540564
2.4508257945180882
1.867633890971212
2.4834585933443494
2.4387439204017474
2.2221915755066783
2.646782221599798
2.2221915755066783
2.378991986900062
2.221251836004466
2.004886164091843
1.75
2.4237949406953985
2.646782221599798
2.2221915755066783
2.396782221599798
1.9056390622295665
2.2221915755066783
2.2221915755066783
2.1280852788913944
2.1280852788913944
2.0458416408851736
2.004886164091843
2.2810361125534233
2.315824333525708
2.0588138903312014
2.1556390622295662
2.692380602454975
2.077819531114783
1.7924812503605778
1.971747257128181
1.9877733714879842
2.2221915755066783
2.0048861640918427
2.004886164091843
2.1920058354921066
1.867633890971212
2.1174924611847548
2.4508257945180882
1.4591479170272448
2.054585169337799
2.2221915755066783
2.396782221599798
2.822181958642873
2.054585169337799
2.2221915755066783
2.0729055953200564
2.199687794731328
2.206238928653389
2.287783719941071
2.2221915755066783
2.199687794731328
2.4331958387289765
2.0403733936884962
2.396782221599798
2.125814583693911
2.4508257945180882
2.0403733936884962
2.1280852788913944
2.4508257945180882
2.260820318171659
2.128085278891394
1.9182958340544893
2.2221915755066783
2.270942421748537
2.004886164091843
2.35274578087187
1.8423709931771084
2.5967916319816364
2.3464393446710154
2.084962500721156
2.128085278891394
2.2841591278514217
2.35274578087187
2.1280852788913944
2.4137995646056805
1.584962500721156
2.2221915755066783
2.2221915755066783
2.0403733936884962
2.2221915755066783
2.499698143184414
2.0403733936884962
2.35274578087187
2.2221915755066783
2.0403733936884962
2.0403733936884962
2.2221915755066783
2.2221915755066783
2.2221915755066783
2.0403733936884962
2.0403733936884962
2.4416298737872246
2.2221915755066783
2.038159681645953
1.9591479170272446
2.1556390622295662
1.9182958340544893
2.2841591278514217
2.6084585933443494
2.4056390622295662
2.2841591278514217
2.2221915755066783
2.0588138903312014
2.4508257945180882
2.199687794731328
2.004886164091843
2.058813890331201
2.2841591278514217
2.0403733936884962
2.2841591278514217
1.7924812503605778
2.1556390622295662
2.4056390622295662
2.2988252450030506
2.2841591278514217
2.5580510765444573
2.7806390622295662
2.5954618442383217
2.692380602454975
1.7924812503605778
2.4577174691301487
2.2221915755066783
2.125814583693911
1.9877733714879842
2.4137995646056805
2.2221915755066783
1.9182958340544893
1.75
2.2221915755066783
2.472905595320056
2.145136370153053
1.971747257128181
2.327632809290636
2.358938532350277
1.971747257128181
1.7924812503605778
2.2841591278514217
2.292481250360578
2.498296588930315
2.2841591278514217
2.2221915755066783
2.6535442970305683
2.4508257945180882
1.7924812503605778
1.971747257128181
2.270942421748537
2.2221915755066783
2.374556048381884
1.896240625180289
2.0403733936884962
1.836591668108979
2.128085278891394
1.971747257128181
2.7395722619867224
2.6535442970305683
2.4056390622295662
2.4508257945180882
2.0403733936884962
2.4416298737872246
2.0403733936884962
2.2221915755066783
2.646782221599798
2.1280852788913944
2.4508257945180882
2.2221915755066783
1.8423709931771084
2.3050365325772657
2.4056390622295662
2.125814583693911
2.2221915755066783
2.2221915755066783
2.221251836004466
2.221251836004466
2.217021885879718
2.0741647430225756
2.263809173883546
1.8339272176418302
2.606238928653389
1.971747257128181
2.0403733936884962
2.4164997849817107
2.2221915755066783
2.221251836004466
2.2221915755066783
2.1280852788913944
2.2221915755066783
2.5492553971684995
2.221251836004466
2.2221915755066783
2.521782221599798
2.4508257945180882
2.0
1.9877733714879842
1.7924812503605778
1.971747257128181
1.7924812503605778
1.9182958340544896
2.406666316740689
1.7924812503605778
1.7924812503605778
2.53414684380524
1.9182958340544893
2.2221915755066783
2.2221915755066783
2.2221915755066783
2.2221915755066783
2.0403733936884962
2.2221915755066783
2.5566567074628237
2.2221915755066783
2.692380602454975
2.4508257945180882
2.221251836004466
2.3220847276178658
2.406666316740689
2.4137995646056805
2.2221915755066783
2.4508257945180882
2.2877837199410704
2.4416298737872246
2.084962500721156
2.1280852788913944
2.2221915755066783
1.9182958340544893
2.4508257945180882
2.358938532350277
2.038159681645953
2.2221915755066783
2.0403733936884962
2.4613201402110083
2.3329145639793976
2.469240782172285
2.0524212838293647
2.499698143184414
2.353533948577482
2.4137995646056805
2.1416195253341384
2.2221915755066783
2.0403733936884962
2.2841591278514217
2.440404017720928
1.75
2.2359263506290326
2.0403733936884962
2.128085278891394
1.968873874720721
2.4508257945180882
2.5498550315128585
2.1967916319816365
2.1416195253341384
1.8423709931771086
2.4508257945180882
2.6535442970305683
1.965596230357602
2.591793226077496
2.0
2.2841591278514217
2.1416195253341384
2.0545851693377997
2.049452072789394
2.4508257945180882
2.038159681645953
2.4508257945180882
2.5559130951758244
2.054585169337799
2.1280852788913944
2.2810361125534233
2.33012496531497
1.75
1.9182958340544893
1.867633890971212
2.2221915755066783
2.0588138903312014
2.2221915755066783
2.2221915755066783
2.2221915755066783
2.4508257945180882
1.8423709931771084
2.696199049814856
1.9182958340544893
2.4416298737872246
2.353533948577482
1.811278124459133
2.4056390622295662
2.2877837199410704
2.2221915755066783
2.221251836004466
2.049452072789394
2.7602491252359846
1.9329145639793976
2.2877837199410704
2.0403733936884962
2.2221915755066783
1.7924812503605778
2.2221915755066783
1.9852281360342514
2.395461844238322
2.2485731395538666
2.9398290174664026
2.2221915755066783
2.2221915755066783
2.2221915755066783
2.646782221599798
2.5341468438052397
2.199687794731328
2.4416298737872246
1.823067982273661
2.125814583693911
2.2841591278514217
2.2221915755066783
2.004886164091843
2.5341468438052397
2.2221915755066783
2.0403733936884962
2.5341468438052397
2.499698143184414
2.0403733936884962
1.789929075309999
2.2221915755066783
1.971747257128181
2.4416298737872246
1.8423709931771084
2.744842531753244
2.2221915755066783
2.2221915755066783
2.0
2.2841591278514217
2.646782221599798
2.5032583347756456
1.561278124459133
2.146782221599798
2.2221915755066783
2.251629167387823
2.556656707462823
2.2892464285091583
1.971747257128181
2.549523459597832
2.349601752714581
2.0403733936884962
2.260820318171659
2.614369445886757
2.2841591278514217
2.0403733936884962
2.1179631753145163
1.971747257128181
2.2841591278514217
2.2841591278514217
2.2841591278514217
2.2841591278514217
2.33012496531497
2.33012496531497
2.33012496531497
2.33012496531497
2.33012496531497
2.33012496531497
2.1464657985040723
2.33012496531497
2.33012496531497
2.33012496531497
2.1878785072265203
2.349601752714581
1.8423709931771084
2.353533948577482
2.2221915755066783
2.4729055953200563
2.049452072789394
2.353533948577482
1.7924812503605778
2.4508257945180882
2.2221915755066783
2.4508257945180882
2.1556390622295662
2.353533948577482
2.2221915755066783
2.263809173883546
2.125814583693911
2.2877837199410704
2.022579761842491
2.2841591278514217
1.9591479170272446
2.696199049814856
2.2221915755066783
1.9056390622295665
2.221251836004466
2.1920058354921066
1.867633890971212
1.789929075309999
1.9508257945180885
2.4508257945180882
1.9182958340544893
2.6535442970305683
2.3935474965388988
1.971747257128181
2.2221915755066783
2.4508257945180882
2.0403733936884962
2.199687794731328
1.789929075309999
2.128085278891394
2.6105184777961434
2.130926080730337
2.2221915755066783
2.2841591278514217
1.789929075309999
2.2810361125534233
2.058813890331201
1.971747257128181
2.2221915755066783
2.128085278891394
2.199687794731328
2.0403733936884962
2.0588138903312014
2.556656707462823
2.4387439204017474
2.350209029099897
2.0403733936884962
2.2569089895583545
2.2221915755066783
2.1280852788913944
1.6644977792004614
2.260820318171659
2.0403733936884962
2.2221915755066783
2.1556390622295662
2.004886164091843
2.4508257945180882
2.2221915755066783
2.1280852788913944
2.2221915755066783
2.2841591278514217
2.004886164091843
2.521782221599798
2.217021885879718
1.9182958340544896
2.105960053740273
2.0670314951575843
2.038159681645953
2.4996981431844145
2.499698143184414
1.9182958340544893
2.4225797618424916
2.0403733936884962
2.2841591278514217
2.199687794731328
2.2841591278514217
2.3395722619867225
2.0403733936884962
2.7329145639793975
2.4508257945180882
2.221251836004466
2.0403733936884962
2.0403733936884962
2.359879028736861
2.2221915755066783
1.971747257128181
2.359879028736861
1.9220231428515733
2.4508257945180882
2.692380602454975
2.0403733936884962
2.4137995646056805
2.2221915755066783
1.811278124459133
1.9508257945180885
2.224601752714581
2.028343279757114
1.9508257945180885
2.668980145022532
2.7395722619867224
2.10845859334435
2.322756958897399
2.049452072789394
2.774397470347699
2.3301249653149703
2.422579761842491
2.4834585933443494
2.2221915755066783
2.2221915755066783
2.2221915755066783
1.9182958340544893
2.774397470347699
2.2221915755066783
1.7924812503605778
2.2221915755066783
2.4508257945180882
2.472905595320056
2.2877837199410704
2.1280852788913944
2.2221915755066783
2.2221915755066783
2.0403733936884962
2.2221915755066783
2.4410685859554375
2.3458519893382603
2.2221915755066783
2.2841591278514217
2.221251836004466
2.2841591278514217
2.692380602454975
2.1556390622295662
2.1280852788913944
2.692380602454975
1.7924812503605778
1.4591479170272448
2.1280852788913944
2.1280852788913944
1.950212064914747
2.049452072789394
2.1280852788913944
2.3432578733442675
1.7924812503605778
2.0403733936884962
2.0545851693377997
2.2221915755066783
2.4164997849817107
2.4508257945180882
2.1174924611847548
2.7806390622295662
2.2841591278514217
2.058813890331201
2.1280852788913944
2.4508257945180882
2.058813890331201
2.0403733936884962
2.2221915755066783
2.4508257945180882
2.2877837199410704
2.556656707462823
2.2221915755066783
2.2221915755066783
2.60845859334435
2.0403733936884962
2.2841591278514217
2.7865766899407327
2.4156614701917634
1.9182958340544896
2.440404017720928
2.8138461086383852
2.2841591278514217
2.422579761842491
2.606238928653389
2.217021885879718
2.206238928653389
2.2221915755066783
2.0
2.4056390622295662
2.1577174691301484
1.971747257128181
2.0
2.2841591278514217
1.9056390622295665
2.054585169337799
2.2221915755066783
2.054585169337799
2.4508257945180882
1.9182958340544896
2.0758692966977272
2.3458519893382603
1.971747257128181
2.692380602454975
2.4569885365913753
2.350209029099897
1.823067982273661
2.6601297526332575
2.1280852788913944
2.463458298648303
2.4508257945180882
1.9056390622295665
2.128085278891394
2.0403733936884962
2.4508257945180882
1.950212064914747
1.971747257128181
2.289246428509158
2.2909294006771384
2.2221915755066783
2.353533948577482
2.60845859334435
2.251629167387823
2.251629167387823
2.287783719941071
2.0403733936884962
1.7609640474436812
1.854285871987246
2.2221915755066783
2.2810361125534233
2.5436378511556703
2.0403733936884962
2.2221915755066783
2.292481250360578
2.2221915755066783
2.4508257945180882
2.349601752714581
2.004886164091843
2.1556390622295662
2.004886164091843
2.343257873344267
2.0741647430225756
1.7924812503605778
1.8423709931771084
1.8250112108241772
2.2221915755066783
2.1280852788913944
2.4508257945180882
1.811278124459133
1.9182958340544893
2.2096909728231857
2.3609640474436815
1.9508257945180885
2.4416298737872246
2.332914563979398
2.2221915755066783
2.521782221599798
2.33012496531497
1.971747257128181
2.0403733936884962
2.0
2.2221915755066783
1.9182958340544893
2.128085278891394
2.2892464285091583
1.584962500721156
1.8423709931771088
2.4137995646056805
2.004886164091843
2.5341468438052397
2.1280852788913944
1.584962500721156
2.2221915755066783
2.2221915755066783
1.7924812503605778
2.0461796919474975
1.971747257128181
2.054585169337799
2.4508257945180882
2.2221915755066783
1.7924812503605778
2.049452072789394
2.2221915755066783
2.1556390622295662
2.2221915755066783
2.2221915755066783
2.4508257945180882
2.2221915755066783
1.811278124459133
2.221251836004466
2.4996981431844145
2.2221915755066783
2.2221915755066783
2.0403733936884962
1.4488156357251847
2.4508257945180882
1.9473387961875537
2.1280852788913944
2.4056390622295662
2.48345859334435
1.8423709931771084
2.072905595320056
2.375
2.353533948577482
2.0403733936884962
2.2221915755066783
1.7841591278514217
2.1280852788913944
2.556656707462823
2.2841591278514217
2.054585169337799
2.6556390622295662
2.776724800062121
2.054585169337799
2.221251836004466
2.279799131837405
2.556656707462823
2.2841591278514217
2.2221915755066783
2.0403733936884962
2.4056390622295662
2.5495234595978316
2.125814583693911
2.345851989338261
2.460904932167797
2.054585169337799
2.2841591278514217
2.4508257945180882
2.4508257945180882
2.007856063692049
2.1556390622295662
2.4996981431844145
2.125814583693911
2.396782221599798
1.9182958340544893
2.4416298737872246
2.007856063692049
2.2841591278514217
2.395461844238322
2.2221915755066783
1.9182958340544893
2.084962500721156
2.260820318171659
2.353533948577482
2.8227178048064157
2.2841591278514217
2.1607047528877827
2.2183641295938012
1.7924812503605778
2.2221915755066783
2.4416298737872246
2.2221915755066783
2.4225797618424916
2.2810361125534233
2.199687794731328
2.2221915755066783
2.495602923729013
1.867633890971212
2.5550365325772653
1.88514576443322
2.4164997849817103
2.0403733936884962
2.4508257945180882
1.971747257128181
2.0
2.2841591278514217
2.4416298737872246
2.2221915755066783
2.499698143184414
2.4508257945180882
2.2221915755066783
2.1280852788913944
2.2221915755066783
2.1556390622295662
2.049452072789394
2.199687794731328
2.221251836004466
2.4961268547517808
1.9508257945180885
2.2892464285091583
2.2221915755066783
1.9473387961875537
2.0403733936884962
2.2062389286533897
2.521782221599798
2.0349409139562287
1.7924812503605778
1.8585552118703144
2.422579761842491
2.004886164091843
1.971747257128181
2.199687794731328
2.4056390622295662
2.2221915755066783
2.0
2.199687794731328
2.499698143184414
2.4508257945180882
1.971747257128181
2.5495234595978316
2.0403733936884962
2.049452072789394
2.2221915755066783
2.2256051990169436
2.0403733936884962
2.2221915755066783
2.2221915755066783
1.9508257945180885
2.587922465478066
2.265220618893609
2.2221915755066783
2.2329786604745876
1.971747257128181
2.1280852788913944
2.2221915755066783
1.8423709931771084
2.2221915755066783
2.2221915755066783
2.771782221599798
1.9182958340544893
2.2737288290053255
2.128085278891394
2.058813890331201
2.4137995646056805
2.221251836004466
2.2841591278514217
2.058813890331201
2.549523459597832
1.9182958340544896
2.2221915755066783
1.7924812503605778
1.75
2.0403733936884962
2.125814583693911
2.0403733936884962
2.499698143184414
2.0403733936884962
1.965596230357602
2.2877837199410704
2.2221915755066783
2.133937566094917
1.9591479170272446
1.7841591278514217
2.2221915755066783
2.1812056673346514
2.049452072789394
2.406666316740689
2.0403733936884962
2.4662478973127313
2.495602923729013
2.5495234595978316
2.6535442970305683
2.823184514019025
1.7924812503605778
1.8423709931771084
2.2221915755066783
2.2221915755066783
2.287783719941071
2.2221915755066783
2.054585169337799
2.2221915755066783
2.4056390622295662
2.1416195253341384
2.374556048381884
1.971747257128181
1.75
2.125814583693911
2.2221915755066783
2.2311197773146976
2.4996981431844145
2.2841591278514217
2.251629167387823
2.0
1.584962500721156
2.004886164091843
2.058813890331201
2.2221915755066783
2.4508257945180882
2.2221915755066783
2.2221915755066783
2.0403733936884962
2.004886164091843
2.692380602454975
2.4508257945180882
2.125814583693911
2.606238928653389
2.295461844238322
1.584962500721156
2.4508257945180882
2.4225797618424916
2.2221915755066783
2.1280852788913944
2.0403733936884962
2.696199049814856
1.8423709931771084
2.1280852788913944
2.6384600665861555
2.0403733936884962
2.128085278891394
2.2221915755066783
2.263809173883546
1.9852281360342514
2.1243096954687446
1.789929075309999
2.225605199016944
2.005977711423774
2.4137995646056805
2.2256051990169436
2.0403733936884962
2.0403733936884962
2.054585169337799
2.066247897312731
2.4895188160117065
2.2221915755066783
2.058813890331201
1.9056390622295665
2.1280852788913944
2.2841591278514217
2.53414684380524
1.9591479170272446
2.2221915755066783
2.359879028736861
2.606238928653389
2.535857775918279
2.2221915755066783
2.2221915755066783
1.971747257128181
2.2841591278514217
2.33012496531497
2.3395722619867225
2.2609640474436814
2.4137995646056805
2.2221915755066783
2.1174924611847548
1.971747257128181
1.8423709931771084
2.1920058354921066
1.971747257128181
2.473851389610045
2.054585169337799
2.221251836004466
2.1556390622295662
2.2841591278514217
2.4225797618424916
1.971747257128181
2.1967916319816365
1.971747257128181
1.8423709931771088
2.004886164091843
2.1556390622295662
2.2221915755066783
1.971747257128181
2.0403733936884962
1.9609640474436814
1.971747257128181
1.971747257128181
1.823067982273661
2.1339375660949167
2.1280852788913944
2.4159220638351666
2.0403733936884962
2.2877837199410704
2.2221915755066783
2.199687794731328
2.6174924611847556
2.197159723424149
2.2221915755066783
2.2062389286533897
2.2841591278514217
2.2221915755066783
2.2221915755066783
2.2221915755066783
2.2221915755066783
2.0403733936884962
2.2221915755066783
2.004886164091843
2.295461844238322
2.1280852788913944
2.2221915755066783
2.049452072789394
2.33012496531497
2.4996981431844145
2.004886164091843
2.2221915755066783
2.692380602454975
1.9877733714879842
2.270942421748537
2.6825887305018328
2.585827939143041
2.221251836004466
2.1280852788913944
2.128085278891394
2.4508257945180882
2.2221915755066783
1.9182958340544896
1.8423709931771084
2.4416298737872246
2.128085278891394
2.319973094021975
2.1416195253341384
2.2221915755066783
2.4508257945180882
2.133937566094917
1.971747257128181
2.2359263506290326
2.2221915755066783
2.0403733936884962
2.4137995646056805
2.199687794731328
2.125814583693911
2.0
2.6084585933443494
2.221251836004466
2.038159681645953
2.0403733936884962
2.004886164091843
1.789929075309999
2.2877837199410704
2.0403733936884962
2.345851989338261
2.0403733936884962
2.0403733936884962
2.0403733936884962
1.7527152789797047
2.1868085945630504
2.5492553971685
2.0954618442383217
1.8585552118703144
2.2841591278514217
2.4508257945180882
1.9182958340544896
2.125814583693911
2.251629167387823
2.2221915755066783
2.7752955717945427
2.2221915755066783
2.1280852788913944
1.9877733714879842
2.2569089895583545
1.7527152789797045
1.7924812503605778
2.35274578087187
2.004886164091843
1.823067982273661
2.0
2.2221915755066783
2.727497224852472
2.0403733936884962
1.9508257945180885
2.4508257945180882
2.209282221599798
2.063202513215852
1.867633890971212
2.353533948577482
2.0403733936884962
1.8288713632524445
2.4729055953200563
2.4508257945180882
1.9502120649147465
2.199687794731328
2.2810361125534233
2.48345859334435
2.0741647430225756
2.4508257945180882
2.2221915755066783
2.4996981431844145
2.117492461184755
1.8230264907128848
2.004886164091843
2.3458519893382603
2.199687794731328
2.0403733936884962
2.2221915755066783
2.682588730501833
1.8062389286533895
2.679374370513198
2.4508257945180882
2.813910763031369
2.4508257945180882
2.2569089895583545
2.5559130951758244
2.353533948577482
2.279799131837405
2.2221915755066783
2.2841591278514217
2.084962500721156
2.221251836004466
2.1878785072265203
2.4137995646056805
1.9182958340544896
2.436278124459133
2.6535442970305683
2.35274578087187
2.5492553971684995
2.353533948577482
2.0403733936884962
2.4613201402110083
2.359879028736861
2.0403733936884962
2.499698143184414
2.2841591278514217
2.359879028736861
2.469670487371862
2.1280852788913944
2.692380602454975
2.4996981431844145
2.2221915755066783
2.390863696857044
2.2221915755066783
2.0403733936884962
2.4508257945180882
2.2221915755066783
2.197159723424149
2.0403733936884962
1.7924812503605778
1.971747257128181
2.2221915755066783
2.6535442970305683
2.0403733936884962
2.2810361125534233
2.5967916319816364
2.292481250360578
2.1416195253341384
2.4056390622295662
2.2359263506290326
2.2221915755066783
2.4137995646056805
2.6535442970305683
2.2221915755066783
2.2841591278514217
2.60845859334435
2.2221915755066783
2.349601752714581
2.0403733936884962
2.2608203181716595
1.7924812503605778
1.971747257128181
2.221251836004466
2.610063540877072
2.4508257945180882
1.8423709931771084
2.2841591278514217
2.2221915755066783
2.2221915755066783
2.2221915755066783
2.556656707462823
2.521782221599798
1.7924812503605778
1.9182958340544893
2.499698143184414
2.4508257945180882
2.049452072789394
2.469670487371862
2.2221915755066783
2.4508257945180882
2.1280852788913944
2.1556390622295662
1.8423709931771084
2.199687794731328
2.472905595320056
2.499698143184414
2.0464393446710156
2.2221915755066783
2.33012496531497
2.606238928653389
2.2221915755066783
2.039353872167201
1.8423709931771084
2.2221915755066783
2.125
2.1556390622295662
2.2841591278514217
2.2221915755066783
2.2841591278514217
1.789929075309999
2.049452072789394
2.2841591278514217
2.2221915755066783
2.2221915755066783
2.2221915755066783
2.005977711423774
2.049452072789394
2.0403733936884962
2.7742433029172693
2.0349409139562287
2.4508257945180882
1.971747257128181
1.7924812503605778
1.971747257128181
1.9182958340544893
2.2841591278514217
2.2516291673878226
2.4508257945180882
2.1280852788913944
2.270942421748537
2.4056390622295662
2.128085278891394
2.125814583693911
2.279799131837405
2.2221915755066783
2.2221915755066783
2.2221915755066783
2.1280852788913944
2.2221915755066783
2.744842531753244
2.2841591278514217
2.116299605701696
2.2221915755066783
2.441923520601099
2.0403733936884962
2.2841591278514217
2.503258334775645
2.221251836004466
2.4056390622295662
2.2221915755066783
2.1280852788913944
2.117492461184755
2.2221915755066783
2.251629167387823
2.0403733936884962
2.004886164091843
1.9591479170272446
2.2221915755066783
2.2221915755066783
2.2221915755066783
2.606238928653389
1.75
2.2810361125534233
1.7924812503605778
2.4508257945180882
2.0403733936884962
2.4056390622295662
2.045841640885174
2.2221915755066783
2.2221915755066783
2.125814583693911
2.2841591278514217
2.2221915755066783
1.9182958340544893
2.2877837199410704
2.0403733936884962
2.6450613022330405
2.1416195253341384
2.4056390622295662
2.1280852788913944
2.004886164091843
1.867633890971212
2.2877837199410704
2.0403733936884962
2.6556390622295662
2.260820318171659
2.125814583693911
2.2221915755066783
2.2221915755066783
2.287783719941071
2.2221915755066783
2.0403733936884962
1.75
2.4508257945180882
2.4137995646056805
2.858278308418045
1.8423709931771084
2.5580510765444573
2.125814583693911
1.7924812503605778
2.33012496531497
2.4508257945180882
2.1280852788913944
2.0403733936884962
2.2221915755066783
2.345851989338261
2.4508257945180882
2.0403733936884962
2.2841591278514217
2.0403733936884962
1.9877733714879842
2.2516144718101816
1.971747257128181
2.5580510765444577
2.4922031072054134
2.4164997849817107
1.9182958340544893
2.2149798205164815
2.054585169337799
2.0
2.4137995646056805
1.9182958340544893
2.4956029237290127
2.353533948577482
2.1556390622295662
2.2221915755066783
2.5709505944546684
2.2221915755066783
2.038159681645953
2.1280852788913944
2.128085278891394
1.9182958340544893
2.004886164091843
2.4508257945180882
2.2221915755066783
2.058813890331201
2.3458519893382603
2.292481250360578
1.971747257128181
2.0403733936884962
2.2221915755066783
2.0403733936884962
2.4508257945180882
2.3220847276178658
2.4225797618424916
1.75
1.8423709931771084
2.2841591278514217
2.4508257945180882
2.128085278891394
2.606238928653389
2.419973094021975
2.555913095175825
2.731419306105986
2.074164743022575
2.2841591278514217
2.1280852788913944
2.270942421748537
2.835237745312118
2.499698143184414
2.287783719941071
1.971747257128181
2.4056390622295662
2.054585169337799
2.195461844238322
2.5226203095310216
2.2841591278514217
2.5495234595978316
2.4410685859554375
2.0403733936884962
2.0403733936884962
2.0403733936884962
2.0403733936884962
2.0403733936884962
2.0403733936884962
2.0403733936884962
2.0403733936884962
2.0403733936884962
2.2221915755066783
1.971747257128181
2.054585169337799
2.2221915755066783
2.0403733936884962
2.2221915755066783
2.4508257945180882
2.217021885879718
1.93012496531497
2.004886164091843
2.004886164091843
2.7806390622295662
2.6825887305018328
2.084962500721156
1.8423709931771084
3.0984595468178906
2.2221915755066783
2.2221915755066783
2.2221915755066783
2.2221915755066783
2.1280852788913944
2.1556390622295662
2.0403733936884962
1.971747257128181
1.8423709931771084
2.2221915755066783
2.4508257945180882
2.263809173883546
2.2841591278514217
1.950212064914747
2.2221915755066783
2.25
1.9182958340544896
2.2221915755066783
2.128085278891394
1.855388542207534
2.125814583693911
2.2062389286533897
2.2841591278514217
2.353533948577482
2.0403733936884962
2.406666316740689
2.2221915755066783
2.221251836004466
2.2256051990169436
2.4137995646056805
2.472905595320056
1.9182958340544893
2.146782221599798
1.9182958340544896
2.4508257945180882
2.499698143184414
1.789929075309999
2.2221915755066783
2.60845859334435
2.1920058354921066
2.436278124459133
2.48345859334435
2.5566567074628237
1.9056390622295665
2.049452072789394
2.2221915755066783
2.2221915755066783
2.2221915755066783
2.359879028736861
2.0588138903312014
2.499698143184414
2.4159220638351666
2.424071367119249
1.9182958340544893
1.7924812503605778
1.7884504573082896
2.4056390622295662
2.4056390622295662
2.2221915755066783
2.199687794731328
2.2221915755066783
2.1179631753145163
2.4056390622295662
2.4508257945180882
2.004886164091843
2.499698143184414
2.4416298737872246
2.4692407821722844
2.1174924611847548
1.971747257128181
2.2221915755066783
2.2221915755066783
2.0403733936884962
2.2221915755066783
2.2810361125534233
2.2221915755066783
2.2221915755066783
1.823067982273661
2.2841591278514217
2.4225797618424916
2.1967916319816365
2.221251836004466
2.2221915755066783
2.2221915755066783
2.563716987127796
2.271782221599798
1.971747257128181
2.2221915755066783
2.521782221599798
1.9877733714879842
2.460904932167797
2.074164743022575
1.9182958340544896
2.1556390622295662
2.1280852788913944
2.2221915755066783
2.0
2.0550365325772657
2.4137995646056805
1.9182958340544893
2.692380602454975
2.221251836004466
2.4056390622295662
2.125814583693911
2.4996981431844145
2.1280852788913944
2.1280852788913944
1.9182958340544893
2.1556390622295662
2.125814583693911
2.2221915755066783
2.1735572622751858
2.7806390622295662
2.2221915755066783
2.2221915755066783
2.422675468311218
1.789929075309999
2.2221915755066783
2.2221915755066783
2.341446071165522
2.0403733936884962
2.6171895725927143
2.2221915755066783
2.4508257945180882
2.074164743022575
2.2221915755066783
2.521782221599798
2.2221915755066783
2.353533948577482
2.084962500721156
1.7924812503605778
2.217021885879718
2.0403733936884962
1.971747257128181
2.2221915755066783
1.9182958340544896
2.6535442970305683
2.2221915755066783
2.2359263506290326
2.4508257945180882
2.1280852788913944
2.2221915755066783
2.4056390622295662
2.60845859334435
2.2841591278514217
2.33012496531497
2.345851989338261
2.2221915755066783
2.60845859334435
2.5495234595978324
2.2221915755066783
2.117492461184755
2.4416298737872246
2.2359263506290326
2.6384600665861555
1.8553885422075338
2.2841591278514217
1.9182958340544893
2.217021885879718
2.4508257945180882
2.353533948577482
1.7924812503605778
2.2221915755066783
1.7924812503605778
1.584962500721156
1.7924812503605778
2.5495234595978316
2.2221915755066783
2.2221915755066783
2.0403733936884962
2.2221915755066783
2.30827083453526
2.2221915755066783
2.6535442970305683
2.125814583693911
1.4591479170272448
2.199687794731328
2.6384600665861555
2.4416298737872246
2.2221915755066783
2.2109736165067546
2.345851989338261
1.8262452584026092
1.7841591278514217
2.2221915755066783
2.4416298737872246
2.054585169337799
2.125814583693911
2.6535442970305683
2.2221915755066783
2.4508257945180882
2.4056390622295662
2.4577174691301487
2.0403733936884962
2.0
2.2221915755066783
2.4056390622295662
2.2221915755066783
1.789929075309999
2.3908636968570445
2.2841591278514217
2.128085278891394
2.2841591278514217
2.0
2.359879028736861
2.0
2.4996981431844145
2.0403733936884962
2.2841591278514217
2.2841591278514217
2.1556390622295662
2.2221915755066783
1.7924812503605778
2.2221915755066783
1.8423709931771084
2.2221915755066783
2.0403733936884962
1.9182958340544893
2.1280852788913944
2.349601752714581
2.6535442970305683
2.199687794731328
2.2841591278514217
2.2221915755066783
2.727217001462482
2.4996981431844145
2.270942421748537
2.2825887305018333
2.2841591278514217
2.744842531753244
2.221251836004466
1.9182958340544893
2.2221915755066783
2.692380602454975
2.1280852788913944
2.359879028736861
2.48345859334435
2.1556390622295662
2.0403733936884962
2.270942421748537
2.4508257945180882
2.049452072789394
1.8352377453121174
2.221251836004466
2.4508257945180882
2.2221915755066783
2.2221915755066783
2.422579761842491
2.632048827786958
1.7381493331928664
1.7841591278514217
1.6854752972273346
2.2221915755066783
2.0403733936884962
2.349601752714581
2.2221915755066783
2.128085278891394
2.2221915755066783
2.495602923729013
2.696199049814856
2.263809173883546
2.6337314206421327
1.823067982273661
2.2221915755066783
2.270942421748537
1.8423709931771084
2.125814583693911
2.2221915755066783
2.5341468438052397
2.1280852788913944
2.4056390622295662
2.4508257945180882
2.7806390622295662
2.2221915755066783
2.4508257945180882
2.6986604604011157
2.2221915755066783
2.2841591278514217
2.498929563690935
2.2221915755066783
2.4137995646056805
2.2221915755066783
2.822181958642873
2.3050365325772657
2.2221915755066783
2.2841591278514217
1.584962500721156
2.004886164091843
2.6062389286533896
2.0403733936884962
2.1280852788913944
1.7924812503605778
1.9182958340544893
1.6644977792004614
2.5495234595978316
1.9182958340544893
2.4508257945180882
2.353533948577482
2.004886164091843
2.0
1.7924812503605778
2.556656707462823
2.6535442970305683
1.584962500721156
2.004886164091843
2.60845859334435
2.2221915755066783
2.4137995646056805
2.2221915755066783
2.2221915755066783
2.054585169337799
2.2221915755066783
2.4508257945180882
2.2221915755066783
2.1556390622295662
2.004886164091843
2.457717469130148
1.7924812503605778
2.2221915755066783
2.5716287152428543
2.2221915755066783
2.4056390622295662
1.7924812503605778
2.646782221599798
2.054585169337799
2.0403733936884962
2.466247897312731
1.971747257128181
2.2221915755066783
2.4508257945180882
2.221251836004466
2.199687794731328
2.2221915755066783
2.2841591278514217
2.004886164091843
2.660129752633257
1.971747257128181
1.789929075309999
2.0
2.4508257945180882
2.128085278891394
2.629249223856034
2.2841591278514217
2.2221915755066783
2.2841591278514217
2.4416298737872246
2.5100564603565396
2.2221915755066783
1.9877733714879842
1.8230264907128848
2.004886164091843
1.9508257945180885
2.260820318171659
2.2221915755066783
2.1556390622295662
2.1280852788913944
2.2221915755066783
2.353190671338322
2.353533948577482
2.2221915755066783
2.5424826938097276
2.1464657985040723
2.0403733936884962
2.2221915755066783
2.2221915755066783
2.606238928653389
2.4996981431844145
1.971747257128181
2.2221915755066783
2.2221915755066783
2.4508257945180882
2.4834585933443494
2.1209520310264036
2.0403733936884962
2.2841591278514217
2.2221915755066783
1.7924812503605778
2.472905595320056
2.0403733936884962
1.9182958340544893
2.646782221599798
2.499698143184414
2.474601752714581
1.789929075309999
2.0048861640918427
1.971747257128181
2.7806390622295662
2.4508257945180882
2.353533948577482
2.197159723424149
2.2221915755066783
2.054585169337799
1.9182958340544896
2.48345859334435
1.7924812503605778
2.2988252450030506
2.4508257945180882
2.049452072789394
2.054585169337799
2.2841591278514217
2.4980775466236413
2.2841591278514217
2.345851989338261
1.9182958340544896
2.2221915755066783
2.2221915755066783
2.2221915755066783
2.606238928653389
1.8092830792973653
1.971747257128181
2.054585169337799
2.2841591278514217
2.6535442970305683
2.2841591278514217
1.9182958340544893
2.470549740888595
1.7924812503605778
2.359879028736861
2.038159681645953
1.811278124459133
2.353533948577482
2.1280852788913944
2.2221915755066783
1.8423709931771084
2.48345859334435
2.4056390622295662
2.1280852788913944
2.0311836644228602
1.8423709931771084
2.7395722619867224
2.2221915755066783
2.4996981431844145
2.549523459597832
2.7136874387933565
2.6292492238560343
1.9182958340544893
2.353533948577482
2.0403733936884962
1.584962500721156
2.1920058354921066
2.6556390622295662
1.8423709931771084
2.2221915755066783
2.359879028736861
2.2221915755066783
2.422579761842491
2.33012496531497
2.4996981431844145
2.2221915755066783
2.2221915755066783
2.058813890331201
2.2221915755066783
2.6158045319402516
2.2841591278514217
2.2221915755066783
1.4591479170272448
1.9182958340544896
2.2877837199410704
2.2841591278514217
2.406666316740689
2.128085278891394
2.696199049814856
2.1280852788913944
2.2221915755066783
1.9182958340544893
2.4508257945180882
2.1280852788913944
2.35274578087187
2.6535442970305683
1.9852281360342514
2.5341468438052397
1.8423709931771088
2.2221915755066783
2.2221915755066783
2.049452072789394
2.271782221599798
2.2221915755066783
1.867633890971212
2.2221915755066783
2.3458519893382603
1.9591479170272446
2.049452072789394
2.125814583693911
2.2825887305018333
2.744842531753244
2.2841591278514217
1.8423709931771086
2.6556390622295662
2.260820318171659
2.2221915755066783
2.117492461184755
2.359879028736861
2.556656707462823
2.2841591278514217
2.2841591278514217
2.1280852788913944
1.584962500721156
2.692380602454975
2.0403733936884962
2.1280852788913944
1.971747257128181
2.1464657985040723
2.4996981431844145
2.436278124459133
2.396782221599798
2.606238928653389
1.7924812503605778
2.217021885879718
1.971747257128181
2.556656707462823
2.004886164091843
2.499698143184414
2.606238928653389
1.823067982273661
2.521782221599798
2.2221915755066783
1.950212064914747
1.8585552118703144
1.8423709931771084
2.074164743022575
2.4137995646056805
2.2841591278514217
1.9182958340544896
2.2841591278514217
2.070850149569599
2.004886164091843
2.2221915755066783
2.0403733936884962
2.295461844238322
2.855953642864355
2.349601752714581
2.6556390622295662
1.9182958340544893
2.2221915755066783
2.2221915755066783
2.058813890331201
2.2221915755066783
2.4508257945180882
2.2221915755066783
2.0403733936884962
1.9182958340544893
2.125814583693911
2.221251836004466
2.2221915755066783
2.907855023068745
2.1556390622295662
2.6535442970305683
2.0403733936884962
2.0403733936884962
2.35274578087187
2.4996981431844145
2.33012496531497
2.472905595320056
2.2841591278514217
2.2221915755066783
2.473851389610045
1.8799649487271108
2.353533948577482
2.6556390622295662
2.2221915755066783
2.2389205950315936
2.117492461184755
1.7924812503605778
2.054585169337799
2.2221915755066783
2.2221915755066783
2.054585169337799
2.692380602454975
2.460904932167797
1.971747257128181
2.1920058354921066
2.4961268547517808
1.9508257945180885
2.2841591278514217
2.1556390622295662
1.9182958340544893
2.2221915755066783
2.2221915755066783
2.2841591278514217
2.0403733936884962
2.125814583693911
2.606238928653389
2.60845859334435
2.7729244557748216
1.863120568566631
2.199687794731328
2.287783719941071
2.5262804816836235
2.1280852788913944
1.971747257128181
2.0403733936884962
1.9473387961875537
2.199687794731328
2.2221915755066783
2.752715278979705
2.499698143184414
2.1280852788913944
2.0048861640918427
2.7329145639793984
1.823067982273661
2.495461844238322
2.130926080730337
1.9182958340544893
2.0403733936884962
1.789929075309999
2.433625784275745
2.15804029822246
1.855388542207534
2.423448651115997
2.198602333888191
2.353190671338322
1.871636832693604
2.33012496531497
2.2841591278514217
2.125814583693911
1.8585552118703144
2.345851989338261
2.422579761842491
2.48345859334435
2.6062389286533896
2.2221915755066783
2.2841591278514217
2.1280852788913944
2.2221915755066783
2.1556390622295662
2.004886164091843
2.5495234595978324
2.353533948577482
2.2221915755066783
2.1280852788913944
1.9182958340544893
2.835237745312118
1.9502120649147465
2.6535442970305683
1.7841591278514217
2.606238928653389
2.2221915755066783
2.4137995646056805
2.224601752714581
2.4193819456463714
2.4996981431844145
2.221251836004466
2.004886164091843
2.4137995646056805
2.4416298737872246
1.8423709931771088
1.971747257128181
2.4137995646056805
2.004886164091843
2.345851989338261
2.260820318171659
2.019973094021975
1.9804820237218406
2.2221915755066783
2.2359263506290326
2.1280852788913944
2.005977711423774
1.9056390622295665
2.2221915755066783
2.2221915755066783
2.1920058354921066
2.0403733936884962
2.128085278891394
2.2841591278514217
2.2221915755066783
2.4137995646056805
2.2221915755066783
2.049452072789394
2.2221915755066783
2.353533948577482
2.4996981431844145
2.5239860659612976
2.606238928653389
1.8585552118703144
2.2221915755066783
2.0403733936884962
1.8423709931771084
2.2221915755066783
2.217021885879718
2.1556390622295662
2.4996981431844145
2.2841591278514217
2.2221915755066783
2.2221915755066783
1.9508257945180885
2.057924310831006
2.4508257945180882
2.60845859334435
1.9182958340544893
2.1735572622751858
2.1887870678023824
2.221251836004466
2.054585169337799
2.2841591278514217
1.9182958340544893
2.6062389286533896
1.971747257128181
2.2221915755066783
1.8423709931771086
2.049452072789394
2.2221915755066783
2.4834585933443494
2.499698143184414
2.2841591278514217
2.4508257945180882
2.0403733936884962
2.2221915755066783
1.9182958340544896
2.0403733936884962
2.4056390622295662
1.9508257945180885
2.2221915755066783
2.3458519893382603
2.359879028736861
2.2221915755066783
2.4508257945180882
2.1556390622295662
1.9182958340544893
1.7924812503605778
2.4834585933443494
2.2183641295938012
2.353533948577482
1.789929075309999
2.4508257945180882
2.4508257945180882
1.8423709931771088
1.971747257128181
1.7924812503605778
2.2841591278514217
2.556656707462823
2.4508257945180882
2.221251836004466
2.1280852788913944
2.251629167387823
2.206238928653389
2.1339375660949167
2.375
2.2221915755066783
2.3458519893382603
2.1280852788913944
2.5495234595978324
2.004886164091843
2.2221915755066783
2.35274578087187
2.2221915755066783
2.2221915755066783
1.9877733714879842
1.9182958340544893
2.4137995646056805
2.375
2.7272170014624826
2.2841591278514217
2.339572261986723
2.2221915755066783
2.1055872616982603
2.0403733936884962
2.199687794731328
2.2221915755066783
2.125814583693911
2.1280852788913944
1.9182958340544893
2.4416298737872246
2.1887870678023824
2.53414684380524
2.2389205950315936
2.2221915755066783
2.0403733936884962
2.4508257945180882
2.2151822154304583
1.789929075309999
1.896240625180289
2.2841591278514217
2.199687794731328
2.049452072789394
2.353533948577482
2.2221915755066783
2.004886164091843
2.0403733936884962
2.0403733936884962
2.6179781404530442
2.208196592277087
2.4225797618424916
2.4508257945180882
2.0
2.1556390622295662
1.6854752972273344
2.4508257945180882
2.1556390622295662
2.3577174691301486
2.2221915755066783
2.2221915755066783
1.7924812503605778
2.4508257945180882
2.058813890331201
2.521782221599798
1.561278124459133
2.2221915755066783
2.0458416408851736
2.2221915755066783
2.4508257945180882
2.1280852788913944
2.1556390622295662
2.2221915755066783
2.2221915755066783
2.221251836004466
1.971747257128181
2.058813890331201
2.2221915755066783
2.0403733936884962
2.054585169337799
2.278351811711312
1.7924812503605778
2.359879028736861
2.4137995646056805
2.4508257945180882
2.3523479118118216
1.7924812503605778
2.5306390622295662
2.7329145639793975
2.0
2.2221915755066783
2.463458298648303
1.9877733714879842
2.0403733936884962
2.732914563979398
2.2221915755066783
2.1280852788913944
2.2841591278514217
2.1967916319816365
2.0403733936884962
2.373735909525858
2.2221915755066783
2.345851989338261
2.0403733936884962
2.2841591278514217
2.2841591278514217
2.0403733936884962
2.4416298737872246
2.5341468438052397
2.466247897312731
2.2221915755066783
2.1416195253341384
2.4508257945180882
2.2221915755066783
2.0403733936884962
2.038159681645953
2.4508257945180882
2.004886164091843
2.2221915755066783
2.2221915755066783
1.9182958340544893
2.2221915755066783
2.125814583693911
2.4996981431844145
2.1920058354921066
2.1416195253341384
1.971747257128181
2.2221915755066783
2.0403733936884962
2.2221915755066783
2.004886164091843
2.4606057799537933
2.1280852788913944
2.0403733936884962
1.9182958340544893
2.4137995646056805
2.4556535163204436
1.780672129520887
2.4056390622295662
2.353533948577482
2.2856005389623073
2.130926080730337
2.606238928653389
2.038159681645953
2.5566567074628237
2.474601752714581
2.4137995646056805
2.2221915755066783
2.256908989558354
2.2221915755066783
1.971747257128181
2.3220847276178658
2.2841591278514217
2.2221915755066783
2.221251836004466
2.4416298737872246
2.2221915755066783
1.971747257128181
2.4416298737872246
1.8365916681089791
2.125814583693911
2.1280852788913944
2.2221915755066783
2.2221915755066783
2.0403733936884962
2.4508257945180882
2.054585169337799
2.2841591278514217
2.133937566094917
2.4662478973127313
2.125814583693911
2.2221915755066783
2.4508257945180882
2.625671327604699
2.0048861640918427
2.2841591278514217
1.867633890971212
2.523986065961297
2.523986065961297
2.133937566094917
1.789929075309999
2.2841591278514217
2.4508257945180882
2.289246428509158
2.4225797618424916
2.4237949406953985
2.0458416408851736
2.2221915755066783
1.971747257128181
2.054585169337799
2.1556390622295662
2.60845859334435
2.217021885879718
2.349601752714581
2.2221915755066783
2.4056390622295662
2.606238928653389
2.855953642864355
2.2221915755066783
2.0403733936884962
2.2221915755066783
2.499698143184414
1.8799649487271108
2.054585169337799
2.349601752714581
2.245869617795809
1.971747257128181
2.692380602454975
1.9182958340544893
1.75
2.6535442970305683
2.349601752714581
2.4056390622295662
2.556656707462823
2.556656707462823
2.049452072789394
2.353533948577482
2.251629167387823
1.9852281360342514
1.7924812503605778
2.049452072789394
2.221251836004466
1.9182958340544893
1.789929075309999
2.4508257945180882
2.2221915755066783
1.823067982273661
1.811278124459133
2.499698143184414
1.9609640474436814
2.2841591278514217
2.2221915755066783
2.499698143184414
2.2221915755066783
2.2221915755066783
2.2221915755066783
2.0403733936884962
2.125814583693911
2.049452072789394
2.2221915755066783
2.0403733936884962
2.4996981431844145
1.971747257128181
2.2841591278514217
2.217021885879718
2.23345859334435
2.2221915755066783
1.823067982273661
2.287783719941071
2.2221915755066783
2.004886164091843
2.1280852788913944
1.8423709931771084
2.2892464285091583
2.472905595320056
2.3458519893382603
2.4508257945180882
2.217021885879718
2.359879028736861
2.4508257945180882
1.789929075309999
2.224601752714581
2.2221915755066783
2.4508257945180882
2.1556390622295662
1.9609640474436811
2.4056390622295662
1.8423709931771084
2.5785519909913264
1.7924812503605778
1.8423709931771084
2.614369445886757
2.3921472236645345
2.692380602454975
1.9609640474436814
2.2221915755066783
2.2221915755066783
2.2221915755066783
2.049452072789394
1.867633890971212
1.7924812503605778
2.2221915755066783
2.6535442970305683
1.9056390622295665
2.1280852788913944
2.2221915755066783
2.25
2.2221915755066783
2.4956029237290127
2.1556390622295662
2.5785519909913264
2.4508257945180882
2.0403733936884962
2.353533948577482
2.2221915755066783
1.9182958340544893
2.0403733936884962
1.9182958340544896
2.1280852788913944
2.260820318171659
2.422579761842491
2.128085278891394
2.1280852788913944
2.0403733936884962
2.2256108145207376
2.2221915755066783
2.2221915755066783
2.199687794731328
2.2221915755066783
2.1280852788913944
2.606238928653389
2.2221915755066783
2.1280852788913944
1.789929075309999
2.251629167387823
2.2221915755066783
1.914341183612352
2.2221915755066783
2.2221915755066783
2.0403733936884962
2.4056390622295662
2.606238928653389
2.2221915755066783
1.6691803368667308
1.8585552118703144
2.345851989338261
2.1179631753145163
2.125814583693911
2.128085278891394
2.125814583693911
1.7527152789797045
2.084962500721156
2.606238928653389
2.4164997849817103
1.867633890971212
2.0403733936884962
2.349601752714581
2.2221915755066783
2.4508257945180882
2.0403733936884962
2.495602923729013
2.2221915755066783
2.0403733936884962
2.2221915755066783
2.6535442970305683
2.2221915755066783
2.6157246054471703
2.199687794731328
2.499698143184414
2.2221915755066783
2.353533948577482
1.9056390622295665
2.1556390622295662
2.2221915755066783
2.2221915755066783
2.2221915755066783
2.2221915755066783
2.054585169337799
1.8423709931771084
2.6384600665861555
2.0403733936884962
2.1280852788913944
1.7924812503605778
1.7924812503605778
2.2221915755066783
2.0403733936884962
2.359879028736861
2.0403733936884962
2.4056390622295662
2.1280852788913944
2.199687794731328
2.125814583693911
1.75
2.2221915755066783
2.5239860659612976
2.4137995646056805
2.343257873344267
2.054585169337799
2.2221915755066783
1.971747257128181
2.463458298648303
2.5566567074628237
2.3921472236645345
2.128085278891394
2.2877837199410704
2.2221915755066783
2.499698143184414
2.1280852788913944
2.4508257945180882
2.2221915755066783
1.7924812503605778
1.584962500721156
2.2221915755066783
1.867633890971212
2.1416195253341384
2.271782221599798
2.322756958897399
2.4996981431844145
2.1339375660949167
2.217021885879718
1.9182958340544896
2.4225797618424916
2.9540036423298535
2.692380602454975
2.2221915755066783
2.2841591278514217
2.2221915755066783
2.2221915755066783
1.9182958340544893
2.063202513215852
2.0579464358416484
2.1426643555488485
1.8879185026711327
2.221251836004466
1.9182958340544896
2.2221915755066783
2.2221915755066783
2.2221915755066783
2.2062389286533897
2.2221915755066783
2.2841591278514217
1.8423709931771084
2.192005835492107
2.603975726610715
2.128085278891394
2.0403733936884962
2.4508257945180882
2.2221915755066783
2.5487949406953985
2.4066663167406888
2.2221915755066783
2.2221915755066783
2.7395722619867224
2.4137995646056805
2.0
2.263809173883546
2.5032583347756456
2.4056390622295662
1.9182958340544896
2.2221915755066783
2.499698143184414
2.224601752714581
2.128085278891394
2.436278124459133
2.0
2.4508257945180882
1.7924812503605778
2.2221915755066783
2.2221915755066783
2.359879028736861
2.606238928653389
1.7924812503605778
2.2221915755066783
2.2841591278514217
2.375
2.217021885879718
2.2221915755066783
2.1280852788913944
2.4729055953200567
2.4996981431844145
2.2221915755066783
2.495602923729013
1.971747257128181
2.606238928653389
2.2221915755066783
2.2221915755066783
2.221251836004466
2.2221915755066783
1.8423709931771084
2.2841591278514217
2.2221915755066783
2.353533948577482
1.9954618442383218
1.924174352300441
2.6535442970305683
2.603975726610715
2.2221915755066783
2.3317663774021273
2.5559130951758244
2.260820318171659
2.1739731346044096
2.774243302917269
2.2841591278514217
2.133937566094917
2.2221915755066783
2.2221915755066783
2.1556390622295662
2.2810361125534233
1.4591479170272448
2.1174924611847548
2.2810361125534233
2.1280852788913944
2.1464657985040723
2.1280852788913944
2.556656707462823
1.4591479170272448
1.7924812503605778
2.2841591278514217
2.004886164091843
2.2221915755066783
2.8138461086383852
2.0
2.2221915755066783
2.4137995646056805
2.2221915755066783
2.2221915755066783
2.049452072789394
2.2221915755066783
2.1280852788913944
2.639172672730201
2.359879028736861
2.2221915755066783
2.6556390622295662
1.9877733714879842
2.2221915755066783
2.125814583693911
1.8799649487271108
1.9591479170272446
1.9182958340544893
2.2221915755066783
2.004886164091843
2.064042639445697
2.495602923729013
2.2221915755066783
1.971747257128181
2.33012496531497
2.5995812306460646
2.0
2.48345859334435
1.7924812503605778
2.049452072789394
2.2841591278514217
2.2841591278514217
1.9182958340544893
1.971747257128181
2.4137995646056805
2.197159723424149
2.503258334775645
2.2221915755066783
1.7924812503605778
2.2221915755066783
2.2810361125534233
2.0403733936884962
2.2221915755066783
1.971747257128181
2.6013821620912934
1.971747257128181
2.5492553971684995
2.199687794731328
2.4508257945180882
2.287783719941071
2.6535442970305683
2.0403733936884962
2.2221915755066783
1.7924812503605778
2.128085278891394
2.0349409139562287
2.484183719779189
2.1556390622295662
2.4996981431844145
2.353533948577482
2.6081816167087406
2.1174924611847548
2.0403733936884962
1.7527152789797047
2.5495234595978316
2.125814583693911
2.353533948577482
2.2221915755066783
2.054585169337799
2.2890179898186576
1.4591479170272448
1.7527152789797047
2.424498451560163
2.4056390622295662
2.2221915755066783
1.9056390622295665
2.004886164091843
1.9182958340544893
2.2221915755066783
2.6084585933443494
2.5559130951758244
2.1280852788913944
2.4056390622295662
2.2221915755066783
2.4508257945180882
2.4508257945180882
2.2516144718101816
2.0
1.9182958340544893
2.353533948577482
2.2221915755066783
2.2221915755066783
2.7806390622295662
2.4996981431844145
2.910440495218582
2.2221915755066783
2.1280852788913944
2.2221915755066783
2.1280852788913944
2.004886164091843
2.4137995646056805
1.867633890971212
2.058813890331201
2.5495234595978324
2.2221915755066783
2.221251836004466
2.2221915755066783
2.359879028736861
2.125814583693911
2.5580510765444573
2.606238928653389
2.2221915755066783
2.2841591278514217
1.8553885422075338
2.2221915755066783
2.2221915755066783
1.971747257128181
2.2221915755066783
2.7329145639793984
2.199687794731328
2.148834854280917
2.2877837199410704
2.556656707462823
2.2221915755066783
2.1280852788913944
2.311278124459133
2.2221915755066783
2.2221915755066783
2.2841591278514217
2.221251836004466
1.9609640474436814
2.075869296697727
2.0403733936884962
2.0048861640918427
1.9056390622295665
2.4137995646056805
2.2221915755066783
2.2221915755066783
2.2221915755066783
2.1556390622295662
2.499698143184414
1.823067982273661
1.9211854965885542
2.2221915755066783
2.4508257945180882
2.4508257945180882
2.4056390622295662
2.2221915755066783
2.1556390622295662
2.3627402784989338
2.4613201402110083
2.4508257945180882
2.054585169337799
2.221251836004466
1.822815600352516
2.221251836004466
2.128085278891394
2.1280852788913944
2.084962500721156
2.5032583347756456
2.4508257945180882
2.0403733936884962
2.6535442970305687
2.466247897312731
2.169668482563507
2.287783719941071
2.1556390622295662
2.2988252450030506
2.2841591278514217
2.343257873344267
2.2221915755066783
2.045841640885174
2.744842531753244
2.4508257945180882
2.4508257945180882
2.2221915755066783
2.2221915755066783
1.9609640474436814
2.353533948577482
2.054585169337799
2.4137995646056805
2.2841591278514217
2.2877837199410704
2.4996981431844145
2.2221915755066783
2.2841591278514217
2.2877837199410704
2.2221915755066783
2.4508257945180882
2.251629167387823
2.3655962303576015
2.556656707462823
2.4137995646056805
2.2221915755066783
2.130926080730337
2.5868878409958143
2.038159681645953
2.3485878960124222
1.971747257128181
2.4387439204017474
2.702904337188607
2.744842531753244
2.994111719041081
1.8883863458000842
2.2221915755066783
2.054585169337799
1.7924812503605778
2.004886164091843
2.199687794731328
2.2221915755066783
2.0403733936884962
2.058813890331201
2.4137995646056805
2.1556390622295662
2.1280852788913944
2.224601752714581
2.004886164091843
2.2221915755066783
1.971747257128181
2.2221915755066783
2.521782221599798
2.495602923729013
2.0403733936884962
2.145136370153053
2.4508257945180882
2.2516291673878226
2.422579761842491
2.980091412248763
1.950212064914747
2.2221915755066783
2.2221915755066783
2.595461844238322
2.125814583693911
2.221251836004466
1.9182958340544893
2.4508257945180882
2.2221915755066783
2.1416195253341384
2.2221915755066783
2.0403733936884962
1.971747257128181
2.4632431204148593
1.7924812503605778
1.8423709931771084
2.4056390622295662
2.396782221599798
1.971747257128181
2.1280852788913944
2.731419306105986
2.206238928653389
1.811278124459133
2.1280852788913944
2.4056390622295662
1.7924812503605778
1.561278124459133
2.6535442970305683
2.4225797618424916
2.2221915755066783
1.8423709931771084
2.5220084102004283
2.2221915755066783
2.004886164091843
1.971747257128181
2.5739348962840563
1.971747257128181
2.2841591278514217
2.128085278891394
2.2841591278514217
1.5709505944546684
2.1556390622295662
2.2221915755066783
2.3395722619867225
2.472905595320056
2.2221915755066783
2.2221915755066783
2.181205667334651
2.1920058354921066
2.2221915755066783
2.2221915755066783
2.439079570624175
1.971747257128181
2.5637169871277954
2.0403733936884962
2.3329145639793976
1.950212064914747
2.2359263506290326
2.4996981431844145
2.4056390622295662
2.2841591278514217
1.8230264907128848
2.682588730501833
2.359879028736861
2.289246428509158
2.35274578087187
2.2221915755066783
2.4887855917769937
1.8423709931771084
2.353533948577482
2.345851989338261
2.0545851693377997
2.0403733936884962
2.1556390622295662
1.971747257128181
2.199687794731328
2.058813890331201
2.2389205950315936
2.1876699935023463
2.0403733936884962
2.570950594454669
2.2221915755066783
2.2221915755066783
2.2221915755066783
1.7924812503605778
2.1280852788913944
2.474601752714581
2.2221915755066783
1.9508257945180885
2.6535442970305683
2.4508257945180882
2.2810361125534233
2.495602923729013
2.2221915755066783
2.0403733936884962
2.472905595320056
2.1280852788913944
2.0403733936884962
2.125814583693911
1.971747257128181
2.2221915755066783
1.4591479170272448
2.287783719941071
2.2877837199410704
2.0403733936884962
2.2221915755066783
2.1887870678023824
2.0403733936884962
2.4508257945180882
2.591793226077496
2.463458298648303
1.8919954870390203
2.0403733936884962
2.2221915755066783
2.2221915755066783
2.2221915755066783
1.7884504573082893
2.4159220638351666
2.2359263506290326
2.054585169337799
2.1280852788913944
2.0403733936884962
2.353533948577482
2.1416195253341384
2.2221915755066783
2.2221915755066783
2.004886164091843
2.2221915755066783
1.971747257128181
2.0403733936884962
2.287783719941071
2.1556390622295662
2.2221915755066783
1.6644977792004614
1.9182958340544896
2.422579761842491
1.971747257128181
1.75
2.1280852788913944
2.199687794731328
1.9182958340544893
2.499698143184414
1.971747257128181
2.4508257945180882
2.058813890331201
2.2841591278514217
2.2841591278514217
2.2221915755066783
2.1556390622295662
2.022579761842491
2.2221915755066783
2.2221915755066783
1.9182958340544893
2.2221915755066783
2.1280852788913944
1.9182958340544893
2.2221915755066783
2.4404040177209283
2.2221915755066783
2.2841591278514217
2.0403733936884962
2.004886164091843
1.867633890971212
2.0349409139562287
2.2221915755066783
2.2359263506290326
2.221251836004466
2.1280852788913944
2.646782221599798
2.2221915755066783
1.9182958340544893
2.2221915755066783
2.2221915755066783
2.2841591278514217
1.971747257128181
2.0403733936884962
2.339572261986723
2.519079570624174
2.0579243108310066
2.353533948577482
2.2221915755066783
1.4591479170272448
2.2988252450030506
2.004886164091843
1.7924812503605778
2.353533948577482
2.595461844238322
2.4528385678644473
2.4508257945180882
1.8423709931771086
2.4996981431844145
1.4591479170272448
2.2221915755066783
2.2221915755066783
1.9211854965885542
2.2221915755066783
1.809200032697812
2.125814583693911
2.2221915755066783
2.2877837199410704
2.6535442970305683
2.2841591278514217
2.2221915755066783
2.2841591278514217
2.422775066261337
2.2221915755066783
2.2221915755066783
2.058813890331201
2.0403733936884962
2.0403733936884962
2.403677461028802
2.2221915755066783
2.2841591278514217
2.2221915755066783
2.345851989338261
2.360964047443681
2.2221915755066783
2.768853837616
2.542482693809728
1.8423709931771084
2.2221915755066783
1.8423709931771084
2.2221915755066783
2.199687794731328
1.9182958340544893
2.499698143184414
2.4508257945180882
2.0403733936884962
2.9000516989995426
2.049452072789394
2.4508257945180882
1.978655800599158
2.2221915755066783
1.9591479170272446
2.353533948577482
2.48345859334435
1.823067982273661
2.4137995646056805
2.422579761842491
2.3432578733442675
2.054585169337799
2.2841591278514217
1.8423709931771084
2.058813890331201
2.125814583693911
2.728212945841001
2.4508257945180882
2.2221915755066783
2.1280852788913944
2.075869296697727
2.2221915755066783
2.2221915755066783
2.2221915755066783
2.2221915755066783
1.8423709931771084
2.349601752714581
2.835237745312118
2.603975726610715
2.0634582986483037
2.049452072789394
2.0403733936884962
1.8423709931771084
1.789929075309999
2.8662478973127308
2.4137995646056805
2.599581230646065
2.2221915755066783
1.9182958340544896
2.8084543309292345
2.2221915755066783
2.2221915755066783
2.2221915755066783
2.35274578087187
2.2841591278514217
2.4416298737872246
2.0
2.2221915755066783
2.345851989338261
2.4137995646056805
2.197159723424149
2.1280852788913944
2.0403733936884962
2.660129752633257
1.9086126988727123
2.460904932167797
1.4591479170272448
1.9877733714879842
2.004886164091843
2.2221915755066783
2.606238928653389
1.7841591278514217
2.0588138903312014
2.2221915755066783
2.2221915755066783
2.5358577759182794
2.221251836004466
2.128085278891394
2.2221915755066783
1.8423709931771084
2.004886164091843
2.0
2.2810361125534233
2.556656707462823
2.3129072918469555
2.251629167387823
2.2221915755066783
2.1280852788913944
2.128085278891394
2.3393538721672007
2.4225797618424916
2.199687794731328
2.2221915755066783
1.9182958340544893
1.9182958340544896
2.2221915755066783
2.2841591278514217
2.217021885879718
2.35274578087187
1.971747257128181
2.2221915755066783
2.2221915755066783
2.2841591278514217
1.971747257128181
2.0
2.1556390622295662
1.4591479170272448
2.1967916319816365
1.6854752972273344
2.2841591278514217
2.1280852788913944
2.4508257945180882
2.058813890331201
2.287783719941071
1.9182958340544896
2.4508257945180882
2.0403733936884962
2.6535442970305683
2.4137995646056805
1.8423709931771088
2.125814583693911
2.270942421748537
2.3329145639793976
2.2221915755066783
2.054585169337799
2.260820318171659
2.2221915755066783
2.60845859334435
2.217021885879718
2.339572261986723
2.3220847276178658
1.950212064914747
1.8585552118703144
2.406666316740689
2.2841591278514217
1.7924812503605778
2.0403733936884962
2.4508257945180882
1.789929075309999
2.0403733936884962
2.2221915755066783
2.1416195253341384
2.5559130951758244
2.2221915755066783
1.75
2.2221915755066783
2.629249223856034
2.128085278891394
2.2221915755066783
2.2221915755066783
2.2221915755066783
1.5566567074628228
2.556656707462823
2.418722908066561
1.9751060324573733
2.2221915755066783
1.971747257128181
2.292481250360578
2.2221915755066783
2.0403733936884962
2.279799131837405
2.5306390622295662
2.004886164091843
2.0403733936884962
2.4972872102456076
2.606238928653389
2.117492461184755
1.9182958340544893
2.2221915755066783
2.3921472236645345
2.2221915755066783
2.2221915755066783
2.4508257945180882
2.4508257945180882
1.8423709931771086
2.0403733936884962
1.584962500721156
2.4056390622295662
1.8553885422075338
2.4137995646056805
1.9182958340544893
1.9182958340544893
2.2221915755066783
1.9182958340544893
2.521782221599798
2.4137995646056805
2.0941178916311856
2.396782221599798
2.4137995646056805
2.004886164091843
2.217021885879718
1.9182958340544893
2.289246428509158
2.345851989338261
2.4225797618424916
2.0
2.2221915755066783
1.8423709931771086
2.2841591278514217
2.5566567074628237
2.221251836004466
2.4996981431844145
2.3837574414165545
1.9182958340544893
2.2221915755066783
2.556656707462823
2.563716987127796
2.2221915755066783
2.1174924611847548
2.1556390622295662
2.752715278979705
1.8423709931771084
2.1179631753145163
2.1280852788913944
2.2221915755066783
2.004886164091843
1.971747257128181
2.2221915755066783
2.221251836004466
2.4232196723355077
2.4508257945180882
1.9001403722466925
2.5550365325772657
2.260820318171659
2.2841591278514217
2.5917932260774954
1.9508257945180885
3.0418023582854463
2.4404040177209283
2.0
2.2221915755066783
2.2841591278514217
2.2841591278514217
2.2221915755066783
2.0
1.8365916681089791
2.2221915755066783
2.5724312513221195
2.4996981431844145
1.789929075309999
1.971747257128181
2.815922063835166
2.0403733936884962
1.971747257128181
2.0403733936884962
1.6636046175975003
2.1609640474436813
2.474601752714581
2.0403733936884962
2.2841591278514217
2.2221915755066783
2.1556390622295662
2.1868085945630504
2.2359263506290326
2.656283620713419
2.345851989338261
2.499698143184414
2.0048861640918427
2.1280852788913944
2.4996981431844145
2.4996981431844145
2.2221915755066783
2.125814583693911
2.2221915755066783
2.2221915755066783
2.4508257945180882
2.2841591278514217
1.8423709931771084
2.4508257945180882
2.4137995646056805
2.225605199016944
2.199687794731328
2.6337314206421327
1.7924812503605778
2.33012496531497
2.6535442970305683
2.2221915755066783
2.793269689515108
2.5487949406953985
2.5954618442383217
1.971747257128181
2.0
2.4056390622295662
2.2221915755066783
1.867633890971212
2.4508257945180882
2.4508257945180882
2.4508257945180882
2.774243302917269
1.971747257128181
2.2221915755066783
2.221251836004466
2.2221915755066783
2.2221915755066783
2.556656707462823
2.5495234595978324
2.4508257945180882
2.692380602454975
2.353533948577482
2.2221915755066783
2.3871251585103024
2.128085278891394
2.4508257945180882
2.0874628412503395
2.4416298737872246
2.2221915755066783
1.9508257945180885
2.353533948577482
2.1609640474436813
2.463865121950854
2.221251836004466
2.4225797618424916
2.2221915755066783
2.125814583693911
2.395461844238322
1.8339272176418302
2.2221915755066783
2.084962500721156
2.045841640885174
2.521782221599798
1.789929075309999
2.2221915755066783
3.0734111926211223
2.0403733936884962
2.4056390622295662
2.2892464285091583
2.270942421748537
2.2221915755066783
2.1280852788913944
1.8423709931771084
2.523986065961297
2.4508257945180882
2.0
2.2221915755066783
2.2841591278514217
2.2841591278514217
2.1280852788913944
1.971747257128181
1.7924812503605778
2.2221915755066783
1.8250112108241772
2.5559130951758244
2.375
2.353533948577482
2.292481250360578
2.2841591278514217
2.419973094021975
2.3395722619867225
1.8423709931771084
2.4137995646056805
2.2841591278514217
1.971747257128181
2.7395722619867224
2.197159723424149
2.2221915755066783
