Shannon_Entropy
3.5579422920002286
3.629877735159701
2.7967934947545605
2.5648894517332406
0.6500224216483541
2.835237745312118
2.7777768114567865
0.6500224216483541
1.2516291673878228
2.8443760604792505
3.324609814275999
1.720616644881894
1.7450972181704332
2.7272170014624826
4.056316125009839
3.0306390622295662
4.014535825311353
1.6644977792004614
4.203369774030413
0.5916727785823275
2.8978493842644677
3.2128786893420314
1.4466166676282082
1.780672129520887
1.061278124459133
2.054585169337799
0.6500224216483541
2.25
0.6500224216483541
0.0
3.5060688237651543
1.4056390622295665
3.1619781796795534
3.3776204074720737
2.6498277102200474
1.1401156785146092
1.2987949406953985
1.764097655573916
2.4569885365913753
2.353533948577482
1.6577427265048887
3.981246100372828
1.2987949406953985
3.2689289124151832
3.0379348510307675
1.272905595320056
3.9117860416682095
3.9480290788327155
3.9480290788327155
3.94158479792823
0.0
3.967604027456441
3.5999546983348467
2.632192121571194
3.0066281790138705
3.9815320788627986
3.956762679309976
2.836038815261278
3.9993144775322866
2.375
1.5487949406953985
3.2363486448233143
1.2516291673878228
1.4911148500551858
3.4672221742944815
3.326472205032966
3.539637628473542
4.080072968318664
3.9704135661450963
2.8566532127809316
3.5002836880550543
3.2164170129111764
4.02497743721351
4.11208298492398
4.054708340083779
1.4911148500551854
2.86192888182467
2.86192888182467
1.7987949406953985
2.244474529855453
3.77731318372086
3.016335545462919
2.881576656786651
3.1363334845062916
4.0132796929529775
0.6500224216483541
1.6030242373675734
1.9960277776936857
1.8197218324096138
3.89180717656108
3.1259180700694373
3.130240672752193
3.8298247538492634
3.8298247538492634
4.02094888162685
3.2251878900165245
3.3093407582869148
3.6914953169308413
3.379247855285173
1.1488348542809166
4.06539277070192
4.06539277070192
3.4656914987800373
3.942905093720281
2.192005835492107
3.5411673460484785
2.2221915755066783
0.0
3.9921435312515934
2.5211274733371867
1.2516291673878228
2.654255313215029
1.6644977792004614
4.1080676572042325
2.9708400131019848
3.5846151875601397
2.8231845140190246
0.9864267287308424
2.9998737308598002
3.0574258137630506
4.1060605514215505
3.369661703447222
3.4645403593186894
2.406666316740689
3.458515891998854
3.132914563979398
2.3666802004331786
2.613547137178142
3.2682394553387972
4.0606150322738985
2.622683189255492
2.301072329402873
2.4973419908730565
3.0091255469473572
2.4919674134034664
2.690120407472074
2.599581230646064
2.7422624341701964
3.398825558031237
3.174284532934504
2.9810760119146074
2.251629167387823
4.00249943576318
2.614369445886757
2.7107770844150676
2.8481061300625727
2.353533948577482
3.0739348962840563
2.9025092380072617
3.4415529132938505
4.05988923523282
3.483237649308966
2.7742433029172693
3.61153320198302
1.8716022614097982
3.6756583695271337
3.967726689222655
1.4466166676282082
1.6644977792004614
2.9617062775743133
1.287054028118727
0.9940302114769565
1.3663146570363986
3.8800132130247413
3.7427308737169422
3.3274847819558424
3.2681819469841797
3.2071964811197113
2.5110276044371007
2.102187170949333
2.3068905956085186
2.6384600665861564
2.9481203125901447
2.7646946861307384
3.238479086883498
2.696199049814856
3.728432771612756
2.2930867772116454
2.984712928241215
2.2333430646344365
2.2930867772116454
2.943550363597029
3.965605078258015
3.965605078258015
2.7202880467809374
3.0704816846131138
2.2256051990169436
3.3111065829930717
4.140049270730707
2.0930692077718898
2.784159127851422
3.9420172077311673
3.082328136858429
4.09637525660086
1.224394445405986
3.3335749990833365
3.821498721778219
2.987323830143178
3.4312940912531786
1.6729330318733675
3.288403108517505
2.469240782172285
2.9438426267918225
3.638091493923261
0.6500224216483541
3.1813663288914578
2.9607551327601973
2.6143694458867563
3.4654175544673067
3.9504349339031086
1.9473387961875537
3.941702560003691
3.9945480913297935
1.7527152789797045
1.811278124459133
3.5971382982192486
3.789350619621991
2.699513850319966
2.3432578733442675
2.5917932260774954
2.5086949695628418
1.3567796494470397
2.6069367321753214
2.935698780751651
2.5472044750881655
2.5967916319816364
3.517816090559699
2.4233412768431513
3.062907291846956
3.088106154649832
3.0961611871181116
2.9780948881692613
1.4488156357251847
3.990506064050619
2.6535442970305683
2.271782221599798
2.221251836004466
2.931951170723705
2.931951170723705
2.375
2.3627402784989338
1.4604846813131116
1.867633890971212
3.6724045622034183
4.017201717507021
3.25436316535055
0.5916727785823275
1.224394445405986
3.347829579975615
0.7219280948873623
3.303701696057348
3.4066424893856784
3.3436310999243437
3.1900616179453087
0.5916727785823275
1.1488348542809166
1.061278124459133
3.929787612090783
2.1618061865918268
2.1503172069317076
2.19504541531385
2.424071367119249
3.870614163921874
2.523682682418183
2.393151062863311
2.186728059690555
2.930678376412663
2.5017165270767596
2.623414008354029
3.9847057923363787
2.697845823084412
2.411509198419911
2.3942811477133943
1.8452178053171
4.083279136908964
2.4508257945180887
3.005678590456677
4.016302818168998
0.0
1.0
2.7925862263697305
2.4856936124307722
1.6644977792004614
3.1987388936077834
2.9598683589017414
4.048732344993435
4.071887582451981
3.559146255690878
4.105646617438535
1.7709505944546686
3.409567094075591
1.7709505944546686
0.863120568566631
3.033269689515108
4.015237560237456
4.015237560237456
1.4056390622295665
2.9540036423298535
2.577819531114783
4.039114107507472
1.9211854965885544
2.6986604604011157
0.6500224216483541
4.0484158679506645
3.8655659158211653
4.190590212968561
3.7721540110219487
2.0349409139562287
2.9995812306460645
2.972253928364927
4.077845192910165
3.200955208747908
4.071842379349217
2.9809266994775943
3.308694969562842
4.067077784193154
3.620936064750772
3.594117891631185
3.126690709808627
2.0349409139562287
3.20061207156501
1.7735572622751854
1.6258145836939115
2.7728885553739153
2.239097917988786
2.7728885553739153
1.6858157091530304
1.3516441151533922
1.6266888497018317
4.108194818030507
4.03040019923769
2.091917186688699
3.966846620367679
3.982114464401481
3.139572261986723
3.001629167387823
1.3787834934861753
3.322697681097504
3.119996576850896
4.097356166436684
4.097356166436684
4.097356166436684
4.097356166436684
1.896240625180289
2.353533948577482
2.125
2.9998737308598
3.9536983398191383
2.6229051758917206
4.006825909431913
3.13866760298431
0.7219280948873623
2.873086194490368
3.4938501006746066
3.9100233580317765
0.5916727785823275
4.043340632704344
3.0048861640918427
3.2481445810265566
1.1567796494470395
0.0
1.061278124459133
1.2987949406953985
2.3609640474436815
2.2608203181716595
0.6500224216483541
2.0464393446710156
3.00972396591296
2.9259256611773563
2.4577174691301487
2.849059419608157
2.784777652960283
2.784777652960283
2.7153266987718085
2.7525842461721624
2.049452072789394
0.6500224216483541
0.0
2.6016094970590276
2.0623828479473416
2.6370946659064183
2.670134892428194
2.3634256611773563
2.322756958897399
2.375
1.5709505944546687
4.080640954647958
3.001629167387823
1.8676338909712125
4.002363580343181
3.0664280318460246
2.835237745312118
2.4569885365913757
1.2987949406953985
2.644462784366856
3.0655259797443053
3.087265190592152
3.9277721609314704
4.024383316664562
2.91379956460568
3.041381483404565
1.7534343861887849
2.3973349103525234
1.5487949406953985
3.153701696057348
2.912933686280445
1.7273966735744792
4.096315013432366
3.316325615798884
3.9474486066232792
3.95379155490033
2.8374058114255174
1.2516291673878228
2.9637459942073314
2.869929984030836
1.9301249653149701
1.9015064025015063
3.0193266903174143
3.066292199491568
3.066292199491568
4.014804370660748
3.286472851972226
2.3220847276178658
2.969389419529156
3.961597316407526
2.39207883297832
3.9299362465710317
3.1590756493628565
2.5
3.8129880108259
1.7004397181410922
3.8352119588861324
3.8352119588861324
2.646782221599798
3.3558342610220864
3.2016094970590268
4.0102124118157105
2.8491568534184415
3.3038331020407403
4.0507666520529515
2.498929563690935
3.0900327766014795
0.6500224216483541
0.8812908992306927
4.017172723690503
2.9000539789347837
3.884324906797768
3.559599315372158
2.7729244557748216
2.5405341093423695
3.6734526909556826
4.042998799020797
1.9972264631946568
1.9473387961875537
2.292481250360578
3.1368421881310122
3.076999764800267
2.1837548319239213
2.183754831923921
2.3685477764837577
2.375
3.952551694612328
2.976352363578731
3.9967084609779233
2.2096909728231857
3.421583241176256
3.434656152509849
4.020155792285002
4.085976879777921
2.040223928941852
2.4156614701917634
2.6464393446710157
0.5916727785823275
1.224394445405986
2.3826831892554923
1.4911148500551854
1.9473387961875537
3.9630713719635606
4.002451614356562
2.808277477377708
3.1689250793612644
3.20407447382448
2.0464393446710156
4.016797885079493
2.5
3.3192098957688936
3.346326420506045
2.82306798227366
2.2731315234143215
2.2731315234143215
3.988906314219605
2.7531875903650325
2.561970443369145
2.6050721167104234
3.981421970810915
2.313675305902416
3.9275584214242745
3.272492130041276
3.93021945218738
2.0048861640918427
2.9852281360342516
2.6059018674664993
2.8739810481273578
2.8794246702602178
2.8035088547976783
3.8985522262600156
1.5709505944546687
3.267192637408565
1.1488348542809166
4.077186401504321
3.5853787649552933
2.292481250360578
3.9052511560886534
3.174744919273699
1.7489992230622806
3.2655833228877325
0.9864267287308424
2.8888631936692146
2.111636870709878
1.9508257945180885
2.9276942711037672
3.314617505067437
3.962789023362048
0.6500224216483541
1.6258145836939115
4.0849617116109025
2.8138461086383852
2.977217001462482
3.118987515655585
3.12304882092958
3.868843056400501
0.5435644431995964
2.5496128717735016
4.10824807932299
2.6515026408728724
3.9783518501728565
3.947027053762669
3.856919703979321
2.947562303690022
1.7924812503605778
3.2161201087373885
4.062887434012428
3.0488840705376354
2.4365703397565666
2.5841052764104817
3.1175365325772657
1.7709505944546688
2.968307686058813
2.8168189072130385
2.949275070710713
2.8695882958362935
3.99867396024643
1.8322628970242687
2.130926080730337
2.7702834614222893
4.1538838967742295
3.266126767019874
3.4732465562422825
3.341348084155478
3.2154648918251674
3.5043533630124775
0.0
2.9387218755408675
3.084962500721156
3.906810901284604
3.906810901284604
0.5916727785823275
0.9864267287308424
2.4890407595582644
2.477175233435624
4.112556892185971
1.8676338909712125
1.7295739585136223
3.1673389437460955
3.9043584877478317
3.9043584877478317
2.4508257945180882
1.2406705316766884
1.5487949406953985
3.822247787164271
2.9920650288938084
1.4466166676282082
3.804610230499472
2.649397470347699
2.9025092380072617
4.120296401005705
3.5646852674027705
2.2569089895583545
4.140606822623519
1.3787834934861753
3.0139465107714294
2.7052290027422967
3.123856189774724
3.1603942804765293
3.0763075155881596
3.377135028187124
3.441973528398472
4.007004118126615
3.6320140741698728
2.6556390622295662
3.6785088547976783
1.4911148500551854
1.4466166676282082
3.7782590908306446
3.322487029162717
4.191368905775293
2.5468465893424046
4.222193186970335
1.846231723379392
1.6908871105130316
0.0
1.8064275765817293
1.8407445355145842
3.0659117837770626
2.5389193025223586
3.4059204169412456
3.4059204169412456
2.359879028736861
2.67483503096275
3.8903679429854567
2.3627402784989338
4.038177138236039
2.8582783084180448
3.135821824148035
3.0774058114255176
3.9607673671422434
3.082365674580678
2.439254017211876
3.0961955697640455
3.1167292966721747
4.106774182709285
3.1699961498496823
3.0386609639191287
2.726471444107664
2.594360937770434
2.5870421436056197
2.7997155589410765
2.2231066513943394
1.9567810198807023
1.061278124459133
2.51734290050757
3.1655655788163206
3.4323033434517183
2.501457831177304
2.871576933525093
2.56905946544745
3.2185910043352384
2.224601752714581
3.957973202835364
3.957973202835364
3.957973202835364
3.957973202835364
3.4203620181423147
3.0717350271381685
2.078491674029184
1.5709505944546687
4.068216718093717
1.4182958340544896
3.0328972368899474
4.004067087918798
4.004067087918798
4.004067087918798
3.4430190302453973
3.123478672569886
2.951850848028674
3.9364280815106145
2.9307501784370427
3.4469336838923312
2.526280481683624
0.0
2.526280481683624
2.127986806877675
2.9946731527067856
3.151638117356399
3.7578453203472173
2.657742726504889
4.069013887261482
3.953994761228509
0.6500224216483541
1.1488348542809166
2.868507898969236
2.4404040177209283
0.5916727785823275
2.74894004700543
2.9995812306460645
3.7180695582192205
1.1488348542809166
2.5306390622295662
2.714385292821944
2.939058909205346
2.939058909205346
4.052928708073602
2.692380602454975
0.5916727785823275
2.049452072789394
2.744842531753244
2.3355055565170972
3.363974091437953
3.5316788180622902
3.6271250631796566
2.55887184844536
1.7767248000621212
0.6500224216483541
1.8243220819972437
4.0090847834758785
2.9709505944546684
2.440404017720928
3.991619187982834
2.353533948577482
2.82306798227366
3.065957320949175
2.7345123817507706
2.8995944450218873
3.3925990127930112
2.867357025944347
3.455058517433186
3.8996245965129406
2.6986604604011153
4.109479025159677
4.109479025159677
0.0
2.963745994207332
4.128362816338117
0.5435644431995964
2.4782038010085965
2.6828357910752425
3.303701696057348
3.130717987927374
3.2748008282657244
4.007835450258388
1.7709505944546688
3.2963129902432198
3.1144093452479407
3.9674172855419316
2.8619187672256596
2.9772862292531883
3.938035233441391
3.9919056331091025
3.2827797040823348
3.954961990131524
2.5162649802318
2.341446071165522
2.85701481125244
4.011806106872374
4.011806106872374
2.672553582385556
0.7219280948873623
1.914341183612352
3.2650179885610595
3.9739046093565564
3.467414789279467
2.039353872167201
4.077760556759742
4.077760556759742
2.049452072789394
2.474601752714581
4.094206388799072
2.4331958387289765
2.6978458230844122
3.099221183553859
2.6912539120823418
3.568392047769037
4.048683382534605
2.6448894517332406
2.6395239902382492
2.927451224964519
2.2810361125534233
2.292481250360578
3.3592534989209746
2.60845859334435
4.091606955180326
4.164261346626054
3.348083585113008
2.9008636133623837
2.2516291673878226
4.025449413386014
3.08043840132306
3.4448894517332396
4.197184911661497
0.9864267287308424
2.9259256611773563
3.9943171090847573
2.74894004700543
2.6411209338130157
3.1996877947313274
2.819773835029478
3.239903821148983
2.7990077544108964
1.7709505944546688
1.4911148500551858
1.4911148500551854
4.141950585503135
2.6986604604011157
3.297445081309231
2.5219280948873624
3.9637227768737073
3.33463319085544
2.71444715282063
2.4416298737872246
3.9191403594995746
2.816307519224645
3.991877707010081
3.235591746027931
0.8658566174572235
3.2658813699600984
3.4569790295610394
3.1168976271764537
2.791760760239541
3.275942240410833
4.143338140151165
3.1084528468535213
2.5366082543914996
3.020244207153756
2.7454812018599215
1.1488348542809166
4.043930801675454
3.4267537597676516
3.2261981000246145
4.010122941012876
2.9864405016961446
3.7411558556380644
2.8231845140190246
2.1739731346044096
3.2247301466508205
3.951022542873828
2.6416041678685938
4.032529530364019
3.958627892249583
1.0
1.2516291673878228
2.353533948577482
2.8799360853693945
1.6644977792004614
3.936670519797231
2.5487949406953985
3.2368489059491368
2.4416298737872246
4.0239522024929695
3.182936767553255
1.860964047443681
3.2963296883512383
2.924659176280171
3.8955438619663547
2.4092672522514684
3.972779322933835
2.473851389610045
1.8799649487271108
2.287783719941071
1.4911148500551854
4.068964438798216
3.3472660227761275
3.5064233465092376
3.2016094970590263
3.5133700137589186
4.107538631221498
3.0543667722948076
2.737796811598595
0.6500224216483541
2.3204233749536676
3.027281062891986
3.2622171017803208
3.1703230548188857
3.902632597875485
3.902632597875485
3.902632597875485
3.057919200039754
3.9345598573312754
3.4804930319631127
4.035928828865921
2.113283334294875
3.1079637556972077
3.918401571399754
3.263335453785385
3.8742105220800784
1.6644977792004614
1.9473387961875537
2.696199049814856
2.3935823097180293
4.041821736555278
2.9995812306460645
3.139572261986723
2.495461844238322
2.521640636343318
3.9403822365004935
2.486140047007841
3.985884456985395
3.985884456985395
2.3305576533947314
0.5916727785823275
2.2221915755066783
1.4466166676282082
2.4410685859554375
3.0263306701983916
1.198183947911799
1.188721875540867
2.1241854163060885
1.7956828983511026
2.6985981103597485
3.014808596766972
1.0
3.1545637383385636
3.164516674795502
3.846057973177272
1.7004397181410922
3.201139912208212
3.559080464464236
2.4391325058537374
4.021275416196661
4.021275416196661
2.1008076722172717
1.6975849794584954
2.9789323505189085
3.974688165063073
3.974688165063073
3.974688165063073
3.1652032965682597
2.549523459597832
4.040356964083669
4.040356964083669
2.4817145729860726
2.4349054335653717
3.133919825058653
3.0434032084593645
3.1135261432368337
3.9340148480742974
1.6729330318733675
2.521640636343318
1.812666565385177
2.9994478515213254
2.4965581512932555
3.0361188171967908
2.6789035938967
2.7990077544108964
2.5897020652651768
2.146465798504072
2.826329904541315
1.9898980954642875
1.419556298571613
1.5487949406953985
2.7364405016961446
1.9968578951805505
3.1839302682883397
3.018012416868225
3.3579927321544814
2.074087044559035
2.533771256064557
3.003074189428569
4.051502657490785
4.051502657490785
4.051502657490785
3.3297540407199047
4.058003816561981
3.031401845392172
3.155913095175825
1.8542858719872461
2.3942811477133943
2.7527054819279444
3.234479554133744
2.463865121950854
4.016704144323179
2.642643480890055
1.1488348542809166
2.9104404952185807
3.3722526868541824
2.495602923729013
3.1974168451037093
2.495602923729013
2.25
3.8304067861597173
4.02767974110356
3.5936883384839216
2.903513046107446
1.061278124459133
2.396782221599798
2.614369445886757
0.5916727785823275
2.772706008890384
2.8315691829038663
2.442622236077269
2.894902258086267
2.061278124459133
1.5709505944546687
3.930034620033524
0.0
3.3293305235351216
3.3293305235351216
3.640788578017564
2.3532946968877244
3.115748962019488
2.1735572622751853
2.9192310666188144
2.774693951646702
3.9266907331001857
3.2815391751433345
1.8389205950315937
2.437728545142357
2.591688540809147
1.4911148500551854
1.1401156785146092
1.57797720011724
2.8987965714813653
2.90041299893742
3.8807512194833342
0.6500224216483541
3.9842176997167775
3.512188403968661
1.6729330318733675
3.3193956051503144
2.4613201402110083
3.5396648422860233
3.8860946986106972
3.8860946986106972
2.744842531753244
2.1179631753145163
2.7352828720530686
1.2516291673878228
2.646782221599798
2.6100635408770723
3.062414584697267
3.8975695811463473
3.467818564413205
1.5510981710072647
4.068312452271327
2.6031579868725987
2.4226754683112177
4.049734403575106
4.049734403575106
2.974966894349768
2.049452072789394
3.272769892034794
4.0391595576013755
3.8681944755804993
1.2516291673878228
3.276108478543875
1.867633890971212
2.8692750707107133
2.2877837199410704
2.3232196723355076
3.7870559864147384
2.3220847276178658
4.008980266758663
3.953456886692024
3.3750102359560286
2.746261437095948
4.03260670868894
4.058488168888586
4.058488168888586
4.079077125881502
0.6500224216483541
2.5346939516467017
3.111226836485236
0.0
1.2516291673878228
4.134239305309407
2.8522000125532294
2.6924655223443037
1.780672129520887
1.867633890971212
2.6965086847692783
4.0018298706222435
4.0018298706222435
1.9211854965885542
1.9211854965885542
2.611641588620618
2.473851389610045
3.974041144256409
2.622733639029705
3.998894505847934
3.994347524801892
1.224394445405986
2.397334910352524
3.932916401125811
3.932916401125811
0.6500224216483541
3.9236057132397035
1.4911148500551854
3.19280767120297
1.9502120649147467
4.075715672255595
2.816340113853408
2.587504346796978
0.6500224216483541
4.085918087994972
3.917247298727874
1.3921472236645345
3.3320953986601687
0.0
2.801706277574313
3.7553609949813134
3.7553609949813134
2.3609640474436815
3.29109390051888
2.7538585810360594
3.221097250057956
2.535857775918279
2.251629167387823
3.504283291583628
4.050645434295609
3.661932872373584
3.993313798171966
2.5841837197791886
3.9069821137154754
3.4751878900165245
0.7219280948873623
2.474601752714581
2.0349409139562287
4.058899886305001
3.0698104993969335
4.031137882592716
3.0629072918469564
3.3186697386792328
2.298309401300804
1.061278124459133
3.9957121341518245
3.9736344888127064
0.5435644431995964
2.856348049820478
3.7448448465420556
2.794788541104805
2.9772170014624826
3.0944565811017304
2.927798970294785
3.9441401469845987
3.9441401469845987
3.091149643307238
3.84203819229033
4.117014442891259
4.039219242760166
2.523986065961297
1.8799649487271108
2.0060710131011685
3.0681697173044618
3.057727778739319
3.8235869532127067
1.8799649487271108
0.5916727785823275
1.7709505944546688
3.609001950926278
3.082588730501833
3.2410457603904335
2.60845859334435
3.363600077007203
3.123320381093429
3.128569650882956
3.9516367528640197
3.240580855383539
3.3403107519800503
2.9219280948873623
2.977747162910945
3.1180782093497084
3.2973021433391945
0.0
3.2303964110993895
1.1488348542809166
2.863094551420763
3.492131323595269
2.696199049814856
3.9451485006963765
3.847143595478815
3.4328400246539315
3.3235167103374836
4.05598591219767
3.896852141586224
1.9852281360342514
3.889286743653401
2.632192121571194
3.143465189601647
4.1012172572179235
3.9952388014000335
2.4414460711655215
1.9015064025015063
4.083525551686851
3.7105801614272758
4.121341083612196
4.073609724047395
2.6688388898504303
3.2389211020256887
2.1405180562767114
0.0
0.0
3.86633497252359
3.7409290576030516
0.6500224216483541
2.6556390622295662
2.4056390622295662
1.7695459925589747
2.4508257945180882
3.3154560610774215
4.035952343064529
1.1488348542809166
2.933020192448045
2.5577174691301483
3.93155064115773
1.5487949406953985
3.077572638281769
3.397135202831011
3.892800050738019
2.396782221599798
3.5499846966573605
2.6531259823611517
2.696199049814856
0.6500224216483541
3.4472103113389787
2.396782221599798
4.092899550597058
2.891126767019874
0.5435644431995964
1.6858157091530304
2.8000446184790095
4.044078292595867
3.9053745619148574
2.402084237819134
2.944304152424924
2.660129752633257
3.036576689940733
2.3638651219508544
1.5566567074628228
2.4137995646056796
2.781453645923478
3.9257154341412837
1.1488348542809166
3.1932384884883387
0.9864267287308424
3.1944527985315267
3.1496734471867414
1.3787834934861753
2.764694686130739
4.036277262658047
1.6266888497018317
0.0
2.4182958340544896
3.2451552926029503
2.7170218858797175
3.8663861826515937
1.8980933736695382
4.015940981213366
2.2221915755066783
3.5857738927795326
2.94309043645743
2.858118463097969
2.715326698771809
3.263809173883547
0.0
4.017602333097461
3.084935617063604
3.927703748077975
3.329448698502606
1.6729330318733675
3.258097391110571
3.920111969975633
3.920111969975633
4.146411829427318
2.6026051487677933
4.095213253848901
2.7844315212744046
3.4266781970562956
1.7709505944546688
3.965126577903282
3.965126577903282
3.146963301322424
3.227490908398459
3.2106993328423066
3.8557407658418605
0.0
2.966599815542967
2.9259256611773563
3.956665586569372
3.956665586569372
3.261166503080561
3.2679095224311903
1.994299475957303
3.980272927040313
1.6858157091530304
1.9591479170272446
4.028773378821672
1.2987949406953985
0.0
1.579434002924965
3.6978652815498267
3.6978652815498267
3.818186433487545
2.9612366047228753
2.3921472236645345
2.9823792136014435
2.9823792136014435
3.793909441175269
2.1739731346044096
3.2605941579657114
3.2153480294137684
3.7343643268012907
3.7343643268012907
2.8179375655161873
2.748012884178568
2.896749271912369
3.507714802597438
2.9688840705376354
3.2144387309834257
2.197159723424149
3.0705932736079307
1.5709505944546687
2.7865766899407327
2.70756965350506
1.6854752972273346
2.842760624674981
4.110054187815992
1.1488348542809166
1.6729330318733675
2.658680662942251
3.1543425543503623
3.2910662075363977
4.062637313903041
0.9219280948873623
2.574164743022575
3.775619146451226
4.00563258110981
4.228138013862085
2.5868878409958143
3.1867043459100235
2.3627402784989338
4.027141351345618
1.1488348542809166
3.217796811598595
3.9741069879841073
2.938307235905091
2.0
2.313675305902416
1.2516291673878228
0.5916727785823275
2.6416041678685933
3.918703680507489
3.4730724143730924
3.4730724143730924
3.0849625007211565
2.622733639029705
1.9591479170272446
2.5521796970665487
3.0077429145253154
3.9435378569728297
3.20090848297003
4.100018687678717
4.100018687678717
2.049452072789394
0.5916727785823275
3.841981746114965
0.6500224216483541
0.6500224216483541
4.013763615064556
2.7454787519212465
2.495602923729013
3.9892666832593133
3.1652032965682597
2.705190499271973
4.035481717040773
3.000460555107285
2.546134671813829
1.7427376486136672
2.6875189347343342
3.108504131674156
3.0457685859117083
2.815333779292341
4.063331767936739
3.8578031810860054
2.60845859334435
1.5487949406953985
2.8483485526372334
2.6900936348654003
4.077701923030351
2.247927513443585
2.247927513443585
3.9057843941772967
3.9057843941772967
3.9488584257303168
3.0472044750881655
3.0970670940755904
4.000658494399966
2.43426857323048
2.952101643240471
1.6140054628542204
3.0374986668699444
2.9450386975402445
3.366293105171435
3.2575203259795535
3.4651784413066107
3.9978652414707594
3.1507473742887124
3.6363002608758213
3.5696528421062865
2.7216227854342443
3.3190795706241736
0.7219280948873623
2.5744784159130814
2.705099002108176
2.5827936132549505
0.0
2.332914563979398
3.9118291796611575
3.9118291796611575
3.9908757949042983
4.122801712170447
1.061278124459133
0.5916727785823275
2.506144066853198
1.6729330318733675
3.3909521314928406
3.340194257703514
3.967240249740205
3.351365993588128
3.872398990761336
1.4466166676282082
1.5487949406953985
1.4466166676282082
3.6379271790402132
2.6550505394177746
2.716716186961402
4.086939867868929
3.0800993188718535
3.323834298997741
2.768853837616
4.00767375350685
2.638511518271973
4.067158865264222
4.067158865264222
4.144867720788318
3.236161353104502
3.83896005654559
0.5916727785823275
2.695461844238322
3.9049469382926816
0.0
4.076699431273718
2.2627834289765825
4.021858827352354
3.0530447952401807
4.078778265713895
0.9219280948873623
3.429083146592403
2.224601752714581
2.125814583693911
2.353533948577482
4.110372079272286
2.058813890331201
1.5487949406953985
3.3512334229667196
1.780672129520887
3.4400701165495122
3.825875815618504
3.966550012184907
3.6758711054575395
3.498778124459133
1.061278124459133
3.00362037197294
3.968710403195908
3.471354487013929
3.033794020992213
2.5178010273005365
2.3508289165672935
2.6283365725513432
4.004780951979635
3.0505302886924217
3.0505302886924217
2.6816259570743926
3.8555547197012063
3.8555547197012063
2.804066415495255
3.9932525741870175
3.9932525741870175
3.9932525741870175
3.9932525741870175
3.9932525741870175
3.532295538649316
2.2797208524644614
1.8676338909712125
3.2098683589017414
3.301094731857816
2.5575876602558645
2.6384600665861564
2.0545851693377997
3.9996189366274346
1.5851842063879111
4.065978708445413
3.728972140861
4.115131394553895
4.012469936157214
2.752715278979705
2.841869559407794
4.070284667898298
2.8662478973127317
4.09162588078888
3.5781238944525073
3.9749980791096893
1.4911148500551854
3.0826504379014197
2.1887870678023824
0.6500224216483541
3.0081487043156443
2.6717374334224657
3.216767311054465
3.8946590687976164
3.3372371892177344
3.975388636653825
3.241104137971911
1.896240625180289
3.174538596345923
1.8879185026711327
4.066918229217645
4.066918229217645
2.8657590119959404
4.02935270537206
2.6416396727898706
3.4604180636454753
3.356474653799415
3.4790828722076443
2.3220847276178658
2.437065831519022
3.099803983895906
3.0170509648645494
2.595461844238322
3.0985467411778695
2.9875159536385683
3.9632631363699664
3.102683189255491
0.5916727785823275
1.3485878960124222
1.2406705316766884
0.6500224216483541
1.4911148500551858
3.4189192374140833
3.434387460122597
2.5495234595978316
2.064042639445697
2.5
4.037929534638145
1.2516291673878228
3.983670004778874
3.182203857235149
3.721136972629951
2.664083511770376
3.1090383167027067
3.770689464737516
3.770689464737516
4.044958142244183
2.5341468438052397
4.121028316950599
3.381299214313106
3.9131129327109404
3.9131129327109404
3.2225592461925197
3.120763631426055
3.5007909503026386
2.327632809290636
2.0225797618424917
2.202819531114783
2.994134509374633
3.2089459601713033
3.400578839731352
4.036746168274424
4.206387224111221
4.142520633785443
2.5227178514411284
2.5227178514411284
2.2810361125534233
2.8375675574784514
3.7157194966118072
2.6577174691301484
2.7026831892554917
2.3432578733442675
2.1735572622751858
3.942466756914404
1.6644977792004614
3.1460108973220273
2.692380602454975
2.130926080730337
0.0
2.8155527162681313
2.016875695766564
3.1746742319786416
2.4056390622295662
0.6500224216483541
4.054020714390323
2.375
2.4864405016961446
3.949863862837278
1.7527152789797045
2.889549430862088
3.910929223318246
3.9280566935026133
1.6767370300521325
2.9210296217376146
4.058265711005079
2.375
2.4973419908730565
3.974410148156559
0.0
3.843522884321915
2.11121658843249
2.1503083326692294
0.9910760598382222
4.021457170281536
3.906438401906397
0.5435644431995964
3.063307235905091
2.649397470347699
3.4500320303063776
3.449586451359062
2.628212945841001
3.449986275949207
4.0816453224818545
2.617808897793717
2.1543223732198316
1.6767370300521327
4.1410914855181105
3.263180678891502
3.5128377833946804
2.83429531609601
1.7527152789797047
1.6729330318733675
2.1416195253341384
1.867633890971212
2.713269689515108
3.193269689515108
3.9394192610747854
0.0
4.091813567041633
3.1619781796795534
2.8515107774877744
1.1488348542809166
3.940585471531408
3.2022564285412445
0.6500224216483541
3.8724840861925545
3.2511644549200613
3.92817581697034
1.6140054628542202
0.0
4.128350200051986
3.1944527985315267
3.3228530808768375
3.515790917524304
2.9970146402876288
1.6644977792004614
2.6978458230844122
1.3921472236645345
2.708098663501805
1.6729330318733675
3.9700681535649807
3.9700681535649807
2.755123044017255
3.9521616176907584
4.125819298368807
0.0
2.502705481927944
2.750414944135719
4.000209726875456
2.7534343861887853
3.321928094887362
4.07911858445112
3.957348235079119
2.7917169086600584
2.350209029099897
3.736896586726942
3.9936832385932037
2.963338647382062
3.1056532424234393
3.0286393118385755
4.058390756578349
2.813269418702727
4.10185728301959
3.5542292966721747
3.9681156838281213
3.32448454303215
1.2987949406953985
2.6405219626825924
3.95830657621007
3.1477309221191603
1.3567796494470397
0.0
3.899924856809204
2.474601752714581
3.914108372535182
3.914108372535182
1.5709505944546687
1.6854752972273346
1.3787834934861753
3.5798496194833094
1.584962500721156
1.6266888497018317
3.411751853774936
1.3567796494470397
2.9945637531514433
3.946465192187133
1.8073549220576042
3.202966135176596
4.057696299144346
4.057696299144346
4.119741615775384
3.087250767763737
2.9583445647526654
4.0794727515382325
4.063564321208901
0.5916727785823275
3.469808812612568
4.058115626000435
2.965076031862108
3.219058582130363
3.5061142866343142
2.4262927116736352
3.959922384847029
3.959922384847029
3.263639912208212
0.5916727785823275
2.2096909728231857
2.3244093931715555
1.8799649487271108
3.0655800539410576
3.8642953071703996
3.3828639352107364
3.6673255000938827
2.993935299384704
3.89059262458595
3.89059262458595
1.896240625180289
3.161967448142028
3.6587034836369834
3.866735860198332
3.866735860198332
2.686146588249911
2.8140154482997177
3.80404271971653
2.422579761842491
2.1416195253341384
3.162765151723084
4.133067039726124
3.323391110799899
4.028739990080097
4.028739990080097
2.6535442970305683
2.6384600665861564
3.207707064470474
3.8444231894740537
1.9591479170272446
2.495602923729013
0.0
3.0009728252459755
3.1654203345205647
1.7709505944546688
3.097523386857506
2.9159436334818682
3.1881065019639454
3.9739284236173678
3.7135033479173405
3.863358306496812
4.167581867073017
1.8895782867502309
1.6729330318733675
2.279799131837405
4.0322134092835755
3.3909611354899156
3.340031793699528
3.99011215955629
2.6355917460279312
2.5341468438052397
2.5993895916167014
4.0687223023880135
2.620261926521328
2.77925537606794
3.2660461290631853
2.783735328622078
3.926264013983637
3.926264013983637
3.8807079131826527
4.08741432975143
2.8048894517332403
3.9129493218732483
3.0030465660418075
3.2550289263715944
3.0102634459732998
2.763865121950854
3.506594578111191
4.029517011484705
2.0349409139562287
1.4911148500551858
1.780672129520887
2.292481250360578
2.9124876891689526
3.944411350655026
3.5085362260744613
3.599874739988984
2.040223928941852
3.8820910167060485
3.8820910167060485
2.038159681645953
3.837749169807822
2.6216535224393334
2.4056390622295662
2.763204619426869
0.9864267287308424
2.05632607578088
3.137417845836408
4.004456806589655
1.676737030052133
3.306595657999403
3.166201914801638
3.1747449192736994
2.855388542207534
2.7524876891689534
3.971318424726149
3.971318424726149
2.9634682004976245
1.950212064914747
2.696199049814856
0.6500224216483541
2.3068905956085186
2.33012496531497
1.9015064025015063
4.078223879807569
3.211744090932182
3.956996053773524
1.7489992230622806
3.035359424729971
2.25
3.2327420187337803
3.174153592512572
3.6870476280432247
3.7708813811605753
3.177566232096525
3.5618976181697724
2.678031708493046
2.1868085945630504
2.1356649125456526
3.28252688648252
2.6555388598648952
3.937111458016498
3.937111458016498
3.937111458016498
3.4772627661779656
1.2516291673878228
3.81784100083628
1.6729330318733675
2.687323068474994
2.925853014561283
0.0
4.158235690922793
3.053399704314804
3.053399704314804
3.8227847257070935
2.728596194529001
3.9848700544110973
3.2101614615752965
3.2088301752949477
0.0
3.1993319466079133
3.993908022857959
0.6500224216483541
3.5739917069119387
3.6801386702484487
1.3921472236645345
2.451758284126438
4.032601611203599
1.4885252948977485
2.6120966889958757
2.130926080730337
2.1920058354921066
0.5916727785823275
3.8754108256271107
2.25
2.6055161915432032
2.7480638507320547
3.8066939694243174
2.655050539417774
3.2638091738835464
4.084006964169084
1.867633890971212
2.958344564752666
4.095002425556411
2.004886164091843
3.957410819289099
2.5137948768030918
2.576617644908666
3.0269868333592864
3.9666804846032995
3.9666804846032995
2.934434065799029
2.3329145639793976
2.1739731346044096
2.291620193427939
3.9185551935023373
3.2331735648253743
2.910495789475926
1.9814963295286754
3.5421176810056703
3.392858534516006
3.8055732408406793
3.8055732408406793
0.6500224216483541
3.151478922893308
2.756165165631468
2.9214398352972784
2.763875617431001
2.374556048381884
3.981325725721448
3.149673447186741
3.478186118544321
2.743982153814128
3.278466447422559
3.34097412946008
1.8919954870390203
3.9353166096814944
2.617492461184755
2.5917932260774954
1.950212064914747
2.603975726610715
3.186916715772515
3.89427655038553
4.119272974930685
2.7462614370959475
3.4935410903536552
2.8370137381274936
2.73766622789152
1.5709505944546687
4.028977783078405
2.2585728843419157
3.093344863722962
3.4165301730294657
1.9473387961875537
2.8659573209491747
4.052112246729691
3.9127754794365672
2.7638371203832603
3.760722835629783
1.061278124459133
3.8477942093616946
2.4416298737872246
4.218536263513925
3.9671840807343504
2.225605199016944
1.5058762556041068
3.9486628007127953
2.1824562508413488
1.8336056789417416
3.0746504412424756
3.0746504412424756
3.9406353431615475
3.4031519751321544
1.4466166676282082
2.5521796970665487
3.9671042053882033
2.221251836004466
4.103440372371787
4.103440372371787
3.802497845720314
4.144986564641377
3.816536739538996
2.931109091935486
4.075461135262902
3.877275514259096
2.6016094970590276
1.5487949406953985
2.8730319327366343
3.899891885765196
2.599913979425364
2.058813890331201
1.1488348542809166
2.8159220638351665
3.809758359252634
2.384183719779189
4.153304552207791
2.915151234499248
2.397334910352524
2.9398290174664026
2.7932696895151077
2.359879028736861
3.9838055161956887
4.101583132481534
3.8225151981189356
3.5424826938097276
2.6061376606679536
3.17765386327595
2.3627402784989338
2.7721854605116723
2.0464393446710156
0.4689955935892812
1.6644977792004614
1.2406705316766884
2.1506140041158783
2.9532433566073997
2.291620193427939
2.823184514019025
3.528057755197613
3.121686809460534
2.4356371288264103
2.424498451560163
3.9115233836263132
3.9115233836263132
2.322756958897399
2.5785519909913264
3.2636399122082125
3.321055299751224
2.945944515932541
2.6469467733821013
3.758055169525982
2.5788528158822395
2.9974058114255175
3.2405808553835387
2.1887870678023824
2.292481250360578
2.503119464326695
1.8810947601100745
2.1812056673346514
3.816808822170163
1.8799649487271108
3.9427992817641
4.0514704097118335
3.8835541074581275
2.1887870678023824
4.117083452440556
3.3436310999243437
0.6500224216483541
2.9841837197791885
3.0558952584955117
2.5246850668814877
2.9737530646956647
2.6282129458410015
3.1428492819441183
1.2516291673878228
3.0937996344817047
3.2461053179749726
0.9864267287308424
2.463458298648303
0.8453509366224364
2.71870076430712
0.5032583347756457
1.7004397181410922
3.8580203632046723
3.432619826353563
2.4156614701917634
0.6500224216483541
2.4996981431844145
2.4156614701917634
2.4410685859554375
1.7534343861887849
1.8638263900908159
3.3171628396409756
3.682103445535343
0.0
2.8515107774877744
3.0552087625895843
2.4066470977859256
4.025820611072232
2.1739731346044096
3.224804031358347
2.040223928941852
2.770283461422289
0.8658566174572235
1.9766480916739717
2.771510777487775
2.7165441892268296
3.040373393688496
3.9390104009554223
2.879365887468491
2.594906618243939
3.6775534697813246
2.990408621573603
3.1572682296173893
3.984470210796327
3.984470210796327
4.031378843205378
1.224394445405986
4.012548319924417
2.4588718484453604
3.938523787908238
3.938523787908238
2.851746185907433
3.3403042981675584
4.13801796105925
3.3403042981675584
4.13801796105925
3.3403042981675584
4.13801796105925
3.3403042981675584
4.13801796105925
3.3403042981675584
4.13801796105925
3.3403042981675584
4.13801796105925
3.2803946541231945
4.199350112113372
3.2803946541231945
4.199350112113372
3.2803946541231945
4.199350112113372
3.2803946541231945
4.199350112113372
3.2803946541231945
4.199350112113372
3.449586451359062
2.628212945841001
3.449986275949207
4.078121050434871
3.449586451359062
2.628212945841001
3.449986275949207
4.078121050434871
3.239097917988786
2.6881020701914804
3.2662478973127316
2.125814583693911
3.578864088188097
4.103623190868108
2.125814583693911
3.578864088188097
4.116473407761121
2.125814583693911
3.578864088188097
4.116063972957784
4.116063972957784
1.8716022614097982
2.292481250360578
4.082178777185228
4.082178777185228
0.6500224216483541
3.2351162200951773
3.801162987443224
2.542481250360578
3.95150816409972
0.6500224216483541
2.477175233435624
4.075803468555496
2.292481250360578
3.5432894453927672
3.365525366957616
3.865094166605999
2.5967916319816364
3.9741996166254716
3.3346610766103217
1.610577243331642
3.9571297559598744
0.6500224216483541
2.130926080730337
3.043209270349128
3.8996075698075274
2.908693925714441
3.8679697335819254
3.8679697335819254
3.1558662756929903
2.93299930663729
2.862683189255492
3.1558662756929903
3.695724768960463
3.695724768960463
2.375
2.0349409139562287
0.0
2.1258145836939115
2.6416041678685938
2.845350936622436
3.1083757000539407
2.6612087979789947
2.125814583693911
3.893589996731086
3.238920595031594
3.238920595031594
4.026260426098083
1.4466166676282082
2.649397470347699
4.137703670880124
3.2303433280265867
2.6873230684749942
3.8900563981718523
3.8900563981718523
3.8900563981718523
3.276610871654404
4.034969934834838
1.4466166676282082
1.5487949406953985
3.420099938257928
0.6500224216483541
3.9506742777834214
3.5866231956885164
1.2516291673878228
3.6371074230979437
2.469240782172285
3.9007657961506137
3.5232837008456412
0.5435644431995964
3.4231930322016733
2.5709505944546684
3.914792843948976
0.5916727785823275
3.3305599404433646
1.75
2.4237949406953985
4.018502300017347
4.018502300017347
1.061278124459133
2.1812056673346514
2.60845859334435
2.5997015926687768
2.9688405885353206
2.982384124843479
3.3162237890328705
3.262629140023101
3.843711154261293
3.843711154261293
3.843711154261293
3.843711154261293
4.011252024767378
4.011252024767378
2.4508257945180887
2.005977711423774
2.436278124459133
3.912967742454858
3.912967742454858
4.028513350097959
3.616698696973044
3.643993900431739
4.099818177152338
4.099818177152338
3.1327359123139935
3.0091565183471607
3.8894898625661254
3.6382527071307744
2.901946959251369
3.9746071779331755
1.780672129520887
3.0741394612415434
3.524043732998189
3.1543425543503623
2.6793743705131985
4.048435341240707
4.048435341240707
0.5916727785823275
0.6500224216483541
3.5777712371689265
1.5487949406953985
2.291620193427939
3.277454893862355
4.000777132198227
4.000777132198227
2.7883201891060003
3.998686792866406
3.998686792866406
0.6500224216483541
2.9053077763737463
2.9952662057069164
3.728638541845608
3.9958613659081195
3.3867629640363295
0.5916727785823275
3.355700142806316
3.96864237785352
2.7071600878177033
2.692291295233139
3.0449127332389443
4.037388618740589
0.9864267287308424
1.1488348542809166
2.5039975273348487
2.049452072789394
2.8527457808718695
0.0
2.896741145875891
3.8887258635213806
3.5753937033295995
3.822883476151803
2.4159220638351666
2.743465189601647
2.4237949406953985
3.431286772251354
2.25
1.1488348542809166
3.978264139455009
3.1692486956952335
2.3764281306111803
0.7219280948873623
2.791200464805918
3.3610948762786146
3.9406279469079384
2.038159681645953
3.8364662672886314
3.9308136636131303
3.0971348863142643
2.4416298737872246
4.107640231149078
1.6729330318733675
2.375
1.9502120649147467
2.7008257945180887
4.135114215902435
0.5665095065529053
2.125814583693911
2.5005478250578475
2.4219280948873623
3.998365453508299
3.1299133176846836
2.746439344671016
1.6456780552463373
2.774693951646702
2.322756958897399
1.224394445405986
2.2533656815410223
4.046765925373952
2.614369445886757
2.2841591278514217
1.8542858719872461
2.2841591278514217
3.0929480695548337
3.0518411137950774
2.7715107774877747
3.1708181630452725
3.996229544172142
3.6499844950373648
2.5662362455041787
1.5487949406953985
3.968083209164022
0.0
2.771782221599798
1.7273966735744792
2.841917186688699
3.3509265721266446
4.0172012247865725
2.4613201402110083
1.5487949406953985
0.9864267287308424
3.0322358992484606
3.0576207008936898
2.881706277574313
3.3203014193909857
2.6136888368523112
2.7815846456226323
2.103909910282364
3.6056453791736054
3.236857303422074
3.735601387923587
3.817228192363311
3.9474475865316716
3.9474475865316716
4.118690950666488
4.118690950666488
4.030352773594707
1.7709505944546688
3.830207840003186
1.8542858719872461
4.146711403330013
3.1307501784370424
3.263809173883547
3.334997872854048
3.146583483976331
2.9756518064366757
3.2442705269325947
1.6854752972273344
3.945959605052363
3.3487570080449465
2.82306798227366
4.080777683792068
3.0340876201146316
2.940676218814983
3.133400916658723
4.077050159822302
1.5025342603810576
0.8112781244591328
2.0306189948485174
3.179006169944057
2.1887870678023824
2.959868358901741
3.7970714968635053
3.889977125913762
3.4903270734449907
4.040082710955766
1.3567796494470397
2.4613201402110083
3.1898079871327485
2.662879017416168
2.348302077528035
2.1506683052938347
2.3023531751341566
1.7169171866886992
2.764400161711624
2.6504994131721387
2.72251051010931
3.0519663694968195
3.8428611150289793
3.8428611150289793
3.8428611150289793
2.992587364934983
3.93410582375742
1.2516291673878228
2.0
4.140275067066431
1.9591479170272446
2.9858237294625565
3.8410042970695075
2.309296668237004
4.0750148010992975
1.6894822670191825
1.822815600352516
2.2585728843419157
2.7702834614222893
3.199412119264705
0.7219280948873623
2.292481250360578
3.2211967981168645
4.047649292223028
3.4381669888865596
3.369206737594027
3.9872694520741416
3.1697403982823835
3.1697403982823835
3.8707315670563984
0.7219280948873623
2.9095486334431926
3.0372809644850416
3.2048894517332402
3.897114122262736
1.896240625180289
4.034825739299432
1.0957952550009336
2.0311836644228602
0.6500224216483541
3.878730738677042
2.8014036745597606
3.18730218386995
2.770687633170622
2.582059910580257
1.4182958340544896
2.8868421881310122
2.83256087505669
2.692380602454975
4.02841741933345
4.014791227240333
3.3979224424047754
3.8998280628805193
2.3991303913908
1.0957952550009336
1.8542858719872461
2.781453645923478
3.909006467344235
2.6297493293878453
3.3193956051503144
2.5820599105802575
3.2673757978160416
2.910440495218581
4.168254370950505
0.0
2.1054105870684143
3.88581602568636
2.816307519224645
4.112467003609559
1.4466166676282082
2.3432578733442675
3.5815278377863096
4.052943601806002
3.5470419330368035
2.1800365325772657
2.9468374992530824
3.3700920147903335
3.926471547913703
3.926471547913703
3.0453010864917958
3.3636085007312415
2.8522170014624826
3.167673697056429
1.5487949406953985
3.9174966739573645
2.901044990866793
2.6982144715653256
0.7219280948873623
2.855953642864355
2.350209029099897
2.1887870678023824
2.5210464599278857
3.8209139770187766
1.6767370300521325
2.0989295636909353
4.057057909984239
3.0265910932559708
1.2776134368191154
2.9924136099563015
0.6500224216483541
2.3745560483818835
3.9906391018070138
2.764400161711624
2.7499412381433195
3.2239756381488216
2.9995812306460645
3.4042715900718337
3.9081384157750394
0.6500224216483541
1.6644977792004614
2.9751190649408663
3.4845279187773226
2.6841837197791887
3.105388542207534
2.125814583693911
1.780672129520887
2.7655953473573045
2.90844792474399
3.1219830885354454
4.049659132200256
1.6729330318733675
2.077235445408308
1.8751310486364097
2.774397470347699
3.9661152431350892
2.279799131837405
3.5096198557867573
1.8542858719872461
3.9205538685270507
2.8014036745597606
2.8927022426433835
2.770283461422289
3.840443937670406
3.2221636827462268
2.1800365325772657
3.907388051842169
1.5487949406953985
3.815234286100685
3.815234286100685
4.119960202650875
2.005977711423774
3.4994738723807215
3.68659999050748
3.3342080146761353
3.7279773945724353
2.5841837197791886
3.1754297013527024
1.871602261409798
2.535857775918279
3.9039818205809045
2.0
4.072004478932551
3.556369774570174
3.613983664777811
3.7958751822380963
3.067962447950626
2.1416195253341384
3.039762853839604
2.7847728337743964
1.1488348542809166
3.9979483976387735
2.058813890331201
2.0349409139562287
3.382568083276076
3.4676694465277844
2.390319531114783
3.5429018560422705
2.6881020701914804
0.7219280948873623
3.4753233143934747
4.003184613371282
4.003184613371282
3.004582217613529
2.113283334294875
2.588456377350588
3.418201444127885
2.640596682429436
2.640596682429436
3.494413603900626
2.9300172250912615
2.9500126881623325
2.614369445886757
4.083396692116345
4.118929493021506
3.4636802853072415
0.6500224216483541
1.1567796494470395
2.614369445886757
1.8288713632524445
3.3300199670479707
1.4913146570363986
3.394814992874886
3.6011703467917076
2.292481250360578
2.0626292251414347
3.356278325184215
4.079613443459207
2.3158243335257076
3.5297792890826862
3.1524474880231264
4.1770242713450685
4.1770242713450685
3.532549715041597
3.532549715041597
3.2498677622562893
0.863120568566631
3.10543051648329
3.1900616179453083
3.3216069583883465
2.7429838339264343
2.775295571794543
3.0540969647593883
3.1067676741697468
2.9291417256406964
2.475273234346241
4.0276721029794444
2.345851989338261
3.2437357573361987
3.2382953819095213
1.4466166676282082
4.0675537583162695
1.6577427265048887
3.4189611955679697
4.109710502479459
2.97965869499932
2.466247897312731
2.7742433029172697
4.098440410263207
1.2516291673878228
2.879706048806279
3.321162659369415
3.4332062193464945
3.0326430537755846
4.006110054700839
1.9219280948873623
1.9591479170272446
2.946837499253083
3.36501790282909
3.3790026174822074
0.6500224216483541
3.0580877386456997
2.945911549687593
3.0532259403723696
1.5510981710072647
3.1470807149070423
0.0
3.000972825245975
2.4705570854766368
3.9305942019387525
4.001749936568573
3.0022237200774167
3.299404384795303
3.353269689515108
4.013853916733803
4.013853916733803
3.4496446276032584
3.216716631273429
2.9463875191311275
3.010434089033337
1.7527152789797045
1.6644977792004614
3.2098671219040353
3.4303753950428355
2.63258747530508
3.080424344959478
3.398257531739018
3.3274228977918123
3.879192014041839
3.326597655573916
3.5132696895151074
3.94544519335287
3.5977885811475985
2.251629167387823
2.9329993066372895
2.815922063835166
4.030558763660873
3.2273725820018506
3.3278314633762536
3.187688157520187
3.5099686126368166
3.4532503422262035
3.6464349058728724
4.074590248010616
3.262845380153417
2.217021885879718
2.965527262266083
3.9710364049253166
3.9710364049253166
4.070182299587322
3.1746742319786425
2.4211274733371866
3.5071273521802215
1.6140054628542202
3.5498008763572906
2.846301807967663
3.163060373057207
2.751610325528167
3.9112723801129095
4.168319396098687
2.2096909728231857
2.500503832755768
2.9901794754004443
2.199687794731328
3.2876878900165245
1.903967813087766
2.990469567846577
3.414997302659251
1.971747257128181
3.105388542207534
4.038332962586392
4.038332962586392
3.406642489385678
3.4088132572058143
3.1572682296173897
3.4018676446318707
3.757769589167039
2.984194268792853
2.984194268792853
3.9382238985822493
2.005977711423774
1.5709505944546687
2.2877837199410704
3.1368421881310122
3.667532746695532
2.9274569096349254
2.8401998765158556
3.517894147619623
2.777173370585078
3.049882305379864
2.8344032155515597
3.667854146376182
3.667854146376182
2.9253269757593965
3.407084517199068
