Shannon_Entropy
1.9182958340544896
1.2516291673878228
1.0
1.0
1.4591479170272448
0.9709505944546686
1.5219280948873621
1.2516291673878228
1.0
0.7219280948873623
0.0
0.9182958340544896
1.0
0.9182958340544896
1.4591479170272446
1.0
1.0
1.2516291673878228
0.9709505944546686
1.0
0.0
0.0
1.5219280948873621
1.5219280948873621
1.2516291673878228
1.4591479170272448
0.0
1.4591479170272448
0.0
0.7219280948873623
0.6500224216483541
1.0
0.6500224216483541
0.8453509366224364
1.0
0.6500224216483541
0.8112781244591328
0.6500224216483541
0.7219280948873623
1.0
0.0
1.0
1.0
0.5435644431995964
1.0
1.4591479170272446
0.9709505944546686
1.0
1.584962500721156
0.0
0.0
0.9709505944546686
1.4591479170272446
0.0
1.4591479170272448
0.0
0.0
1.780672129520887
1.0
0.0
0.0
1.4591479170272446
0.0
1.2516291673878228
0.9709505944546686
1.0
0.6500224216483541
1.0
0.0
0.6500224216483541
1.4591479170272448
1.9182958340544896
1.4591479170272448
0.9182958340544896
1.0
1.1488348542809166
1.8423709931771086
0.9709505944546686
0.0
1.584962500721156
1.7527152789797047
0.0
1.0
1.5219280948873621
1.2516291673878228
0.7219280948873623
1.0
1.4591479170272446
0.9182958340544896
0.0
0.0
0.0
0.9709505944546686
1.0
1.0
0.9709505944546686
1.4591479170272446
0.0
1.0
0.0
0.7219280948873623
1.2516291673878228
1.584962500721156
1.0
1.2516291673878228
2.0464393446710156
0.0
1.4591479170272446
0.9182958340544896
1.0
1.0
1.7527152789797045
0.7219280948873623
1.0
1.0
1.0
0.7219280948873623
1.8423709931771086
1.5219280948873621
0.0
1.4488156357251847
0.0
1.0
1.4591479170272448
1.0
1.5219280948873621
1.8910611120726526
1.9182958340544896
1.2516291673878228
1.0
0.0
1.9182958340544896
2.25
1.9182958340544896
1.4591479170272448
1.9182958340544896
1.5219280948873621
1.0
1.0
0.0
1.1488348542809166
0.7219280948873623
0.0
0.0
0.0
1.0
1.0
1.0
1.0
1.0
1.3787834934861753
1.0
0.9709505944546686
2.064042639445697
0.0
0.6500224216483541
0.9709505944546686
0.0
1.2987949406953985
0.0
1.0
1.5219280948873621
1.0
1.188721875540867
1.9056390622295665
1.75
1.0
1.4591479170272448
0.9182958340544896
1.0
0.0
1.0
1.3787834934861753
0.7219280948873623
1.3567796494470397
1.0
0.7219280948873623
0.9709505944546686
1.4488156357251847
1.509968612636817
1.1488348542809166
1.0
0.0
0.7219280948873623
1.2516291673878228
1.3609640474436813
1.4591479170272448
0.863120568566631
1.0
1.0
1.0
1.5219280948873621
1.6577427265048887
1.5
0.7219280948873623
1.0
1.6858157091530304
1.1488348542809166
0.9182958340544896
0.9182958340544896
1.683278944147816
1.1567796494470395
2.5791722720787558
1.4591479170272448
0.7219280948873623
0.0
1.0
1.0
0.7219280948873623
1.0
1.061278124459133
0.0
1.584962500721156
0.9709505944546686
1.2516291673878228
1.9182958340544896
0.7219280948873623
1.0
1.0
1.8423709931771084
0.0
1.9502120649147465
1.0
1.0
0.7219280948873623
0.0
1.0
0.0
1.0
0.9709505944546686
1.0
0.9182958340544896
0.7219280948873623
1.0
1.9182958340544896
1.0
1.0
1.5219280948873621
0.0
0.0
1.0
1.0
1.3787834934861753
1.7219280948873623
1.2516291673878228
0.9709505944546686
1.3787834934861753
2.0
1.584962500721156
1.2516291673878228
1.0
0.9182958340544896
1.1401156785146092
1.0
1.9182958340544896
1.0
1.0
1.9182958340544896
1.2516291673878228
0.7219280948873623
1.0
0.6500224216483541
1.562688039303908
0.0
1.0
1.0
0.0
1.1567796494470395
1.0
1.4591479170272448
1.0
1.9182958340544896
1.2987949406953985
0.9182958340544896
0.0
0.0
1.0
1.0
1.0
1.0
1.5219280948873621
1.5219280948873621
0.863120568566631
1.9182958340544896
0.6500224216483541
1.75
1.8910611120726526
1.061278124459133
1.0
1.0
0.0
1.4056390622295665
0.7219280948873623
1.0
0.8658566174572235
1.0
1.0
1.584962500721156
1.2516291673878228
1.2516291673878228
1.1488348542809166
1.0
1.4591479170272448
1.0
1.0
1.0
2.25
1.5219280948873621
1.9182958340544896
0.0
0.7219280948873623
1.2516291673878228
1.4056390622295665
1.9182958340544896
0.0
1.8423709931771084
1.0
0.5435644431995964
1.0
0.7219280948873623
0.0
0.7219280948873623
1.9182958340544896
1.0
1.573402452417767
0.0
0.9709505944546686
1.0
1.5219280948873621
1.4466166676282082
1.9182958340544896
1.0
0.0
0.0
0.863120568566631
0.9709505944546686
0.7219280948873623
0.0
1.4591479170272448
0.7219280948873623
1.2516291673878228
0.9709505944546686
1.584962500721156
1.2516291673878228
1.9182958340544896
1.2516291673878228
1.2516291673878228
0.6500224216483541
1.0
0.9182958340544896
1.8423709931771086
0.0
1.75
0.863120568566631
1.0
1.0
0.7219280948873623
0.9709505944546686
0.9182958340544896
0.6500224216483541
0.9709505944546686
1.5219280948873621
1.75
0.9709505944546686
1.2987949406953985
0.9709505944546686
1.2516291673878228
0.0
0.9182958340544896
1.0
1.4591479170272446
1.2516291673878228
1.2516291673878228
0.0
0.0
0.0
0.0
0.0
1.5219280948873621
2.121928094887362
0.0
0.0
1.0
0.9182958340544896
1.0
1.4056390622295665
1.3787834934861753
1.9182958340544896
0.0
1.0
0.9709505944546686
1.2516291673878228
1.9182958340544896
1.9502120649147465
0.7219280948873623
0.0
1.7527152789797045
1.0
0.9709505944546686
0.0
1.584962500721156
0.0
1.5219280948873621
1.9182958340544896
1.2516291673878228
0.9709505944546686
0.9182958340544896
1.0
1.7527152789797045
0.7219280948873623
0.0
0.9182958340544896
0.7219280948873623
1.584962500721156
1.0
0.0
1.0
1.9591479170272446
1.3787834934861753
0.9182958340544896
0.7219280948873623
1.5219280948873621
0.0
1.2516291673878228
0.0
0.863120568566631
1.8423709931771084
0.9219280948873623
1.8919954870390203
1.0
0.9709505944546686
1.0
0.9852281360342515
1.4056390622295665
0.7219280948873623
0.0
0.0
1.0
1.2516291673878228
1.584962500721156
1.0
1.2516291673878228
1.584962500721156
0.9709505944546686
1.0
0.9709505944546686
0.0
0.9852281360342515
1.2516291673878228
1.0
1.1488348542809166
1.2516291673878228
1.0
0.0
1.721928094887362
1.4591479170272446
1.584962500721156
1.0
1.4056390622295665
1.2516291673878228
1.2516291673878228
1.5219280948873621
1.0
0.0
1.0
1.9056390622295665
0.9709505944546686
1.584962500721156
1.2516291673878228
1.3609640474436813
1.2516291673878228
0.7219280948873623
0.0
0.0
0.0
0.0
1.0
1.0
0.0
1.0
0.7219280948873623
2.0989295636909353
1.75
1.4591479170272448
1.9609640474436814
1.0
1.2516291673878228
1.0
0.9709505944546686
0.0
0.9709505944546686
0.7219280948873623
0.0
1.0
1.9182958340544896
0.9864267287308424
0.9219280948873623
0.0
0.0
0.0
1.3787834934861753
1.1488348542809166
1.5219280948873621
1.1488348542809166
1.0
1.0
1.3787834934861753
1.0
1.974937501201927
1.0
0.0
1.0
1.0
1.0
1.0
1.5219280948873621
1.0
2.1219280948873624
1.2516291673878228
0.9709505944546686
1.2516291673878228
1.0
1.1488348542809166
0.9182958340544896
1.3787834934861753
1.0
0.0
0.0
1.0
1.0
0.9709505944546686
1.0
1.75
1.9182958340544896
1.2516291673878228
1.4591479170272448
1.4591479170272448
0.9182958340544896
0.7219280948873623
0.0
0.9709505944546686
0.9709505944546686
1.0
0.9709505944546686
1.0
1.9182958340544896
0.9709505944546686
1.2516291673878228
1.0
1.0
1.2516291673878228
1.2516291673878228
1.2516291673878228
1.2516291673878228
0.6500224216483541
1.0
0.5916727785823275
0.0
1.0
0.7219280948873623
1.0
0.9709505944546686
0.0
1.8250112108241772
1.2516291673878228
1.0
0.9709505944546686
1.584962500721156
0.6500224216483541
0.9182958340544896
0.9852281360342515
1.2516291673878228
0.0
0.0
1.3787834934861753
1.0
1.7609640474436812
2.2303083326692295
0.9852281360342515
2.4116022179746714
1.3787834934861753
1.5566567074628228
0.0
1.0
0.0
2.084962500721156
0.9852281360342515
0.9709505944546686
0.7219280948873623
1.5219280948873621
0.6500224216483541
1.3787834934861753
1.1488348542809166
0.7219280948873623
1.0
0.0
0.6500224216483541
1.5219280948873621
1.3787834934861753
0.7219280948873623
0.9910760598382222
1.0
1.0
1.0
1.1567796494470395
0.9852281360342515
1.0
1.5219280948873621
0.0
2.058813890331201
1.971747257128181
1.0
0.7219280948873623
1.0
1.0
1.7841591278514217
0.0
1.4591479170272446
1.0
0.0
0.0
0.9182958340544896
0.0
1.0
0.9852281360342515
1.0
0.0
0.0
0.7219280948873623
1.0
0.7219280948873623
1.0
1.2516291673878228
1.0
0.7219280948873623
1.3787834934861753
0.0
1.4591479170272446
1.0
0.0
1.2516291673878228
1.9182958340544896
1.584962500721156
0.7642045065086203
1.061278124459133
1.1488348542809166
1.9182958340544896
1.4591479170272448
1.0
0.9182958340544896
1.0
1.0
2.197159723424149
0.0
1.061278124459133
1.3787834934861753
1.4591479170272446
0.5916727785823275
0.0
0.0
0.9709505944546686
1.811278124459133
0.0
1.8423709931771086
0.7219280948873623
0.9709505944546686
0.9709505944546686
1.0
1.0
2.058813890331201
0.7219280948873623
0.0
0.0
0.9709505944546686
0.863120568566631
1.0
1.2516291673878228
1.75
1.4466166676282082
0.7219280948873623
0.9709505944546686
0.0
0.0
1.75
1.5219280948873621
1.5219280948873621
1.5
1.9502120649147465
1.0
1.9182958340544896
1.4591479170272446
1.2516291673878228
1.0
1.0
1.0
1.1488348542809166
1.5219280948873621
0.5916727785823275
1.5304930567574826
0.0
1.4911148500551858
1.0
1.0
1.0
1.4591479170272446
1.2516291673878228
0.0
1.9182958340544896
0.9709505944546686
0.0
1.2516291673878228
0.9709505944546686
0.9709505944546686
1.0
1.0
1.9182958340544896
1.9182958340544896
1.9182958340544896
1.9182958340544896
1.789929075309999
1.0
1.4591479170272446
1.0
0.9709505944546686
1.0
1.8423709931771084
0.0
1.0
0.0
1.2516291673878228
1.4591479170272448
0.9852281360342515
1.0
0.0
0.7219280948873623
0.9709505944546686
1.0
1.0
1.4056390622295665
1.2987949406953985
0.0
1.2987949406953985
1.0
1.4911148500551854
1.0
0.9709505944546686
0.9182958340544896
0.0
0.7219280948873623
1.5709505944546687
2.1867043459100244
1.0
1.4488156357251847
2.25
0.9709505944546686
1.0
0.9709505944546686
1.4591479170272448
0.9852281360342515
1.061278124459133
1.2516291673878228
1.2516291673878228
0.5916727785823275
1.2516291673878228
0.0
1.6577427265048887
0.7219280948873623
0.9709505944546686
0.0
1.0
0.9182958340544896
0.0
0.0
0.7219280948873623
0.0
1.0
1.0
1.0
1.9182958340544896
0.9709505944546686
1.2516291673878228
0.0
0.7219280948873623
1.9852281360342514
1.0
1.061278124459133
1.1488348542809166
1.2776134368191154
1.584962500721156
1.0
0.0
1.561278124459133
1.0
1.9182958340544896
0.0
1.5219280948873621
0.0
0.7642045065086203
1.2516291673878228
0.6500224216483541
1.9182958340544896
1.75
0.9709505944546686
2.1219280948873624
1.2516291673878228
1.0
1.0
1.2516291673878228
0.9852281360342515
1.9182958340544896
0.7219280948873623
1.75
1.9182958340544896
1.2516291673878228
0.4689955935892812
1.0
0.0
1.0
0.9852281360342515
0.0
0.0
0.0
1.061278124459133
0.0
1.4591479170272446
1.0
1.2516291673878228
0.9182958340544896
1.5566567074628228
0.8453509366224364
0.0
1.4911148500551858
0.863120568566631
0.7219280948873623
1.6140054628542202
1.7709505944546688
0.0
1.2516291673878228
0.0
0.0
1.3787834934861753
1.0
1.2516291673878228
0.9709505944546686
0.7219280948873623
1.6577427265048887
1.9182958340544896
1.0
0.9709505944546686
1.0
1.0
1.0
1.0
1.0
1.0
0.9864267287308424
1.0
1.0
1.0
1.0
1.2516291673878228
0.0
0.9864267287308424
0.7219280948873623
0.9182958340544896
1.6854752972273344
1.5304930567574824
1.2516291673878228
1.2516291673878228
0.5032583347756457
1.0
0.0
0.9182958340544896
0.0
0.5916727785823275
1.2516291673878228
1.0
0.9709505944546686
1.0
1.0
1.5566567074628228
0.0
1.789929075309999
0.9709505944546686
0.7219280948873623
0.7219280948873623
2.321928094887362
1.7527152789797045
1.780672129520887
0.0
1.0
1.4591479170272446
0.9709505944546686
0.0
2.004886164091843
1.4949188482339508
0.9709505944546686
0.9709505944546686
0.9709505944546686
0.9709505944546686
1.9502120649147465
1.0
2.25
0.9709505944546686
1.4591479170272448
1.0
0.9182958340544896
1.5219280948873621
0.6500224216483541
1.2516291673878228
1.2516291673878228
1.0
1.9852281360342516
1.1488348542809166
1.0
0.9709505944546686
1.0
1.0
0.7219280948873623
1.0
0.0
0.0
1.5304930567574826
1.0
0.9709505944546686
1.0
1.1488348542809166
0.9709505944546686
1.0
0.0
1.5219280948873621
0.5665095065529053
1.584962500721156
0.0
0.0
0.9182958340544896
1.0949143184120975
0.0
0.0
1.0
0.9182958340544896
0.0
0.0
0.863120568566631
1.9877733714879842
1.2987949406953985
0.9709505944546686
0.7219280948873623
0.0
0.9709505944546686
1.2516291673878228
1.1488348542809166
1.0
1.0
0.0
0.7219280948873623
1.2516291673878228
1.0
0.0
1.75
1.484684315278138
1.0
0.6500224216483541
1.5219280948873621
0.9182958340544896
0.0
1.4466166676282082
1.0
1.5510981710072647
1.0
1.5219280948873621
1.2958363892911637
2.128085278891394
0.9182958340544896
1.2987949406953985
1.0
1.224394445405986
1.4127413029424614
1.9056390622295665
1.2516291673878228
0.9182958340544896
1.0
1.0
1.0
1.0
1.2516291673878228
1.2516291673878228
1.0
1.0
1.0
1.0
0.0
1.2516291673878228
1.2516291673878228
0.7219280948873623
0.9709505944546686
2.1219280948873624
1.4056390622295665
0.0
1.0
0.9709505944546686
1.0
0.0
1.0
1.0
1.0
1.5219280948873621
1.0
2.199687794731328
1.7527152789797045
0.0
1.5219280948873621
1.0
1.1488348542809166
1.0
1.0
0.0
1.0
1.0
1.0
1.8365916681089791
1.0
1.4591479170272448
0.9709505944546686
1.2516291673878228
1.0
0.9709505944546686
1.6171895725927152
0.9709505944546686
1.0
1.0
0.0
0.9709505944546686
1.0
1.9182084341546166
0.9852281360342515
1.4591479170272448
0.6500224216483541
1.836591668108979
0.9182958340544896
1.0
1.584962500721156
1.0
1.8423709931771084
1.0
1.5219280948873621
1.5219280948873621
1.2516291673878228
0.7219280948873623
0.0
0.9709505944546686
1.0
1.2516291673878228
0.0
1.1488348542809166
1.4591479170272446
1.5219280948873621
1.0
1.5219280948873621
1.9182958340544896
1.3787834934861753
1.2516291673878228
0.0
1.5709505944546687
0.9852281360342515
0.9709505944546686
1.0
0.0
1.0
0.0
1.3787834934861753
1.5032583347756456
1.8423709931771084
1.9502120649147465
1.9502120649147465
0.0
1.0
1.1488348542809166
0.0
1.4488156357251847
0.0
1.0
2.5219280948873624
0.9709505944546686
0.9709505944546686
1.0
1.0
0.0
1.0
1.3787834934861753
1.2987949406953985
1.1488348542809166
1.584962500721156
0.7219280948873623
0.0
0.0
1.721928094887362
0.0
1.2516291673878228
0.9182958340544896
1.2516291673878228
1.0
1.5219280948873621
0.5916727785823275
1.2516291673878228
1.5219280948873621
1.2516291673878228
1.0
1.0
1.3221793455166666
0.0
1.2516291673878228
1.6258145836939115
1.789929075309999
0.7219280948873623
0.9182958340544896
1.0
0.954434002924965
0.9709505944546686
0.9709505944546686
0.8453509366224364
1.0
0.9182958340544896
1.2516291673878228
1.0957952550009336
1.9808259362290785
1.0
1.9182958340544896
0.9709505944546686
0.7219280948873623
1.2987949406953985
1.5
1.5219280948873621
1.4591479170272446
0.9182958340544896
0.0
1.2516291673878228
0.7219280948873623
0.0
1.2516291673878228
0.7219280948873623
1.6113834567195195
1.0
1.3995812306460644
1.918208434154617
1.4591479170272446
0.9709505944546686
2.0464393446710156
0.0
1.2516291673878228
1.0
0.0
1.0
0.0
0.863120568566631
2.3685225277282065
1.9182958340544896
0.7219280948873623
0.0
1.061278124459133
0.9709505944546686
1.0
1.0
1.0
1.5219280948873621
0.6500224216483541
0.0
1.9182958340544896
0.0
1.0
1.0
1.9056390622295665
0.7219280948873623
0.0
1.1488348542809166
0.0
0.0
0.9182958340544896
2.125814583693911
1.0
1.0
1.5566567074628228
1.0
1.0
0.7219280948873623
1.584962500721156
1.5219280948873621
1.0
0.0
0.9709505944546686
0.0
0.9182958340544896
1.0
0.0
2.1219280948873624
1.836591668108979
1.0
1.4591479170272446
1.5566567074628228
0.7219280948873623
1.0
0.0
0.0
0.9182958340544896
0.7219280948873623
0.0
1.0
1.8365916681089791
1.9056390622295665
0.7219280948873623
1.4056390622295665
1.0
0.0
0.9709505944546686
0.7219280948873623
1.2516291673878228
1.0
0.9709505944546686
1.0
1.9502120649147465
0.0
2.321928094887362
0.8812908992306927
1.0
1.9182958340544896
0.5916727785823275
0.0
0.0
1.5219280948873621
0.0
1.1488348542809166
0.0
1.0
1.0
1.1488348542809166
1.0
1.0
1.5219280948873621
0.9709505944546686
1.5219280948873621
1.0
0.0
1.0
0.9709505944546686
1.2516291673878228
1.0
1.0
1.1488348542809166
1.1488348542809166
1.7841591278514217
0.7219280948873623
1.0
1.9182958340544896
0.0
1.8423709931771086
1.0
0.9864267287308424
0.9709505944546686
1.5219280948873621
1.9182958340544896
0.6500224216483541
1.0
2.355388542207534
1.0
1.75
1.3609640474436813
0.9852281360342515
1.4056390622295665
1.5219280948873621
0.7219280948873623
0.5435644431995964
1.5219280948873621
1.0
1.0
1.5219280948873621
0.9852281360342515
1.584962500721156
1.0
1.0
1.3787834934861753
0.0
0.0
0.9709505944546686
1.5219280948873621
1.0
0.0
0.7219280948873623
1.0
1.0
0.6500224216483541
1.2516291673878228
0.0
1.9056390622295665
0.9709505944546686
1.061278124459133
1.0
0.0
0.9852281360342515
0.0
0.0
0.9709505944546686
1.0
0.9709505944546686
1.0
0.0
1.584962500721156
1.0
1.2406705316766884
1.0
1.4591479170272448
0.9709505944546686
1.9182958340544896
0.9709505944546686
1.2516291673878228
0.0
1.4591479170272446
1.2516291673878228
0.0
1.584962500721156
1.9056390622295665
1.8804820237218407
1.542242258969757
1.5289659680720937
1.6257406062580089
0.6500224216483541
1.0
1.2516291673878228
1.5219280948873621
1.584962500721156
0.0
1.0
0.9709505944546686
1.3787834934861753
1.5219280948873621
2.161978179679554
1.9182958340544896
1.823067982273661
1.0
1.0
0.7219280948873623
0.0
1.0
1.0
1.0
1.5219280948873621
1.0
1.0
0.9182958340544896
0.9709505944546686
1.3787834934861753
1.0
0.0
1.9182958340544896
1.224394445405986
1.9182958340544896
0.6500224216483541
1.9182958340544896
1.5219280948873621
0.9182958340544896
1.5219280948873621
1.0
2.0
1.0
1.2516291673878228
1.8910611120726526
1.75
1.5219280948873621
1.0
0.7219280948873623
0.9709505944546686
1.0
1.0
0.0
0.0
1.0
